$SPEC_ID:
No sample description was entered.
$SPEC_REM:
DET# 1
DETDESC# MCB 337
AP# Maestro Version 6.06
$DATE_MEA:
07/31/2020 15:36:38
$MEAS_TIM:
8797 8800
$DATA:
0 1023
       0
       0
       0
       0
       0
       0
       0
       0
       0
       0
       0
       0
       0
       0
       0
       0
       0
       0
       0
       0
       0
       0
      39
     113
      70
     109
      76
      94
      88
     100
      77
      79
      69
      84
      74
      71
      82
      55
      62
      65
      63
      52
      68
      73
      59
      68
      53
      69
      59
      56
      76
      68
      43
      62
      61
      43
      56
      55
      63
      58
      51
      47
      58
      41
      43
      61
      56
      53
      55
      53
      62
      55
      65
      50
      57
      40
      45
      43
      58
      48
      49
      44
      42
      42
      48
      30
      35
      32
      34
      39
      42
      51
      36
      33
      45
      41
      43
      46
      36
      34
      39
      29
      47
      44
      40
      36
      34
      43
      39
      33
      40
      39
      44
      38
      28
      36
      41
      37
      27
      35
      24
      28
      32
      28
      38
      32
      37
      24
      37
      31
      31
      43
      39
      33
      39
      28
      22
      22
      43
      34
      31
      38
      34
      23
      33
      36
      28
      41
      42
      36
      32
      38
      31
      27
      26
      42
      33
      24
      29
      27
      24
      21
      24
      33
      31
      24
      43
      34
      31
      33
      30
      25
      31
      46
      26
      21
      30
      23
      33
      32
      36
      31
      21
      25
      26
      29
      30
      29
      26
      32
      35
      27
      40
      27
      35
      26
      35
      25
      26
      30
      41
      32
      37
      31
      19
      29
      28
      30
      31
      26
      27
      33
      20
      25
      18
      24
      29
      32
      19
      26
      24
      33
      21
      33
      26
      37
      24
      40
      32
      26
      21
      29
      26
      22
      32
      30
      21
      28
      30
      34
      25
      27
      21
      25
      22
      29
      24
      30
      25
      14
      24
      26
      26
      26
      22
      23
      27
      32
      23
      28
      33
      31
      28
      28
      24
      27
      14
      21
      29
      18
      13
      17
      28
      20
      24
      26
      30
      22
      22
      28
      29
      19
      26
      20
      25
      17
      20
      18
      24
      20
      20
      25
      27
      28
      29
      27
      18
      25
      26
      29
      27
      24
      29
      22
      17
      19
      22
      24
      15
      19
      21
      17
      21
      15
      21
      25
      19
      23
      36
      14
      16
      25
      29
      13
      25
      35
      28
      22
      22
      23
      23
      24
      27
      20
      20
      19
      19
      21
      27
      18
      18
      23
      28
      20
      28
      20
      16
      29
      26
      22
      28
      23
      26
      25
      34
      30
      25
      23
      14
      20
      20
      26
      22
      20
      23
      30
      20
      30
      18
      32
      23
      19
      23
      25
      20
      29
      28
      22
      23
      32
      27
      18
      13
      25
      23
      16
      21
      21
      20
      19
      21
      24
      21
      22
      22
      20
      26
      22
      25
      23
      24
      27
      29
      27
      21
      21
      27
      28
      21
      13
      21
      22
      29
      17
      14
      29
      25
      25
      19
      28
      21
      29
      32
      21
      20
      16
      23
      24
      20
      17
      15
      15
      22
      19
      21
      21
      26
      25
      15
      14
      19
      20
      21
      15
      27
      23
      14
      18
      23
      25
      22
      15
      15
      26
      14
      19
      16
      13
      30
      16
      14
      19
      28
      17
      19
      22
      19
      28
      17
      25
      20
      12
      20
      20
      22
      14
      25
      23
      18
      19
      24
      25
      14
      14
      21
      19
      20
      20
      18
      24
      23
      23
      22
      15
      31
      14
      26
      16
      23
      18
      14
      23
      18
      16
      28
      17
      17
      27
      24
      22
      30
      19
      26
      21
      26
      20
      20
      25
      25
      25
      21
      24
      24
      28
      25
      15
      14
      16
      20
      22
      23
      22
      33
      20
      30
      14
      19
      17
      32
       9
      27
      24
      29
      26
      15
      28
      25
      22
      25
      22
      19
      35
      25
      26
      24
      21
      15
      16
      17
      31
      22
      19
      23
      15
      26
      28
      21
      14
      14
      15
      26
      18
      23
      29
      17
      21
      25
      12
      16
      17
      33
      20
      24
      20
      22
      24
      21
      18
      19
      18
      16
      19
      24
      27
      22
      26
      23
      21
      21
      22
      25
      26
      19
      13
      21
      19
      17
      23
      18
      18
      27
      28
      18
      24
      15
      12
      25
      18
      26
      32
      13
      25
      19
      20
      14
      16
      23
      25
      16
      31
      21
      13
      19
      22
      23
      25
      31
      20
      33
      25
      19
      25
      26
      24
      24
      27
      20
      20
      26
      24
      12
      25
      22
      23
      20
      20
      27
      15
      25
      28
      25
      23
      19
      17
      24
      21
      26
      29
      23
      21
      33
      20
      28
      26
      24
      23
      22
      32
      22
      28
      23
      20
      34
      32
      21
      29
      28
      27
      29
      23
      38
      34
      29
      35
      33
      30
      22
      30
      23
      24
      23
      34
      36
      27
      29
      28
      32
      23
      36
      33
      20
      38
      12
      32
      30
      24
      26
      32
      32
      26
      32
      33
      34
      31
      32
      34
      28
      37
      36
      30
      33
      32
      33
      29
      23
      38
      35
      40
      38
      30
      31
      33
      46
      40
      45
      46
      28
      38
      43
      37
      35
      46
      39
      37
      41
      55
      38
      31
      29
      44
      40
      36
      46
      25
      55
      51
      53
      37
      45
      51
      55
      44
      49
      58
      54
      50
      52
      68
      62
      51
      47
      64
      45
      54
      65
      50
      40
      70
      55
      69
      58
      54
      69
      67
      61
      66
      76
      79
      90
      81
      87
      83
     102
      86
     114
      86
      95
     112
      99
     120
     114
     108
     122
     120
     154
     140
     163
     180
     204
     196
     198
     228
     225
     255
     216
     261
     239
     222
     238
     192
     218
     169
     183
     152
     144
     117
     133
     110
      97
     110
      99
      85
     123
      89
      82
      70
      95
      77
      71
      82
      74
      74
      75
      69
      69
      61
      48
      62
      60
      45
      52
      60
      58
      57
      56
      45
      40
      51
      62
      41
      37
      30
      42
      38
      52
      48
      49
      45
      34
      42
      40
      32
      34
      37
      30
      42
      27
      38
      24
      18
      23
      22
      27
      30
      32
      20
      33
      20
      26
      24
      24
      39
      31
      39
      22
      24
      19
      14
      24
      32
      26
      21
      35
      23
      30
      20
      32
      27
      20
      29
      20
      28
      22
      26
      25
      22
      26
      31
      20
      25
      24
      23
      20
      24
      23
      17
      22
      21
      21
      22
      22
      25
      21
      15
      28
      24
      25
      47
      51
      51
      60
      77
      49
      43
      40
      32
      29
      20
      22
      18
      24
      13
      17
      30
      29
      19
      21
      16
      24
      19
      16
      15
      22
      26
      24
      20
      14
      16
      30
      24
      19
      18
      15
      26
      21
      21
      17
      18
      17
      30
      22
      14
      25
      27
      24
      20
      25
      17
      24
      17
      26
     102
      76
      64
      74
      78
      78
      73
      82
      73
      68
      69
      73
      62
      62
      53
      60
      54
      53
      45
      64
      47
      49
      53
$ROI:
0
$PRESETS:
Real Time
8800
0
$ENER_FIT:
0.000000 0.000000
$MCA_CAL:
3
0.000000E+000 0.000000E+000 0.000000E+000 
$SHAPE_CAL:
3
0.000000E+000 0.000000E+000 0.000000E+000
