$SPEC_ID:
No sample description was entered.
$SPEC_REM:
DET# 1
DETDESC# MCB 337
AP# Maestro Version 6.06
$DATE_MEA:
08/04/2020 17:18:24
$MEAS_TIM:
3525 3527
$DATA:
0 1023
       0
       0
       0
       0
       0
       0
       0
       0
       0
       0
       0
       0
       0
       0
       0
       0
       0
       0
       0
       0
       0
       0
      21
      53
      42
      42
      52
      44
      42
      49
      46
      46
      32
      49
      47
      29
      40
      32
      31
      36
      31
      34
      31
      32
      23
      31
      28
      34
      35
      26
      28
      20
      23
      24
      32
      15
      23
      20
      29
      29
      26
      34
      25
      26
      17
      22
      16
      25
      21
      25
      28
      19
      31
      17
      17
      15
      22
      27
      28
      22
      23
      13
      19
      16
      13
      23
      12
      19
      22
      25
      26
      18
      22
      19
      25
      22
      15
      15
      15
      25
      26
      14
      15
      18
      17
      13
      15
      17
      21
      13
      13
      22
      17
      16
      21
      18
      22
      11
      13
      15
      22
      21
      19
      21
      20
      11
      15
      11
      16
      15
      21
      13
      10
      19
      19
       9
      19
      16
      17
      17
      18
      13
      14
      17
      20
      18
      19
      11
      16
      13
      12
      19
      14
      15
      21
      19
      17
      10
      18
      14
      13
      17
      15
      11
      14
      13
      21
      23
      14
      22
      12
      16
      12
      18
      17
      13
      11
       8
      10
      18
      14
      17
      11
      15
      12
      15
      14
      15
      11
      15
      13
      11
      16
      12
       8
      12
      17
      19
      13
      21
      23
      12
      12
      21
      12
      17
      14
       9
      17
       6
      11
      14
      14
      14
      13
      13
      15
      15
      21
      13
      13
      10
      14
      14
      11
      14
      12
       3
      10
       6
      11
      10
      12
      20
      10
      10
      10
       8
      17
      12
      11
      13
       9
      13
       8
       8
      13
      14
      16
      14
      11
      10
      11
      12
       8
      14
      16
      10
      12
       6
      14
      11
      15
       8
      11
      17
      11
      14
      10
      15
      15
      11
       8
      13
       6
       6
      14
      13
       9
      14
       7
      12
       6
      12
      13
      12
       6
      15
      10
       9
      10
      13
      17
      11
      11
      11
       8
      15
      10
       9
      13
       6
      10
       4
      12
      11
      12
      10
       5
      12
       9
       8
       9
      14
       9
      10
       7
       7
      18
       9
      10
       6
      11
      10
      15
       8
      17
      12
       7
      11
       5
       5
      10
      14
      13
       6
      14
       9
       8
      15
       9
       7
      10
       8
      11
      12
      12
      18
      10
      16
      12
       8
      10
      11
       6
       7
       8
      10
       5
      18
       5
      13
       9
      12
      13
      11
      11
      13
       8
       8
       8
       9
      14
       5
      11
      10
      10
      13
      10
       8
      14
      13
      15
       8
      16
      10
       8
       7
      13
      11
       8
      12
       7
      15
       8
      14
      17
       5
       6
       6
      13
       6
       8
      12
      12
       8
      13
      12
       3
      11
       8
      12
       7
      18
      14
       6
      10
       8
      13
      15
       8
       5
      13
      12
       5
       7
      11
       8
       6
       9
       7
       6
       6
       8
       7
       7
       8
      10
       8
       9
      11
       8
      11
      12
       9
       9
       8
       9
       8
      11
       8
      12
      11
      10
      10
       7
      11
       9
       7
       7
      12
      16
       7
       7
       9
       7
       9
       8
      15
       8
      13
       8
       6
       6
       5
       4
      12
      15
      14
      11
      10
       8
       7
       7
      12
      11
       7
       5
       7
      13
      11
      13
      11
      14
       6
      15
       8
      13
       7
      10
      12
      11
       9
       8
       6
       8
       8
       6
      12
      10
      17
      17
      13
      11
      15
      10
       9
      16
       6
      11
       5
       9
      12
       5
       9
      12
      11
       6
      10
      13
      11
      21
       5
      13
      11
       7
       9
      11
      18
       6
      12
       8
       9
      12
      12
      10
      16
      11
       9
      11
      14
      10
       5
       6
       9
      11
       8
      15
      13
      12
       8
      15
      13
      10
      12
      10
      13
       9
      11
       7
      12
       9
       8
       7
      10
       7
      15
      12
      16
       6
       9
       6
       7
       8
       4
      17
       3
      11
       9
      14
      12
       6
      14
      12
       4
       9
      13
      18
      10
      15
       5
       8
       8
       8
      12
       8
      10
      20
      12
      11
       7
      16
      10
       9
      11
       7
      11
      12
      13
       7
      10
       4
       6
      10
       9
      14
       7
      11
      12
       9
      15
      11
      15
      15
       6
      10
      12
      13
      14
       7
       8
       9
       4
      15
      11
      10
      16
       7
      10
      19
       5
      15
       9
      16
      20
      15
      11
      14
      14
      12
      17
      15
      11
      13
      14
      13
      14
      12
      14
      13
      16
      13
      17
      12
      11
      13
      10
      11
      13
      11
      13
      16
       9
      14
      14
      13
      13
      11
      15
      13
      14
      16
       9
      13
      18
      16
      10
      15
      14
      16
      12
       9
      14
       9
      15
      13
      13
      11
      12
      10
      11
      19
      19
      13
      18
      11
      17
      15
       9
      10
      14
      12
      11
      14
      17
      15
       9
      12
      14
      12
      13
      16
      16
      16
      15
      13
      12
      12
      10
      22
      16
      18
      13
      14
      17
      12
      11
      12
      16
      14
      16
      15
      26
      13
      15
      20
      15
      14
      19
      13
      16
      19
      18
      18
      17
      14
      12
      19
      15
      16
      14
      17
      13
      15
      23
      17
      23
      14
      17
      17
      19
      18
       9
      15
      16
      20
      28
      18
      18
      17
       8
      17
      16
      18
      14
      17
      17
      14
      17
      16
      19
      11
      19
      18
      11
      14
      16
      14
      16
      15
      16
      17
      19
      16
      14
      21
      20
      25
      20
      24
      26
      12
      12
      12
      27
      14
      12
      20
      13
      18
      16
       8
      17
      20
      15
      21
      14
      18
      19
      24
      18
      20
      23
      17
      16
      27
      29
      35
      14
      21
      17
      27
      22
      19
      20
      20
      29
      21
      27
      26
      17
      32
      27
      27
      25
      19
      15
      36
      18
      24
      24
      26
      32
      24
      25
      26
      32
      24
      19
      23
      11
      23
      21
      32
      34
      26
      32
      24
      24
      30
      39
      23
      37
      26
      39
      34
      35
      30
      38
      36
      28
      34
      34
      40
      30
      36
      41
      44
      46
      70
      51
      77
      76
      91
      99
      86
      99
     124
     157
     144
     169
     167
     182
     186
     219
     260
     263
     326
     277
     350
     310
     290
     315
     246
     249
     222
     192
     180
     209
     241
     275
     361
     388
     327
     263
     199
     123
      64
      33
      16
       7
      10
      11
       6
       8
       8
       5
       6
       8
       6
       6
       7
       8
      10
       7
      10
       7
      11
       7
       7
      15
       9
      14
       4
       8
      12
      12
       7
       8
       5
       8
       7
       3
      15
       8
       9
      10
       6
       7
       6
      10
       3
      12
      11
       8
       9
      11
      10
       9
      13
      10
      38
      37
      40
      39
      30
      36
      29
      28
      21
      32
      23
      19
      34
      29
      18
      15
      19
      28
      23
      19
      15
      25
      17
$ROI:
0
$PRESETS:
Real Time
3600
0
$ENER_FIT:
0.000000 0.000000
$MCA_CAL:
3
0.000000E+000 0.000000E+000 0.000000E+000 
$SHAPE_CAL:
3
0.000000E+000 0.000000E+000 0.000000E+000
