$SPEC_ID:
No sample description was entered.
$SPEC_REM:
DET# 1
DETDESC# MCB 337
AP# Maestro Version 6.06
$DATE_MEA:
08/11/2020 08:53:29
$MEAS_TIM:
64981 65000
$DATA:
0 1023
       0
       0
       0
       0
       0
       0
       0
       0
       0
       0
       0
       0
       0
       0
       0
       0
       0
       0
       0
       0
       0
       0
     276
     737
     701
     615
     647
     645
     578
     600
     583
     555
     528
     530
     536
     539
     540
     467
     513
     505
     442
     459
     434
     484
     514
     448
     458
     441
     402
     448
     405
     410
     436
     418
     375
     385
     390
     375
     389
     379
     378
     388
     371
     376
     356
     355
     375
     367
     388
     368
     332
     374
     332
     409
     386
     370
     415
     452
     425
     382
     368
     304
     285
     283
     277
     306
     292
     285
     308
     293
     249
     284
     253
     296
     265
     298
     285
     279
     277
     278
     280
     270
     252
     275
     253
     289
     259
     245
     266
     277
     239
     298
     251
     257
     254
     258
     260
     258
     238
     244
     280
     226
     246
     268
     233
     263
     235
     226
     249
     245
     249
     238
     251
     252
     237
     243
     241
     219
     238
     234
     262
     231
     239
     225
     236
     251
     250
     244
     230
     234
     242
     220
     236
     215
     214
     234
     237
     214
     225
     207
     193
     230
     240
     250
     220
     265
     310
     335
     368
     314
     292
     247
     213
     216
     216
     195
     229
     221
     259
     236
     198
     242
     183
     209
     226
     219
     223
     227
     225
     233
     220
     236
     225
     247
     205
     221
     258
     288
     258
     303
     388
     419
     389
     286
     279
     226
     203
     212
     214
     196
     195
     231
     216
     189
     194
     231
     223
     186
     182
     192
     194
     199
     183
     197
     212
     193
     218
     218
     208
     213
     226
     199
     216
     201
     216
     197
     217
     235
     196
     197
     206
     209
     198
     199
     197
     228
     191
     163
     206
     173
     185
     197
     196
     173
     204
     211
     179
     196
     177
     203
     167
     166
     200
     179
     186
     203
     200
     189
     172
     192
     179
     193
     206
     185
     187
     178
     185
     185
     204
     194
     193
     215
     185
     206
     171
     172
     188
     192
     167
     175
     192
     196
     198
     163
     204
     164
     158
     186
     215
     192
     196
     207
     179
     163
     194
     193
     166
     165
     172
     198
     196
     172
     193
     177
     170
     192
     187
     174
     177
     193
     191
     171
     159
     175
     170
     171
     188
     189
     165
     179
     161
     190
     170
     169
     189
     197
     156
     156
     179
     167
     175
     147
     177
     176
     170
     179
     181
     184
     170
     185
     163
     125
     180
     169
     181
     189
     152
     160
     173
     197
     193
     161
     191
     152
     187
     173
     174
     178
     178
     179
     173
     163
     171
     157
     158
     159
     168
     170
     181
     185
     186
     171
     191
     154
     167
     188
     180
     153
     170
     163
     180
     162
     163
     168
     164
     166
     169
     192
     170
     191
     162
     184
     165
     171
     177
     137
     175
     163
     149
     172
     194
     168
     159
     149
     170
     169
     182
     200
     190
     184
     155
     185
     156
     177
     177
     171
     185
     174
     157
     154
     164
     169
     170
     172
     164
     157
     166
     165
     154
     160
     156
     170
     168
     173
     158
     146
     152
     170
     180
     195
     157
     142
     148
     133
     134
     158
     149
     160
     165
     152
     160
     156
     185
     153
     153
     164
     161
     136
     162
     170
     160
     178
     177
     176
     141
     135
     144
     144
     154
     167
     170
     177
     143
     148
     161
     164
     165
     162
     167
     140
     159
     184
     137
     153
     167
     157
     142
     143
     151
     148
     145
     150
     144
     197
     161
     145
     159
     151
     173
     159
     170
     181
     176
     155
     162
     171
     171
     163
     146
     176
     138
     143
     153
     162
     181
     160
     149
     172
     164
     147
     172
     177
     137
     142
     165
     153
     155
     157
     143
     137
     151
     146
     164
     169
     159
     163
     172
     176
     157
     181
     157
     183
     147
     166
     161
     157
     159
     176
     170
     163
     143
     160
     153
     143
     140
     143
     161
     161
     150
     131
     149
     163
     136
     177
     140
     156
     143
     167
     182
     157
     150
     165
     157
     141
     155
     154
     134
     152
     162
     172
     173
     152
     129
     131
     154
     150
     161
     146
     156
     170
     166
     159
     143
     136
     182
     151
     175
     145
     151
     164
     156
     177
     185
     169
     143
     165
     152
     129
     138
     152
     162
     146
     148
     155
     147
     153
     138
     167
     183
     150
     146
     190
     155
     157
     146
     141
     164
     151
     146
     161
     135
     165
     151
     150
     157
     189
     162
     151
     174
     155
     151
     151
     163
     169
     154
     156
     128
     168
     148
     174
     167
     164
     166
     166
     172
     149
     154
     176
     153
     145
     157
     159
     158
     157
     140
     164
     144
     159
     159
     155
     141
     149
     136
     145
     146
     160
     157
     140
     153
     156
     148
     180
     188
     146
     146
     135
     159
     165
     133
     159
     172
     168
     154
     161
     153
     160
     145
     153
     144
     170
     159
     161
     154
     142
     169
     150
     175
     174
     155
     165
     150
     149
     128
     147
     178
     153
     144
     160
     178
     157
     167
     151
     153
     140
     154
     164
     137
     156
     162
     196
     169
     186
     171
     156
     176
     178
     158
     161
     158
     180
     151
     153
     167
     162
     141
     162
     179
     174
     166
     141
     156
     193
     176
     181
     189
     168
     152
     170
     182
     171
     174
     166
     167
     136
     155
     163
     170
     168
     199
     158
     147
     189
     162
     165
     174
     186
     150
     179
     173
     184
     177
     169
     179
     157
     155
     155
     160
     166
     175
     157
     158
     158
     174
     166
     166
     171
     176
     182
     174
     158
     164
     159
     164
     156
     173
     173
     179
     159
     172
     200
     177
     166
     184
     165
     158
     174
     160
     159
     171
     187
     173
     171
     176
     168
     198
     167
     167
     191
     172
     181
     187
     187
     174
     188
     190
     197
     173
     199
     170
     216
     200
     196
     177
     187
     189
     197
     174
     188
     188
     184
     192
     204
     187
     206
     213
     175
     192
     199
     191
     180
     183
     179
     177
     193
     192
     174
     202
     206
     186
     208
     199
     190
     192
     215
     216
     186
     215
     200
     206
     175
     205
     195
     214
     245
     204
     217
     215
     204
     201
     208
     226
     257
     215
     253
     252
     245
     253
     266
     288
     266
     265
     294
     304
     299
     283
     297
     319
     297
     297
     301
     316
     287
     300
     309
     294
     316
     297
     308
     284
     242
     241
     236
     288
     251
     226
     254
     218
     252
     246
     219
     250
     257
     314
     462
     706
    1058
    1548
    2036
    2279
    2220
    1924
    1469
     983
     592
     362
     246
     183
     189
     171
     173
     165
     154
     152
     191
     176
     187
     160
     178
     197
     162
     172
     179
     193
     165
     136
     177
     190
     160
     168
     187
     164
     189
     149
     165
     173
     175
     157
     188
     178
     167
     194
     168
     175
     169
     157
     178
     186
     164
     174
     165
     204
     710
     688
     655
     666
     653
     618
     602
     595
     591
     582
     570
     529
     518
     530
     513
     477
     480
     453
     383
     423
     396
     384
     319
$ROI:
0
$PRESETS:
Real Time
65000
0
$ENER_FIT:
0.000000 0.000000
$MCA_CAL:
3
0.000000E+000 0.000000E+000 0.000000E+000 
$SHAPE_CAL:
3
0.000000E+000 0.000000E+000 0.000000E+000
