$SPEC_ID:
No sample description was entered.
$SPEC_REM:
DET# 1
DETDESC# MCB 337
AP# Maestro Version 6.06
$DATE_MEA:
07/23/2020 15:59:03
$MEAS_TIM:
94 119
$DATA:
0 1023
       0
       0
       0
       0
       0
       0
       0
       0
       0
       0
       0
       0
       0
       0
       0
       0
       1
       0
       6
       4
      29
    1362
    9623
   17272
   18268
   17871
   17256
   16358
   16026
   16190
   16602
   17718
   18998
   20204
   21684
   22467
   23045
   23223
   22645
   21178
   19314
   16325
   13452
   10419
    8105
    5979
    4388
    3401
    2793
    2764
    2805
    2985
    3536
    4168
    4840
    5791
    6835
    8182
    9667
   11306
   13360
   15209
   17762
   20434
   23978
   27671
   32502
   38631
   46029
   55166
   65873
   78265
   90851
  103019
  113910
  121188
  123740
  122209
  115772
  105067
   91137
   76128
   60132
   45798
   34047
   23882
   16753
   10990
    7573
    5075
    3589
    2649
    2160
    1991
    1720
    1689
    1743
    1691
    1812
    1711
    1761
    1753
    1826
    1780
    1728
    1594
    1632
    1705
    1676
    1571
    1583
    1554
    1528
    1371
    1427
    1349
    1367
    1295
    1315
    1190
    1233
    1164
    1119
    1128
    1123
    1054
    1079
    1122
    1099
    1085
    1158
    1153
    1045
    1086
    1096
    1111
    1178
    1076
    1108
    1207
    1142
    1081
    1176
    1231
    1206
    1160
    1233
    1230
    1160
    1244
    1227
    1206
    1109
    1066
     993
     927
     832
     757
     621
     553
     457
     388
     304
     255
     214
     170
     154
     121
     115
      95
      74
      79
      86
      68
      61
      66
      71
      65
      73
      63
      70
      52
      71
      51
      57
      64
      46
      59
      61
      52
      44
      52
      33
      55
      44
      47
      55
      51
      41
      46
      38
      54
      42
      49
      61
      33
      42
      36
      33
      33
      38
      32
      32
      30
      44
      27
      25
      30
      24
      27
      28
      33
      24
      28
      34
      29
      27
      22
      26
      26
      27
      26
      29
      18
      20
      18
      21
      25
      17
      22
      25
      27
      18
      20
      18
      17
      11
      24
      14
      21
      16
      16
      12
      18
      15
      17
      14
      12
      12
      21
      17
      10
      16
      16
      17
      13
      15
      19
      19
      15
      11
      12
      11
      21
      13
      15
      18
      18
      16
      15
      16
      21
      10
      23
      10
      12
      11
      13
       7
       8
      11
      14
       8
      18
       7
      10
       3
       7
      13
      10
       8
      11
      11
      12
       6
      14
      10
       8
      11
       7
      10
       6
       9
      10
      11
      15
       7
       6
      14
       3
      10
       8
       7
      11
      15
      13
      10
       9
      10
       6
      10
       9
      14
       9
       9
       8
       4
      10
      13
       7
      10
      13
       5
       9
      10
      13
       5
       5
      10
       6
       8
       8
      13
      13
       3
      15
       9
       6
       6
       9
       4
      11
       8
      14
       6
       4
       9
       8
       8
       7
       3
      10
       8
       7
      10
       6
       9
       5
      17
      11
       5
      10
       6
       7
       6
       3
       8
       4
      12
       8
       3
      10
       8
       4
       6
       6
       9
       5
       5
       7
      10
       6
       5
       9
       6
       3
       8
       4
      10
       6
       8
       8
      10
       6
       7
       7
       7
       8
       9
       3
       7
       1
       2
       7
       8
       4
       7
       6
       6
       9
       3
       5
       6
       7
       6
       3
       5
       8
       4
       4
       4
       5
       8
       7
       4
       6
       3
       2
      12
       3
       4
       4
       3
       1
       5
       3
       4
       2
       8
       3
       5
       2
       2
       3
       8
       5
       5
       5
       7
       5
       4
       6
       9
       5
       2
       5
       2
       5
       3
       2
       2
       5
       3
       5
       9
       5
       1
       5
       5
       4
       4
       6
       3
       4
       5
       3
       2
       7
       1
       2
       3
       4
       4
       2
       1
       4
       4
       4
       5
       2
       1
       5
       6
       1
       2
       4
       5
       1
       2
       5
       1
       2
       2
       3
       0
       1
       4
       5
       2
       3
       1
       2
       4
       5
       3
       1
       3
       3
       2
       3
       3
       0
       2
       4
       2
       1
       3
       3
       5
       5
       3
       2
       6
       5
       1
       5
       3
       3
       5
       5
       5
       4
       5
       3
       4
       2
       3
       5
       3
       5
       8
       1
       3
      11
       1
       7
       3
       8
       3
       4
       5
       4
       4
       3
       3
       3
       3
       5
       5
       9
       4
       5
       4
       9
       2
      12
       5
       3
       2
       2
       3
       3
       3
       2
       1
       3
       2
       2
       1
       3
       1
       5
       2
       4
       2
       5
       2
       1
       3
       4
       4
       4
       1
       3
       5
       3
       3
       1
       1
       4
       3
       6
       2
       0
       2
       3
       7
       2
       1
       3
       2
       1
       4
       2
       3
       5
       1
       4
       3
       3
       1
       1
       1
       3
       5
       1
       1
       2
       7
       2
       1
       3
       2
       4
       3
       3
       4
       2
       2
       2
       5
       1
       3
       4
       7
       1
       1
       3
       2
       1
       2
       3
       5
       4
       1
       3
       4
       0
       1
       4
       1
       2
       4
       0
       1
       2
       5
       0
       3
       0
       5
       3
       1
       4
       1
       0
       1
       5
       4
       3
       1
       1
       4
       3
       3
       3
       1
       2
       3
       2
       0
       3
       1
       4
       1
       0
       2
       4
       3
       3
       2
       1
       2
       2
       4
       2
       4
       3
       3
       3
       2
       2
       2
       3
       3
       1
       2
       5
       2
       0
       3
       2
       4
       2
       6
       4
       4
       3
       1
       1
       4
       3
       4
       2
       4
       3
       4
       3
       5
       1
       2
       5
       3
       0
       4
       4
       4
       5
       1
       1
       2
       1
       2
       4
       2
       0
       2
       4
       2
       2
       0
       3
       1
       1
       2
       1
       1
       3
       0
       2
       0
       7
       1
       3
       1
       4
       5
       3
       1
       2
       3
       3
       1
       0
       3
       2
       1
       2
       0
       0
       1
       3
       0
       2
       1
       0
       1
       2
       1
       0
       1
       1
       2
       2
       0
       1
       1
       1
       0
       3
       1
       0
       1
       1
       0
       2
       5
       3
       2
       1
       2
       2
       1
       2
       0
       0
       0
       0
       2
       0
       1
       1
       3
       2
       2
       1
       0
       0
       2
       0
       0
       4
       0
       2
       2
       0
       2
       1
       2
       0
       3
       2
       0
       0
       0
       0
       2
       1
       2
       1
       0
       0
       1
       1
       1
       1
       2
       2
       2
       0
       2
       3
       0
       1
       3
       4
       1
       1
       1
       2
       1
       1
       1
       3
       0
       0
       1
       2
       2
       1
       1
       1
       0
       0
       3
       3
       1
       2
       0
       1
       1
       0
       0
       0
       1
       1
       0
       1
       1
       2
       2
       1
       0
       0
       2
       1
       0
       1
       0
       1
       1
       1
       1
       2
       0
       2
       0
       0
       2
       0
       1
       1
       0
       0
       0
       2
       2
       0
       2
       0
       1
       1
       1
       2
       1
       2
       0
       1
       1
       1
       1
       1
       0
       1
       2
       1
       1
       3
       3
       0
       1
       3
       0
       0
       2
       1
       1
       1
       2
       0
       0
       4
       1
       3
       5
       7
       2
       2
       8
       7
       9
       4
       5
       4
       1
      10
       6
       1
       5
       2
       5
       4
       2
       2
$ROI:
0
$PRESETS:
None
0
0
$ENER_FIT:
0.000000 0.000000
$MCA_CAL:
3
0.000000E+000 0.000000E+000 0.000000E+000 
$SHAPE_CAL:
3
0.000000E+000 0.000000E+000 0.000000E+000
