$SPEC_ID:
No sample description was entered.
$SPEC_REM:
DET# 1
DETDESC# MCB 337
AP# Maestro Version 6.06
$DATE_MEA:
08/13/2020 17:48:48
$MEAS_TIM:
25 120
$DATA:
0 1023
       0
       0
       0
       0
       0
       0
       0
       0
       0
       0
       0
       0
       0
       0
       0
       0
       2
       2
       7
       6
      15
      84
   10888
   13890
   13836
   13987
   13786
   13784
   13596
   13488
   13037
   12799
   12517
   12177
   11559
   11267
   10664
   10320
    9457
    9198
    8592
    7814
    7407
    6829
    6283
    5591
    5224
    4771
    4322
    3744
    3432
    3073
    2792
    2449
    2163
    1910
    1790
    1528
    1377
    1163
    1033
     988
     873
     763
     710
     643
     564
     591
     514
     501
     453
     446
     469
     450
     456
     445
     440
     466
     442
     465
     451
     439
     504
     487
     516
     479
     540
     497
     496
     536
     529
     584
     554
     562
     568
     607
     618
     590
     589
     612
     567
     594
     608
     588
     636
     638
     614
     652
     587
     633
     605
     610
     600
     541
     614
     585
     575
     542
     600
     537
     536
     535
     514
     576
     541
     503
     500
     586
     517
     533
     546
     536
     505
     490
     543
     480
     477
     505
     504
     547
     514
     501
     539
     502
     554
     519
     519
     505
     502
     524
     475
     518
     500
     483
     535
     499
     500
     472
     547
     569
     525
     536
     508
     546
     517
     507
     544
     515
     551
     546
     525
     562
     586
     549
     533
     494
     501
     536
     581
     541
     531
     539
     550
     572
     549
     535
     554
     517
     539
     563
     570
     584
     541
     508
     563
     598
     560
     515
     553
     548
     548
     520
     548
     565
     549
     575
     560
     530
     522
     547
     587
     570
     547
     569
     553
     549
     567
     572
     599
     600
     594
     586
     565
     596
     581
     564
     631
     599
     581
     623
     629
     639
     629
     656
     682
     649
     676
     703
     715
     678
     667
     701
     674
     708
     725
     694
     718
     689
     748
     769
     695
     741
     709
     711
     686
     769
     750
     808
     730
     724
     728
     776
     735
     737
     736
     697
     698
     774
     694
     700
     718
     695
     754
     681
     721
     727
     715
     715
     697
     629
     691
     701
     671
     661
     687
     665
     704
     686
     682
     663
     684
     689
     630
     592
     646
     654
     626
     640
     585
     581
     603
     600
     626
     589
     562
     622
     592
     583
     580
     552
     569
     546
     586
     535
     522
     564
     544
     524
     531
     536
     520
     552
     579
     501
     538
     554
     496
     528
     515
     538
     531
     504
     533
     545
     536
     483
     527
     497
     492
     495
     487
     495
     489
     519
     455
     469
     465
     469
     486
     483
     435
     453
     479
     481
     443
     477
     458
     434
     448
     465
     459
     463
     459
     449
     487
     460
     435
     465
     427
     428
     468
     418
     407
     434
     420
     413
     411
     415
     428
     406
     440
     432
     435
     445
     430
     423
     459
     432
     372
     431
     412
     413
     403
     413
     399
     403
     418
     394
     381
     357
     395
     422
     369
     399
     411
     394
     385
     382
     376
     411
     382
     375
     391
     410
     403
     370
     396
     384
     367
     386
     372
     356
     385
     377
     362
     376
     373
     334
     369
     369
     356
     378
     381
     353
     359
     361
     349
     368
     339
     346
     372
     374
     353
     313
     363
     372
     350
     405
     380
     362
     360
     351
     369
     363
     360
     327
     362
     339
     353
     331
     348
     325
     313
     371
     326
     361
     320
     373
     376
     344
     361
     351
     350
     321
     325
     333
     351
     342
     363
     344
     303
     337
     353
     327
     336
     347
     350
     378
     343
     345
     349
     357
     311
     361
     350
     342
     331
     348
     331
     359
     319
     340
     325
     334
     332
     349
     322
     340
     318
     289
     308
     333
     330
     347
     308
     326
     306
     298
     340
     307
     332
     342
     315
     318
     325
     381
     329
     331
     306
     311
     322
     298
     298
     324
     296
     353
     341
     355
     316
     315
     319
     296
     325
     312
     304
     307
     299
     315
     297
     276
     281
     268
     296
     277
     315
     267
     298
     272
     268
     256
     281
     275
     231
     238
     225
     252
     257
     231
     226
     231
     245
     225
     227
     233
     230
     211
     217
     197
     213
     206
     189
     185
     195
     198
     219
     178
     162
     149
     170
     193
     182
     143
     177
     148
     164
     147
     155
     168
     148
     151
     144
     138
     152
     154
     138
     137
     160
     139
     141
     145
     140
     136
     133
     116
     141
     127
     121
     130
     114
     110
     119
     125
     113
      96
     119
     104
     103
     101
     123
     117
     113
     106
     114
     118
     102
     119
     111
     106
     101
     107
      90
     122
     120
      96
      79
     112
     102
      92
     117
     106
      93
      88
     108
     101
     108
      86
     100
     112
      93
      86
      77
     101
     118
      98
      94
      99
     116
     112
      85
      84
     102
     101
     102
      91
      80
     112
     111
     106
      91
      96
      91
     100
     104
      93
      98
      90
     114
     105
     101
     108
     107
     106
     104
     115
     117
     111
     102
     109
     110
     130
     128
     114
     115
     139
     110
     122
     132
     128
     142
     131
     133
     125
     130
     143
     138
     105
     146
     128
     148
     161
     166
     155
     169
     159
     176
     178
     169
     181
     201
     212
     184
     211
     179
     212
     227
     251
     239
     236
     245
     285
     265
     293
     318
     313
     363
     347
     357
     378
     391
     406
     441
     464
     445
     483
     520
     572
     555
     602
     639
     602
     687
     675
     765
     784
     811
     848
     829
     918
     946
     922
     970
    1055
     997
    1065
    1056
    1120
    1134
    1155
    1175
    1249
    1198
    1286
    1217
    1362
    1353
    1331
    1390
    1366
    1272
    1363
    1412
    1397
    1303
    1328
    1470
    1400
    1450
    1387
    1351
    1509
    1438
    1342
    1353
    1377
    1285
    1342
    1288
    1199
    1168
    1237
    1150
    1203
    1154
    1094
    1057
    1038
    1076
     992
     941
     955
     846
     843
     825
     804
     748
     762
     687
     661
     645
     635
     579
     577
     600
     510
     492
     444
     464
     375
     425
     331
     350
     321
     335
     295
     287
     248
     243
     246
     216
     186
     165
     163
     197
     163
     154
     166
     136
      96
     102
      91
     118
      83
      99
      74
      53
      53
      63
      49
      48
      41
      43
      29
      31
      37
      31
      21
      12
      24
      29
      19
      24
      27
      16
      15
      12
      20
      14
      16
      12
      15
      13
       9
      10
      13
      10
      11
       8
      12
      11
       5
       4
      12
       9
      11
       4
       9
      11
       6
       4
       7
       9
       3
       9
       9
      10
      12
       7
       7
      13
       4
       7
      11
      10
       8
       7
       5
       6
       6
      10
       6
       7
      12
       4
      11
       4
       3
       7
       7
       4
       8
       6
       8
       7
       5
       7
       5
       1
       4
       5
       8
       4
       8
       2
       1
       8
       6
       5
       1
       6
       7
       9
       6
       4
       4
       3
       7
       5
       6
       7
       7
       4
       2
       4
       2
       4
       4
       2
       7
       1
       3
      10
       3
       5
       2
       7
       5
       6
       3
      11
       7
       2
       3
       8
       6
       4
       5
      10
       2
       1
       6
       8
      24
      26
      22
      28
      25
      18
      16
      20
      21
      18
      19
      17
      14
      13
      19
      17
      19
      15
      16
      12
      15
       9
      14
$ROI:
0
$PRESETS:
Real Time
120
0
$ENER_FIT:
0.000000 0.000000
$MCA_CAL:
3
0.000000E+000 0.000000E+000 0.000000E+000 
$SHAPE_CAL:
3
0.000000E+000 0.000000E+000 0.000000E+000
