$SPEC_ID:
No sample description was entered.
$SPEC_REM:
DET# 1
DETDESC# MCB 337
AP# Maestro Version 6.06
$DATE_MEA:
08/13/2020 15:45:06
$MEAS_TIM:
828 840
$DATA:
0 1023
       0
       0
       0
       0
       0
       0
       0
       0
       0
       0
       1
       0
       0
       0
       0
       0
       0
       0
       0
       1
       0
      23
     614
     604
     588
     478
     343
     311
     257
     238
     205
     206
     172
     197
     187
     171
     166
     189
     164
     180
     186
     155
     181
     145
     163
     181
     164
     183
     176
     178
     210
     165
     222
     191
     220
     201
     206
     195
     206
     194
     180
     181
     197
     205
     193
     211
     237
     216
     215
     227
     209
     185
     219
     244
     227
     226
     247
     259
     256
     260
     225
     244
     271
     293
     314
     326
     340
     326
     381
     384
     437
     481
     505
     515
     510
     520
     534
     469
     474
     432
     433
     398
     426
     447
     364
     378
     439
     354
     413
     395
     393
     391
     399
     364
     417
     358
     335
     359
     338
     357
     364
     354
     393
     359
     340
     373
     360
     376
     396
     373
     307
     357
     357
     381
     345
     367
     348
     416
     368
     369
     388
     354
     347
     349
     399
     359
     376
     345
     333
     372
     353
     378
     379
     332
     360
     391
     381
     367
     378
     353
     363
     357
     383
     387
     393
     348
     372
     373
     346
     375
     385
     392
     347
     358
     357
     358
     381
     353
     371
     351
     373
     378
     347
     370
     336
     390
     367
     338
     359
     323
     377
     318
     347
     323
     344
     359
     343
     351
     357
     363
     347
     323
     357
     401
     371
     364
     370
     358
     363
     350
     331
     364
     322
     388
     355
     331
     365
     382
     374
     356
     341
     341
     343
     381
     365
     368
     381
     369
     362
     380
     362
     397
     366
     353
     370
     395
     385
     388
     380
     352
     414
     345
     368
     354
     337
     350
     325
     374
     351
     344
     356
     332
     347
     354
     377
     331
     335
     325
     356
     333
     346
     356
     329
     356
     367
     319
     323
     332
     334
     327
     309
     314
     309
     318
     334
     313
     315
     306
     310
     299
     342
     318
     275
     345
     320
     278
     285
     296
     303
     276
     308
     315
     324
     299
     287
     308
     281
     295
     289
     273
     287
     316
     259
     319
     310
     298
     295
     313
     282
     298
     273
     256
     270
     276
     267
     250
     254
     257
     271
     245
     280
     241
     258
     281
     249
     289
     303
     274
     228
     267
     295
     287
     253
     263
     236
     237
     262
     248
     275
     225
     286
     249
     230
     242
     240
     250
     241
     253
     240
     262
     241
     232
     264
     237
     231
     240
     246
     224
     242
     251
     251
     268
     255
     243
     243
     242
     221
     237
     233
     221
     213
     229
     230
     254
     252
     232
     230
     232
     237
     187
     241
     225
     234
     220
     236
     225
     219
     242
     186
     230
     226
     245
     207
     234
     233
     249
     198
     216
     218
     234
     209
     215
     240
     177
     188
     185
     219
     213
     196
     211
     212
     232
     228
     173
     186
     210
     202
     209
     214
     209
     201
     202
     211
     185
     214
     210
     194
     206
     182
     201
     203
     202
     211
     193
     222
     186
     211
     199
     197
     186
     192
     175
     191
     203
     173
     186
     205
     172
     174
     186
     179
     180
     176
     178
     193
     166
     195
     184
     171
     159
     175
     159
     174
     166
     191
     194
     169
     182
     176
     160
     193
     174
     192
     178
     211
     183
     172
     166
     172
     164
     184
     175
     193
     186
     191
     168
     197
     171
     181
     145
     180
     136
     209
     166
     190
     173
     177
     158
     195
     145
     167
     162
     188
     168
     185
     216
     171
     179
     190
     153
     165
     157
     173
     146
     167
     181
     174
     164
     188
     152
     180
     168
     172
     160
     172
     173
     181
     184
     183
     152
     192
     135
     156
     177
     174
     164
     162
     164
     148
     149
     165
     144
     163
     160
     174
     164
     156
     169
     149
     164
     174
     133
     157
     169
     170
     152
     165
     149
     147
     148
     130
     134
     145
     143
     139
     148
     152
     150
     149
     149
     136
     148
     135
     152
     143
     157
     152
     144
     169
     159
     129
     155
     119
     137
     154
     147
     156
     137
     133
     123
     140
     150
     134
     127
     168
     144
     149
     129
     129
     146
     123
     140
     135
     125
     151
     164
     134
     138
     133
     136
     124
     142
     144
     154
     131
     146
     142
     133
     137
     127
     132
     147
     128
     138
     147
     151
     160
     135
     173
     145
     118
     145
     128
     134
     113
     129
     125
     138
     130
     135
     142
     152
     158
     130
     153
     142
     130
     158
     153
     129
     162
     141
     139
     119
     151
     134
     142
     130
     164
     141
     136
     172
     152
     153
     153
     130
     155
     130
     149
     135
     134
     138
     121
     139
     136
     155
     133
     150
     168
     167
     174
     151
     162
     155
     135
     151
     163
     155
     163
     124
     151
     127
     151
     167
     168
     152
     138
     148
     143
     178
     161
     157
     146
     174
     147
     138
     163
     154
     171
     162
     176
     173
     161
     150
     169
     139
     167
     167
     180
     155
     198
     146
     182
     169
     172
     151
     180
     149
     167
     186
     196
     198
     181
     205
     205
     192
     164
     183
     201
     200
     218
     223
     205
     204
     221
     223
     262
     266
     249
     236
     272
     275
     258
     283
     280
     262
     304
     300
     333
     331
     322
     307
     323
     323
     340
     355
     337
     376
     356
     361
     338
     384
     337
     385
     406
     343
     333
     384
     353
     340
     385
     378
     398
     366
     387
     367
     385
     357
     352
     336
     357
     314
     311
     312
     336
     285
     288
     307
     247
     249
     249
     251
     260
     227
     193
     184
     179
     214
     180
     144
     167
     132
     165
     119
     120
     134
     111
      95
      81
      88
      67
      73
      67
      68
      64
      48
      60
      40
      45
      46
      40
      34
      36
      40
      30
      21
      26
      24
      14
      20
      19
      22
      18
      19
      15
      19
      15
      15
       7
      14
      16
      10
      15
       9
      12
      17
      13
       8
       8
       8
      10
       9
      10
       9
      13
      14
       4
      10
      13
      10
      13
       8
       8
       5
      13
      14
      15
      11
      16
      15
       2
       4
      14
       7
      11
       8
      14
      12
       8
       7
       8
       4
       8
       8
      11
      12
       6
      14
       9
      10
       6
      10
       9
       8
      16
       7
      11
       8
      13
      11
       6
      16
      20
       8
       9
       6
       6
      10
      10
       9
      12
      10
      10
      14
      14
       9
       9
      11
       8
      10
       8
       3
       7
      14
       8
       8
       8
       9
       9
       5
       8
       8
       6
       3
       8
       8
      14
       7
      10
      10
      15
       9
      10
       4
       8
       9
       6
       7
       6
       6
       8
      14
       9
      11
       8
      11
       8
       7
       4
      10
      10
       9
       1
      15
      13
       7
       8
       7
       6
       6
      11
       8
       5
      16
       8
       8
      10
       5
      11
       9
       5
       8
       6
       9
      10
       8
       9
       7
       5
       7
       4
      42
      43
      35
      36
      36
      53
      22
      38
      44
      31
      32
      22
      30
      27
      28
      36
      24
      22
      25
      24
      33
      19
      28
$ROI:
0
$PRESETS:
Real Time
840
0
$ENER_FIT:
0.000000 0.000000
$MCA_CAL:
3
0.000000E+000 0.000000E+000 0.000000E+000 
$SHAPE_CAL:
3
0.000000E+000 0.000000E+000 0.000000E+000
