$SPEC_ID:
No sample description was entered.
$SPEC_REM:
DET# 1
DETDESC# MCB 337
AP# Maestro Version 6.06
$DATE_MEA:
08/13/2020 18:07:43
$MEAS_TIM:
111 120
$DATA:
0 1023
       0
       0
       0
       0
       0
       0
       0
       0
       0
       0
       0
       0
       0
       0
       0
       0
       0
       0
       0
       0
       6
      66
     836
     999
    1036
     931
     882
     837
     802
     811
     811
     861
     815
     854
    1019
    1021
    1078
    1159
    1043
    1036
     997
     996
     999
     955
     945
     881
     839
     891
     837
     825
     882
     810
     840
     853
     852
     828
     881
     864
     886
     869
     878
     887
     883
     942
     860
     921
     947
     998
     905
     900
     947
     914
    1021
    1009
     937
     976
    1005
     973
    1028
    1059
    1005
    1046
    1053
    1140
    1154
    1123
    1197
    1188
    1273
    1246
    1286
    1303
    1252
    1245
    1274
    1340
    1276
    1254
    1217
    1226
    1192
    1213
    1246
    1243
    1218
    1177
    1224
    1179
    1150
    1144
    1129
    1157
    1146
    1142
    1098
    1187
    1120
    1172
    1183
    1134
    1154
    1120
    1062
    1092
    1147
    1074
    1015
    1044
    1044
    1053
    1028
    1061
    1035
    1010
    1048
     976
     978
    1032
     969
     992
     960
    1010
    1021
     921
    1012
     941
     950
     914
     929
     941
     948
     849
     907
     920
     870
     862
     827
     793
     842
     776
     759
     819
     775
     772
     748
     697
     646
     684
     672
     589
     591
     582
     562
     567
     585
     489
     551
     496
     518
     499
     501
     464
     500
     476
     508
     421
     460
     450
     437
     451
     440
     409
     425
     432
     415
     397
     473
     417
     429
     385
     391
     392
     374
     424
     403
     383
     415
     385
     376
     403
     371
     372
     378
     351
     352
     337
     367
     387
     345
     407
     386
     363
     359
     371
     364
     456
     419
     432
     496
     496
     581
     634
     702
     783
     944
    1075
    1217
    1453
    1589
    1804
    2100
    2293
    2573
    2687
    2937
    3107
    3345
    3546
    3731
    3841
    3843
    3882
    3893
    3854
    3651
    3478
    3376
    3106
    2877
    2667
    2322
    2153
    1935
    1626
    1487
    1234
    1080
     910
     813
     672
     581
     504
     456
     402
     308
     285
     262
     252
     191
     190
     185
     170
     160
     178
     152
     155
     145
     134
     158
     154
     142
     123
     134
     139
     130
     129
     156
     116
     130
     120
     145
     117
     150
     119
     140
     152
     150
     121
     126
     144
     137
     145
     130
     110
     150
     131
     130
     122
     122
     133
     133
     122
     124
     112
     123
     132
     140
     118
     130
     126
     134
     111
     114
     144
     129
     137
     127
     140
     145
     150
     143
     124
     119
     117
     117
     121
     124
     169
     127
     132
     138
     138
     135
     135
     141
     138
     122
     129
     146
     137
     122
     130
     131
     132
     114
     127
     118
     124
     158
     129
     136
     141
     139
     135
     127
     142
     149
     132
     124
     120
     132
     111
     127
     162
     131
     135
     145
     127
     141
     129
     135
     142
     126
     138
     154
     137
     130
     128
     137
     139
     144
     118
     131
     152
     143
     130
     132
     113
     142
     136
     132
     136
     135
     146
     137
     133
     123
     126
     143
     132
     144
     123
     144
     131
     131
     145
     149
     153
     135
     142
     137
     140
     126
     149
     144
     141
     130
     127
     133
     159
     164
     160
     140
     123
     151
     150
     153
     147
     138
     161
     145
     168
     177
     152
     157
     154
     152
     149
     153
     132
     140
     167
     174
     145
     153
     192
     171
     164
     148
     156
     143
     134
     142
     164
     143
     161
     150
     153
     137
     138
     133
     146
     150
     151
     140
     173
     150
     135
     142
     129
     143
     128
     149
     148
     104
     113
     131
     113
     128
     103
     102
     119
     123
     116
     103
     106
      99
      77
      83
      79
      72
      99
      82
      69
      84
      61
      82
      64
      57
      72
      71
      47
      56
      50
      48
      58
      49
      36
      51
      44
      45
      44
      44
      42
      47
      41
      43
      51
      40
      34
      36
      32
      44
      43
      31
      30
      36
      27
      30
      35
      39
      37
      30
      37
      30
      32
      30
      27
      34
      20
      24
      29
      25
      35
      30
      31
      32
      29
      32
      32
      25
      46
      46
      46
      46
      50
      55
      56
      68
      80
      82
     115
      95
     101
     113
     120
     161
     147
     165
     203
     195
     234
     237
     252
     255
     306
     336
     371
     360
     380
     414
     423
     430
     455
     427
     490
     487
     515
     540
     488
     487
     499
     509
     503
     479
     476
     481
     445
     388
     391
     419
     402
     318
     323
     332
     275
     271
     234
     228
     212
     195
     160
     146
     167
     139
     104
     108
     110
      85
      67
      69
      61
      43
      49
      32
      35
      30
      21
      23
      31
      20
      12
      25
      17
      18
      10
      11
      10
      12
      15
      11
      13
      11
      16
      10
      11
      17
      15
      11
      13
       7
       9
      16
      14
       8
       8
       5
      14
      10
      14
      11
      12
       8
      10
      11
       9
      13
       8
      16
       8
      21
      15
      10
      10
      13
      17
      17
      10
      12
      12
       8
      12
      17
       8
       8
      15
      14
      11
      14
      21
       9
      15
      11
      16
      12
      14
      11
      15
       9
      17
      12
      13
       7
       5
      13
       9
      11
      11
       9
      10
      10
      10
       6
       6
       8
      10
      12
      12
      16
       9
       4
       9
       9
      12
       9
       9
       8
       9
       7
       9
       9
       9
       6
       4
       5
       7
       9
       8
       7
       8
       9
      12
       5
       9
       5
      15
       4
       5
       7
       2
       3
       4
       2
       4
       5
       6
       4
       7
       4
       5
       1
       4
       4
       5
       5
       7
       2
       3
       3
       7
       5
       2
       3
       4
       0
       4
       3
       0
       2
       3
       3
       3
       5
       3
       3
       7
       5
       2
       7
       3
       5
       2
       3
       1
       1
       5
       3
       3
       3
       6
       3
       3
       3
       2
       2
       0
       5
       3
       0
       7
       3
       4
       4
       3
       2
       7
       5
       8
       9
       4
       4
       9
       8
      12
      10
      11
       4
      11
       7
       6
       7
       5
       6
      10
       9
       7
      10
      13
      10
      11
      18
       9
       5
      11
      13
      10
       8
       9
      13
       8
      14
      16
      11
      14
       7
       5
      10
      13
       8
       7
       7
       5
       5
       6
       7
       2
       6
       7
       6
       2
       6
       3
       3
       4
       1
       2
       2
       2
       4
       3
       0
       2
       2
       4
       1
       2
       0
       0
       0
       0
       1
       2
       3
       0
       1
       0
       1
       1
       1
       1
       0
       0
       0
       0
       1
       0
       0
       1
       0
       0
       0
       0
       0
       0
       0
       0
       0
       2
       0
       0
       0
       0
       0
       1
       0
       1
       0
       1
       0
       0
       0
       0
       1
       0
       0
       0
       0
       0
       0
       1
       0
       1
       0
       0
       1
       0
       0
       0
       0
       0
       0
       0
       0
       1
       1
       0
       0
       1
       0
       0
       0
       0
       0
       1
       1
       1
       2
       0
       0
       0
       0
       0
       1
       0
       3
       0
       0
       0
       0
       1
       1
       3
       3
       3
       1
       4
       2
       4
       3
       0
       0
       1
       2
       1
       1
       0
       0
       0
       0
       4
       3
       1
       0
       1
$ROI:
0
$PRESETS:
Real Time
120
0
$ENER_FIT:
0.000000 0.000000
$MCA_CAL:
3
0.000000E+000 0.000000E+000 0.000000E+000 
$SHAPE_CAL:
3
0.000000E+000 0.000000E+000 0.000000E+000
