$SPEC_ID:
No sample description was entered.
$SPEC_REM:
DET# 1
DETDESC# MCB 337
AP# Maestro Version 6.06
$DATE_MEA:
07/28/2020 17:18:04
$MEAS_TIM:
297 300
$DATA:
0 1023
       0
       0
       0
       0
       0
       0
       0
       0
       0
       0
       0
       0
       0
       0
       0
       0
       0
       0
       0
       0
       0
       4
     112
     131
     128
      68
      68
      44
      51
      41
      42
      36
      43
      39
      43
      44
      48
      47
      51
      51
      31
      39
      51
      42
      60
      52
      58
      53
      55
      53
      58
      69
      54
      57
      61
      66
      58
      58
      63
      59
      45
      57
      59
      61
      58
      64
      60
      49
      62
      72
      59
      63
      64
      61
      62
      86
      77
      90
      76
      89
      98
      99
     121
     102
     141
     141
     135
     162
     154
     180
     171
     168
     162
     140
     135
     139
     117
     139
     127
     112
      98
     130
     125
     119
     125
     108
     117
      95
      82
     102
     103
     108
      87
     104
     102
      96
     103
      95
     111
      77
     123
      86
      76
      93
     108
     107
     101
      87
      98
     101
     103
     114
      87
      96
      92
      97
     115
      95
     112
     100
      98
     114
     108
     106
      93
     106
     114
     105
     110
     109
     120
     112
     116
     100
      99
      87
     100
      88
      92
     102
     122
      95
      95
     118
     109
      96
     115
      95
     101
     100
      87
     105
     105
     106
      97
     105
     106
      70
      99
     114
      94
     101
      94
      83
      91
     105
      93
      82
     102
      88
      90
      82
      83
      83
      76
      96
      94
     107
     108
      96
     105
      87
      99
      89
      81
     103
     106
      91
      96
     106
      91
      94
      79
      97
     114
     116
     111
     102
      99
     106
      85
      98
      96
      93
      81
      96
      84
      97
      98
      96
      96
     101
     113
      89
      91
      91
      82
      91
      94
      83
      94
      94
      87
      96
      72
      81
      54
      99
      62
      84
      85
      78
      83
      78
      88
     107
      71
      78
      81
      91
      82
      86
      69
      87
      97
     107
      87
      82
      88
      89
      73
      87
      89
      78
      68
      88
      67
      90
      75
      67
      71
      83
      83
      78
      77
      60
      86
      77
      64
      67
      85
      71
      79
      69
      82
      66
      67
      77
      83
      59
      54
      68
      75
      85
      79
      58
      74
      62
      73
      67
      55
      56
      67
      50
      71
      69
      69
      71
      76
      70
      66
      59
      56
      74
      53
      48
      72
      63
      69
      54
      62
      55
      55
      67
      58
      64
      57
      68
      63
      55
      64
      72
      49
      50
      65
      65
      58
      61
      50
      64
      60
      67
      60
      54
      52
      55
      62
      62
      49
      54
      49
      52
      38
      49
      37
      51
      58
      62
      46
      57
      53
      38
      58
      57
      49
      47
      48
      38
      61
      51
      45
      56
      60
      49
      61
      55
      44
      47
      41
      60
      57
      44
      53
      46
      70
      46
      42
      46
      47
      34
      52
      48
      48
      36
      59
      55
      46
      53
      34
      45
      54
      60
      42
      39
      46
      51
      37
      45
      63
      45
      35
      36
      44
      37
      41
      38
      32
      37
      39
      51
      33
      44
      32
      34
      39
      28
      45
      36
      38
      37
      32
      42
      34
      28
      26
      30
      36
      38
      34
      44
      35
      34
      33
      36
      32
      33
      38
      30
      31
      20
      27
      28
      20
      37
      28
      37
      28
      28
      36
      18
      31
      30
      28
      27
      32
      26
      32
      28
      36
      26
      19
      25
      27
      25
      35
      24
      21
      30
      30
      21
      23
      34
      32
      33
      24
      27
      20
      22
      28
      25
      25
      21
      31
      19
      21
      23
      29
      21
      22
      29
      14
      21
      19
      19
      33
      22
      24
      15
      24
      24
      21
      26
      24
      26
      29
      18
      19
      15
      27
      28
      22
      30
      20
      26
      20
      19
      24
      13
      26
      25
      21
      24
      26
      26
      21
      21
      16
      22
      26
      19
      15
      27
      29
      22
      23
      19
      22
      20
      26
      22
      16
      27
      22
      15
      18
      24
      29
      23
      18
      19
      34
      25
      28
      17
      28
      26
      36
      20
      36
      25
      34
      25
      29
      24
      28
      30
      40
      32
      32
      40
      31
      33
      37
      33
      51
      38
      40
      38
      32
      38
      49
      34
      41
      47
      40
      36
      47
      35
      49
      71
      55
      57
      45
      53
      67
      55
      48
      49
      62
      52
      48
      49
      62
      72
      51
      61
      69
      56
      75
      57
      58
      67
      79
      62
      63
      73
      70
      55
      68
      69
      86
      69
      66
      85
      64
      75
      71
      63
      83
      68
      71
      78
      83
      75
      65
      62
      69
      60
      65
      72
      56
      74
      87
      73
      66
      62
      71
      66
      76
      78
      74
      68
      78
      82
      68
      80
      58
      70
      73
      65
      72
      59
      54
      59
      60
      68
      74
      73
      58
      67
      74
      50
      54
      76
      38
      64
      43
      62
      56
      51
      50
      42
      51
      48
      48
      47
      53
      47
      39
      45
      29
      46
      46
      26
      30
      34
      38
      33
      38
      33
      32
      38
      36
      26
      23
      22
      29
      16
      29
      27
      15
      27
      24
      19
      25
      18
      27
      17
      21
      22
      24
      23
      19
      26
      21
      17
      22
      25
      11
      18
      12
      13
      16
      20
      18
      14
      21
      19
      12
       9
      12
      10
      11
       8
      14
       8
      11
       4
       5
       8
       5
       7
       5
       5
       5
       5
      11
       7
       8
       5
       7
       5
       2
       7
       4
       4
       8
       3
       4
       8
       2
       4
       2
       4
       4
       5
       3
       3
       3
       4
       1
       2
       6
       2
       2
       7
       4
       6
       2
       1
       6
       5
       6
       3
       1
       5
       2
       1
       4
       6
       0
       4
       3
       4
       5
       3
       3
       8
       3
       3
       5
       2
       3
       5
       2
       5
       5
       5
       2
       3
       4
       6
       8
       4
       1
       7
       3
       2
       3
       6
       4
       3
       5
       7
       3
       5
       3
       1
       4
       2
       1
       4
       3
       1
       3
       3
       4
       4
       3
       2
       4
       2
       1
       1
       3
       2
       1
       4
       5
       2
       6
       3
       3
       6
       2
       3
       2
       4
       4
       2
       2
       2
       3
       5
       5
       4
       3
       4
       5
       1
       4
       7
       2
       3
       4
       3
       3
       2
       1
       2
       1
       2
       1
       3
       4
       2
       1
       6
       2
       4
       7
       3
       4
       4
       3
       1
       1
       3
       7
       3
       1
       6
       1
       1
       5
       4
       4
       3
       2
       4
       4
       4
       2
       6
       0
       1
       1
       3
       2
       1
       2
       0
       1
       3
       1
       3
       3
       6
       2
       3
       4
       3
       1
       3
       1
       3
       5
       1
       3
       1
       3
       1
       3
       6
       1
       1
       4
       5
       3
       4
       3
       4
       5
       3
       2
       2
       3
       0
       1
       4
       1
       1
       2
       5
       3
       2
       4
       3
       4
       3
       5
      11
      15
      25
      11
       8
      13
      13
      13
      11
      16
      19
      11
      12
      12
       4
       8
      11
       7
       8
      13
       5
       9
       5
$ROI:
0
$PRESETS:
Real Time
300
0
$ENER_FIT:
0.000000 0.000000
$MCA_CAL:
3
0.000000E+000 0.000000E+000 0.000000E+000 
$SHAPE_CAL:
3
0.000000E+000 0.000000E+000 0.000000E+000
