-0.676513	1.119817	-3.368188	17.880000
-0.675668	1.117955	-3.364179	17.980000
-0.675908	1.117495	-3.363353	18.080000
-0.676088	1.120664	-3.371619	18.180000
-0.675949	1.122083	-3.381086	18.281000
-0.676038	1.122434	-3.381226	18.380000
-0.675929	1.124068	-3.382978	18.480000
-0.676297	1.127999	-3.373516	18.580000
-0.675936	1.126472	-3.366080	18.680000
-0.675727	1.121506	-3.377706	18.780000
-0.676138	1.117410	-3.379750	18.880000
-0.675953	1.121264	-3.388412	18.980000
-0.676048	1.125387	-3.397425	19.080000
-0.675904	1.125491	-3.392045	19.180000
-0.676062	1.121248	-3.381956	19.280000
-0.675969	1.119611	-3.371831	19.381000
-0.675930	1.119163	-3.373107	19.480000
-0.675887	1.118710	-3.384400	19.580000
-0.675714	1.118577	-3.388157	19.680000
-0.675957	1.118937	-3.382977	19.780000
-0.675859	1.118865	-3.373227	19.881000
-0.675792	1.116311	-3.362318	19.980000
-0.675573	1.119039	-3.372051	20.080000
-0.675529	1.123029	-3.391261	20.180000
-0.675737	1.126655	-3.399892	20.280000
-0.675698	1.127005	-3.401159	20.381000
-0.675689	1.126577	-3.390408	20.480000
-0.675788	1.122500	-3.377534	20.580000
-0.675793	1.119977	-3.377289	20.681000
-0.675525	1.117058	-3.390190	20.781000
-0.673684	1.118600	-3.387190	20.881000
-0.671614	1.122597	-3.387181	20.980000
-0.669292	1.124909	-3.388433	21.080000
-0.667018	1.122711	-3.376405	21.180000
-0.664467	1.118431	-3.361641	21.280000
-0.661983	1.119045	-3.370159	21.380000
-0.659313	1.119025	-3.382865	21.480000
-0.656538	1.117301	-3.379381	21.580000
-0.653929	1.113793	-3.378582	21.680000
-0.650988	1.112251	-3.382722	21.780000
-0.648294	1.112903	-3.377553	21.880000
-0.645683	1.114111	-3.386995	21.980000
-0.642756	1.115909	-3.397966	22.080000
-0.639792	1.119110	-3.414095	22.180000
-0.636658	1.122795	-3.421174	22.280000
-0.633828	1.121751	-3.417771	22.380000
-0.630946	1.121406	-3.408184	22.480000
-0.628109	1.118972	-3.391718	22.580000
-0.625334	1.114848	-3.378780	22.680000
-0.622164	1.113134	-3.382126	22.780000
-0.619191	1.111217	-3.388958	22.880000
-0.616132	1.109096	-3.392298	22.980000
-0.612988	1.107920	-3.395481	23.080000
-0.610083	1.114011	-3.389959	23.180000
-0.606712	1.116316	-3.379530	23.280000
-0.603564	1.116075	-3.379208	23.380000
-0.600446	1.115462	-3.387294	23.480000
-0.597633	1.113226	-3.401336	23.580000
-0.594359	1.111627	-3.400881	23.681000
-0.591350	1.107921	-3.394283	23.780000
-0.588275	1.106242	-3.402615	23.881000
-0.585222	1.110323	-3.406219	23.980000
-0.582004	1.110942	-3.395429	24.080000
-0.578974	1.108751	-3.396325	24.180000
-0.575826	1.109772	-3.398933	24.280000
-0.572544	1.111691	-3.397182	24.380000
-0.569844	1.110273	-3.396758	24.480000
-0.566289	1.107247	-3.393939	24.580000
-0.563041	1.105721	-3.396913	24.680000
-0.560025	1.104223	-3.412825	24.780000
-0.556824	1.106184	-3.418024	24.880000
-0.553555	1.108518	-3.411097	24.980000
-0.550396	1.113111	-3.400869	25.080000
-0.547552	1.116284	-3.400576	25.180000
-0.544085	1.113422	-3.398201	25.280000
-0.541143	1.107428	-3.397555	25.380000
-0.537824	1.107296	-3.388708	25.480000
-0.534305	1.106257	-3.373858	25.581000
-0.530689	1.106171	-3.385112	25.680000
-0.527516	1.102177	-3.413570	25.781000
-0.523935	1.100435	-3.434896	25.880000
-0.520848	1.103913	-3.430345	25.980000
-0.517690	1.107194	-3.412995	26.081000
-0.514460	1.108639	-3.394204	26.180000
-0.511254	1.107772	-3.384752	26.280000
-0.508149	1.103386	-3.377571	26.380000
-0.504904	1.100451	-3.373112	26.481000
-0.501619	1.097797	-3.383506	26.581000
-0.498594	1.095986	-3.398564	26.681000
-0.494925	1.094469	-3.397538	26.780000
-0.491728	1.094494	-3.394979	26.880000
-0.488193	1.095208	-3.398873	26.980000
-0.485178	1.093637	-3.405884	27.080000
-0.481628	1.092220	-3.414555	27.180000
-0.478449	1.094763	-3.425619	27.281000
-0.475137	1.094704	-3.429308	27.381000
-0.472003	1.092310	-3.428918	27.480000
-0.468680	1.093096	-3.430694	27.580000
-0.465295	1.087823	-3.426291	27.681000
-0.462206	1.077457	-3.436884	27.780000
-0.458877	1.121635	-3.648595	27.880000
-0.455658	1.201153	-3.958042	27.980000
-0.452025	1.049795	-3.992851	28.080000
-0.448686	0.827180	-3.830002	28.180000
-0.445428	0.654970	-3.568353	28.280000
-0.442041	0.548184	-3.314084	28.380000
-0.439073	0.486433	-3.120124	28.480000
-0.435502	0.448973	-2.978022	28.581000
-0.432323	0.426083	-2.858981	28.680000
-0.429109	0.416550	-2.773174	28.780000
-0.425582	0.410677	-2.702640	28.880000
-0.422430	0.404452	-2.665528	28.980000
-0.419114	0.400613	-2.639051	29.080000
-0.415614	0.398758	-2.618201	29.180000
-0.411940	0.398831	-2.618385	29.280000
-0.408769	0.397089	-2.612316	29.380000
-0.405407	0.396292	-2.626292	29.480000
-0.402130	0.396445	-2.628654	29.580000
-0.398887	0.396517	-2.629037	29.680000
-0.395617	0.398624	-2.638976	29.780000
-0.392294	0.398537	-2.630906	29.880000
-0.388950	0.396825	-2.601423	29.980000
-0.385635	0.396736	-2.580192	30.080000
-0.382253	0.396363	-2.580691	30.180000
-0.379025	0.396583	-2.606255	30.280000
-0.375670	0.397651	-2.634773	30.380000
-0.372265	0.395846	-2.604921	30.480000
-0.369205	0.395039	-2.573066	30.580000
-0.365511	0.392403	-2.556149	30.680000
-0.362636	0.390939	-2.553173	30.780000
-0.359092	0.389580	-2.581784	30.880000
-0.355805	0.390746	-2.594437	30.980000
-0.352376	0.391985	-2.599880	31.080000
-0.349123	0.396245	-2.597428	31.180000
-0.345687	0.396374	-2.613795	31.280000
-0.342390	0.393572	-2.640116	31.380000
-0.339295	0.390986	-2.642875	31.480000
-0.335728	0.391144	-2.634806	31.581000
-0.332208	0.389946	-2.613226	31.680000
-0.329199	0.390068	-2.601252	31.780000
-0.325414	0.392974	-2.607401	31.880000
-0.322237	0.398395	-2.632141	31.981000
-0.319020	0.400490	-2.648194	32.080000
-0.315683	0.401666	-2.673995	32.180000
-0.312231	0.398731	-2.676445	32.280000
-0.308689	0.395565	-2.647223	32.380000
-0.305485	0.393953	-2.635589	32.480000
-0.302229	0.393550	-2.620251	32.580000
-0.298866	0.393870	-2.604178	32.680000
-0.295222	0.393184	-2.585217	32.780000
-0.291821	0.392098	-2.595366	32.880000
-0.288418	0.391435	-2.600161	32.980000
-0.285080	0.391522	-2.598540	33.080000
-0.281883	0.395706	-2.618433	33.180000
-0.278311	0.399970	-2.623985	33.280000
-0.275217	0.402857	-2.643618	33.380000
-0.271728	0.401566	-2.635464	33.480000
-0.268326	0.397667	-2.615956	33.580000
-0.264938	0.394269	-2.615872	33.680000
-0.261546	0.392399	-2.625134	33.780000
-0.258199	0.391667	-2.613255	33.880000
-0.254445	0.393772	-2.576021	33.981000
-0.251099	0.393046	-2.571095	34.080000
-0.247503	0.391297	-2.602338	34.180000
-0.244137	0.391005	-2.621863	34.280000
-0.240846	0.391228	-2.608214	34.381000
-0.237705	0.391077	-2.600029	34.480000
-0.234405	0.391377	-2.597595	34.580000
-0.230629	0.389889	-2.603349	34.680000
-0.227535	0.391376	-2.597595	34.780000
-0.223973	0.391615	-2.587811	34.880000
-0.220657	0.394444	-2.579098	34.980000
-0.217282	0.396619	-2.584998	35.080000
-0.213651	0.396479	-2.608193	35.180000
-0.210457	0.396619	-2.628563	35.280000
-0.206648	0.395508	-2.642327	35.380000
-0.203348	0.396916	-2.648947	35.480000
-0.199896	0.398763	-2.640246	35.580000
-0.196535	0.396733	-2.626674	35.680000
-0.193183	0.392179	-2.602583	35.780000
-0.189667	0.391526	-2.597819	35.880000
-0.186279	0.391360	-2.597601	35.981000
-0.182714	0.391448	-2.598103	36.081000
-0.179511	0.393013	-2.612087	36.180000
-0.175785	0.393920	-2.652595	36.280000
-0.172234	0.394374	-2.660749	36.380000
-0.168680	0.394067	-2.658859	36.480000
-0.165427	0.393161	-2.639255	36.581000
-0.161857	0.394578	-2.617108	36.680000
-0.158194	0.397702	-2.634823	36.780000
-0.155058	0.398838	-2.640639	36.880000
-0.151533	0.398838	-2.640654	36.980000
-0.148094	0.396742	-2.630003	37.080000
-0.144595	0.394226	-2.614984	37.180000
-0.141219	0.395093	-2.620847	37.280000
-0.138049	0.394154	-2.636895	37.380000
-0.134203	0.394182	-2.637353	37.480000
-0.130585	0.394090	-2.644585	37.580000
-0.127046	0.394624	-2.662367	37.680000
-0.123607	0.394250	-2.660087	37.780000
-0.120294	0.392269	-2.638338	37.880000
-0.116818	0.390990	-2.608265	37.980000
-0.113375	0.391272	-2.599873	38.080000
-0.109908	0.391588	-2.626475	38.180000
-0.106480	0.392238	-2.648906	38.280000
-0.102911	0.389791	-2.645533	38.380000
-0.099459	0.390155	-2.623153	38.480000
-0.096284	0.392624	-2.626355	38.581000
-0.092317	0.393946	-2.648418	38.680000
-0.088770	0.395311	-2.632458	38.780000
-0.084939	0.396500	-2.633261	38.880000
-0.081783	0.393822	-2.658328	38.981000
-0.078339	0.389889	-2.640693	39.080000
-0.074768	0.389153	-2.629849	39.180000
-0.071375	0.389199	-2.631833	39.280000
-0.068179	0.389079	-2.630909	39.380000
-0.064743	0.388802	-2.627899	39.480000
-0.060845	0.389041	-2.629278	39.581000
-0.057490	0.388751	-2.604013	39.680000
-0.054355	0.388981	-2.586541	39.781000
-0.050862	0.389201	-2.585499	39.880000
-0.047350	0.391300	-2.597596	39.980000
-0.043683	0.395353	-2.623265	40.080000
-0.040457	0.394943	-2.627051	40.180000
-0.036839	0.393990	-2.649072	40.280000
-0.033827	0.394052	-2.658849	40.380000
-0.030136	0.393570	-2.659219	40.480000
-0.026669	0.390115	-2.660137	40.580000
-0.023269	0.392972	-2.661649	40.681000
-0.019683	0.394062	-2.663774	40.780000
-0.016158	0.394577	-2.651377	40.881000
-0.012754	0.396509	-2.620901	40.980000
-0.009347	0.397202	-2.600035	41.080000
-0.005782	0.396629	-2.615808	41.180000
-0.002273	0.394139	-2.640903	41.280000
0.001267	0.391228	-2.643795	41.381000
0.004642	0.387429	-2.620556	41.480000
0.008106	0.386671	-2.614521	41.580000
0.011562	0.387248	-2.597480	41.680000
0.015086	0.387669	-2.613314	41.780000
0.018498	0.391497	-2.645031	41.880000
0.022340	0.393681	-2.663800	41.980000
0.025498	0.395569	-2.665874	42.081000
0.029216	0.394169	-2.660332	42.180000
0.032619	0.389424	-2.637631	42.280000
0.036306	0.386590	-2.608273	42.380000
0.039876	0.390634	-2.596245	42.481000
0.043338	0.393848	-2.624889	42.580000
0.046859	0.394093	-2.650897	42.681000
0.050249	0.393669	-2.646798	42.780000
0.053901	0.391230	-2.634207	42.881000
0.057427	0.389369	-2.632740	42.981000
0.061061	0.389086	-2.631366	43.080000
0.064399	0.389570	-2.646176	43.180000
0.067680	0.390920	-2.633596	43.280000
0.071272	0.392310	-2.621180	43.380000
0.074680	0.389505	-2.622807	43.480000
0.078337	0.392263	-2.610179	43.580000
0.081703	0.394082	-2.612569	43.680000
0.085480	0.394272	-2.595830	43.780000
0.088914	0.392833	-2.590592	43.880000
0.092312	0.389627	-2.588533	43.980000
0.095727	0.389584	-2.596998	44.080000
0.099130	0.391852	-2.614998	44.180000
0.102892	0.394140	-2.614260	44.280000
0.106256	0.391546	-2.598790	44.380000
0.109698	0.391385	-2.597602	44.480000
0.113539	0.389646	-2.588597	44.580000
0.117130	0.391051	-2.595904	44.680000
0.120543	0.391342	-2.597724	44.781000
0.124063	0.390133	-2.601774	44.881000
0.127602	0.392121	-2.590025	44.980000
0.131160	0.395423	-2.561403	45.080000
0.134581	0.396398	-2.556716	45.180000
0.138330	0.396594	-2.578236	45.280000
0.141698	0.398141	-2.598347	45.380000
0.145369	0.395916	-2.639400	45.480000
0.148920	0.393527	-2.657395	45.580000
0.152484	0.392810	-2.663060	45.680000
0.155807	0.391937	-2.660027	45.780000
0.159473	0.391957	-2.661281	45.881000
0.162991	0.390190	-2.648459	45.980000
0.166616	0.390848	-2.616906	46.080000
0.170388	0.391388	-2.597623	46.180000
0.173793	0.390746	-2.594419	46.280000
0.177249	0.386496	-2.585886	46.381000
0.180528	0.386551	-2.613230	46.480000
0.184127	0.390646	-2.612387	46.580000
0.187924	0.391253	-2.614796	46.680000
0.191067	0.390930	-2.619158	46.781000
0.194963	0.388732	-2.624227	46.880000
0.198578	0.385885	-2.640576	46.980000
0.202389	0.386512	-2.659428	47.080000
0.205810	0.389081	-2.636575	47.180000
0.209397	0.390190	-2.619705	47.280000
0.212988	0.393026	-2.596000	47.380000
0.216473	0.394295	-2.600867	47.480000
0.220045	0.392498	-2.604238	47.580000
0.223466	0.391546	-2.597860	47.680000
0.227221	0.392214	-2.597310	47.780000
0.230648	0.391992	-2.601216	47.880000
0.234169	0.391331	-2.623488	47.980000
0.237668	0.391241	-2.633540	48.081000
0.241620	0.392427	-2.628770	48.180000
0.245379	0.391785	-2.646984	48.280000
0.248774	0.388816	-2.629455	48.380000
0.252693	0.390391	-2.598514	48.480000
0.256019	0.392173	-2.570408	48.580000
0.259509	0.392246	-2.555031	48.680000
0.262963	0.391310	-2.564723	48.780000
0.266401	0.390913	-2.571980	48.880000
0.270249	0.392028	-2.597204	48.980000
0.273651	0.395884	-2.625103	49.080000
0.277418	0.397756	-2.635100	49.180000
0.280772	0.398770	-2.640244	49.280000
0.284556	0.398903	-2.625023	49.380000
0.288300	0.398336	-2.586988	49.480000
0.291578	0.396686	-2.586393	49.580000
0.295322	0.393274	-2.618888	49.680000
0.298781	0.391862	-2.616077	49.780000
0.302519	0.394406	-2.596695	49.881000
0.306040	0.398221	-2.596722	49.980000
0.309576	0.398358	-2.636574	50.080000
0.312961	0.396422	-2.649122	50.180000
0.316627	0.394725	-2.656925	50.280000
0.320256	0.395361	-2.666874	50.380000
0.323591	0.395360	-2.635607	50.480000
0.327658	0.395230	-2.628522	50.580000
0.331262	0.396577	-2.627565	50.680000
0.334698	0.396650	-2.626037	50.780000
0.338609	0.396328	-2.632846	50.880000
0.341947	0.393941	-2.650885	50.980000
0.345725	0.394130	-2.658968	51.080000
0.349277	0.396216	-2.679541	51.180000
0.353052	0.391692	-2.670332	51.280000
0.356568	0.389105	-2.651379	51.380000
0.360170	0.387503	-2.662417	51.481000
0.363731	0.387338	-2.667186	51.580000
0.367142	0.390963	-2.673537	51.681000
0.370917	0.392313	-2.652725	51.780000
0.374386	0.390647	-2.626587	51.881000
0.377916	0.393454	-2.615695	51.981000
0.381470	0.394540	-2.636499	52.080000
0.385241	0.393858	-2.658282	52.181000
0.388765	0.391506	-2.669716	52.280000
0.392250	0.391568	-2.689271	52.380000
0.396003	0.393075	-2.662448	52.480000
0.399460	0.392054	-2.628914	52.580000
0.403287	0.390579	-2.635202	52.680000
0.406709	0.391317	-2.615702	52.781000
0.410435	0.391408	-2.597591	52.881000
0.414534	0.389685	-2.568898	52.980000
0.418062	0.391134	-2.578914	53.081000
0.421858	0.394281	-2.614877	53.180000
0.425199	0.397217	-2.632151	53.280000
0.428889	0.397442	-2.633368	53.380000
0.432225	0.396564	-2.628810	53.481000
0.436041	0.398036	-2.636338	53.580000
0.439549	0.399987	-2.646822	53.680000
0.443106	0.405175	-2.684033	53.780000
0.446927	0.409127	-2.747527	53.881000
0.450302	0.410673	-2.808395	53.981000
0.454238	0.412603	-2.880578	54.080000
0.457837	0.422451	-3.040334	54.180000
0.461407	0.435974	-3.241738	54.280000
0.465250	0.452726	-3.503896	54.380000
0.468705	0.471983	-3.923324	54.481000
0.472268	0.508462	-4.548401	54.580000
0.475890	0.597457	-5.278857	54.680000
0.479503	1.039957	-5.437504	54.780000
0.483077	1.782727	-5.276777	54.880000
0.486725	2.160386	-5.253192	54.980000
0.490240	1.974141	-5.199181	55.080000
0.493773	1.582315	-4.996375	55.180000
0.497868	1.270321	-4.592796	55.280000
0.501424	1.119325	-4.116405	55.380000
0.505290	1.083393	-3.766741	55.481000
0.508869	1.088179	-3.593633	55.580000
0.512452	1.098583	-3.516576	55.680000
0.516369	1.105950	-3.467464	55.781000
0.519842	1.105427	-3.439767	55.880000
0.523445	1.101182	-3.433569	55.980000
0.526982	1.100923	-3.430453	56.080000
0.530654	1.100008	-3.424286	56.180000
0.534269	1.101070	-3.422366	56.280000
0.538015	1.099601	-3.404671	56.380000
0.541850	1.101140	-3.400299	56.481000
0.545274	1.101109	-3.395772	56.580000
0.549071	1.100671	-3.394631	56.680000
0.552772	1.097528	-3.403681	56.780000
0.556560	1.101131	-3.420801	56.880000
0.560223	1.104646	-3.422814	56.980000
0.563773	1.106189	-3.401165	57.080000
0.567260	1.107021	-3.392024	57.180000
0.570993	1.108445	-3.393851	57.280000
0.574602	1.110117	-3.402940	57.380000
0.578262	1.107723	-3.411717	57.481000
0.581592	1.107136	-3.400579	57.580000
0.585652	1.108586	-3.386372	57.680000
0.589219	1.108610	-3.382539	57.780000
0.592868	1.108882	-3.395253	57.881000
0.596419	1.107667	-3.424931	57.980000
0.600131	1.106700	-3.437926	58.080000
0.603831	1.106945	-3.432025	58.180000
0.607293	1.110249	-3.406608	58.281000
0.610819	1.111245	-3.387477	58.380000
0.614315	1.111600	-3.373121	58.480000
0.618173	1.111700	-3.360451	58.580000
0.621551	1.111609	-3.359359	58.680000
0.625385	1.109729	-3.381094	58.780000
0.629105	1.110997	-3.395986	58.880000
0.632636	1.113751	-3.406938	58.980000
0.636204	1.114353	-3.402234	59.080000
0.639821	1.113650	-3.380473	59.180000
0.643912	1.112635	-3.375067	59.281000
0.647087	1.110541	-3.386510	59.380000
0.650587	1.110097	-3.391548	59.480000
0.654370	1.111510	-3.393786	59.580000
0.657933	1.117759	-3.397907	59.680000
0.661435	1.121851	-3.397747	59.780000
0.665140	1.119205	-3.396076	59.880000
0.668883	1.114483	-3.397659	59.980000
0.672294	1.116329	-3.399624	60.080000
0.675957	1.117879	-3.389677	60.180000
0.679853	1.120232	-3.379378	60.280000
0.683414	1.118304	-3.384828	60.380000
0.687183	1.116323	-3.380449	60.481000
0.690449	1.115754	-3.381224	60.580000
0.694290	1.119954	-3.373204	60.680000
0.697904	1.127920	-3.376561	60.780000
0.701681	1.130920	-3.391274	60.881000
0.704990	1.124549	-3.386401	60.980000
0.709037	1.123281	-3.378674	61.080000
0.712573	1.125461	-3.360695	61.181000
0.716305	1.124310	-3.344435	61.280000
0.720133	1.124256	-3.348255	61.380000
0.723720	1.126265	-3.358368	61.480000
0.727432	1.129324	-3.349933	61.580000
0.731210	1.128945	-3.351542	61.680000
0.734931	1.126469	-3.356473	61.780000
0.738352	1.124456	-3.373482	61.880000
0.741847	1.124334	-3.386783	61.980000
0.745711	1.126093	-3.395439	62.081000
0.749267	1.128626	-3.391860	62.180000
0.752940	1.131307	-3.376981	62.280000
0.756870	1.128966	-3.375145	62.380000
0.760392	1.128078	-3.381601	62.480000
0.764085	1.131357	-3.380864	62.580000
0.767761	1.130246	-3.368031	62.680000
0.771562	1.130398	-3.364657	62.780000
0.775068	1.135564	-3.372446	62.880000
0.778649	1.137307	-3.372831	62.980000
0.782309	1.132925	-3.358992	63.080000
0.785974	1.129739	-3.349051	63.180000
0.789658	1.133345	-3.355047	63.280000
0.793177	1.136146	-3.369333	63.380000
0.796796	1.138456	-3.376338	63.480000
0.800275	1.143372	-3.380162	63.580000
0.804269	1.144649	-3.386336	63.680000
0.807812	1.144198	-3.381165	63.780000
0.811397	1.146312	-3.371778	63.880000
0.815298	1.146246	-3.358738	63.980000
0.818747	1.142650	-3.357816	64.080000
0.822390	1.140833	-3.362720	64.180000
0.826014	1.139124	-3.360398	64.280000
0.829693	1.137117	-3.355936	64.380000
0.833455	1.137014	-3.344401	64.481000
0.836964	1.137824	-3.339851	64.580000
0.840766	1.139625	-3.349311	64.680000
0.844548	1.140765	-3.363681	64.781000
0.848394	1.139512	-3.362362	64.880000
0.851897	1.141793	-3.342995	64.980000
0.855770	1.144329	-3.331494	65.080000
0.859217	1.142342	-3.342759	65.180000
0.862875	1.142595	-3.342644	65.280000
0.866758	1.144886	-3.340728	65.380000
0.870458	1.146921	-3.351575	65.480000
0.874088	1.146692	-3.355434	65.581000
0.877405	1.145748	-3.356628	65.680000
0.881085	1.146168	-3.356726	65.780000
0.885085	1.148718	-3.355008	65.880000
0.888777	1.154877	-3.355489	65.980000
0.892589	1.157579	-3.358627	66.080000
0.896030	1.157256	-3.362166	66.180000
0.899936	1.152902	-3.366752	66.280000
0.903468	1.149622	-3.359703	66.381000
0.906870	1.149944	-3.349746	66.480000
0.910888	1.149778	-3.339981	66.580000
0.914395	1.148377	-3.339887	66.680000
0.918083	1.152192	-3.333124	66.780000
0.921517	1.153836	-3.321162	66.880000
0.925660	1.155856	-3.319049	66.980000
0.929096	1.155873	-3.326588	67.080000
0.932901	1.154660	-3.335842	67.180000
0.936805	1.153389	-3.343821	67.280000
0.940173	1.151852	-3.355422	67.380000
0.943870	1.152902	-3.367285	67.480000
0.947468	1.151577	-3.366900	67.580000
0.951245	1.151231	-3.363544	67.680000
0.954695	1.153441	-3.361216	67.780000
0.958277	1.156163	-3.354793	67.880000
0.961930	1.157439	-3.347270	67.980000
0.965518	1.156338	-3.339819	68.080000
0.969251	1.157883	-3.339465	68.180000
0.972730	1.159637	-3.341226	68.281000
0.976743	1.161716	-3.343542	68.380000
0.980117	1.161902	-3.343064	68.480000
0.983537	1.162034	-3.342234	68.580000
0.987595	1.161392	-3.344769	68.680000
0.991097	1.159514	-3.350863	68.780000
0.994871	1.160518	-3.345779	68.881000
0.998181	1.161858	-3.342066	68.980000
1.002148	1.164982	-3.345178	69.080000
1.005624	1.165523	-3.336006	69.180000
1.009023	1.164619	-3.333607	69.280000
1.013065	1.167196	-3.342028	69.380000
1.016563	1.167713	-3.348988	69.480000
1.020093	1.169938	-3.353648	69.580000
1.023641	1.169980	-3.349212	69.680000
1.027251	1.169539	-3.341353	69.780000
1.030982	1.166967	-3.337767	69.880000
1.034659	1.165150	-3.334142	69.980000
1.038288	1.166941	-3.335830	70.080000
1.041616	1.170445	-3.339256	70.180000
1.045426	1.173960	-3.338230	70.280000
1.048938	1.173788	-3.344551	70.380000
1.052675	1.172506	-3.350932	70.480000
1.056505	1.174609	-3.335278	70.580000
1.060056	1.175144	-3.324157	70.680000
1.063450	1.173911	-3.329297	70.780000
1.063062	1.170457	-3.336160	70.880000
1.062257	1.174928	-3.334179	70.980000
1.061047	1.177090	-3.325752	71.080000
1.059520	1.175949	-3.324094	71.180000
1.058111	1.172417	-3.326594	71.280000
1.056291	1.173184	-3.324284	71.380000
1.054399	1.174651	-3.323489	71.480000
1.052073	1.177525	-3.316443	71.580000
1.049911	1.176911	-3.309191	71.681000
1.047714	1.174610	-3.309411	71.780000
1.045111	1.172842	-3.302273	71.880000
1.042972	1.169609	-3.310573	71.980000
1.040330	1.169657	-3.324685	72.080000
1.037870	1.171811	-3.325969	72.180000
1.035260	1.170511	-3.323510	72.280000
1.032604	1.167603	-3.311859	72.380000
1.029830	1.164870	-3.299160	72.481000
1.027119	1.161479	-3.304537	72.581000
1.024840	1.163901	-3.315902	72.681000
1.021781	1.166023	-3.323368	72.780000
1.019352	1.168486	-3.340817	72.880000
1.016155	1.169301	-3.348967	72.980000
1.013420	1.168395	-3.333426	73.080000
1.010588	1.170134	-3.314244	73.180000
1.008068	1.168812	-3.310240	73.280000
1.004724	1.168970	-3.313979	73.380000
1.001959	1.169587	-3.322863	73.480000
0.998982	1.169035	-3.322360	73.580000
0.996109	1.169832	-3.316138	73.681000
0.993241	1.165119	-3.310175	73.781000
0.990283	1.165481	-3.308326	73.880000
0.987008	1.167077	-3.316659	73.980000
0.984210	1.166138	-3.326684	74.080000
0.981235	1.164729	-3.340337	74.180000
0.978285	1.165982	-3.351642	74.280000
0.974838	1.166687	-3.356579	74.381000
0.971859	1.165040	-3.348933	74.480000
0.968559	1.164066	-3.345732	74.581000
0.965660	1.166660	-3.359884	74.681000
0.962565	1.166209	-3.373281	74.780000
0.959288	1.160864	-3.374376	74.880000
0.956369	1.159021	-3.368304	74.980000
0.953236	1.161281	-3.361548	75.080000
0.950010	1.162969	-3.350397	75.180000
0.947009	1.165036	-3.342275	75.280000
0.943825	1.166311	-3.338921	75.381000
0.940834	1.163693	-3.336101	75.480000
0.937504	1.157179	-3.333180	75.580000
0.934247	1.153130	-3.327190	75.680000
0.931124	1.150196	-3.328726	75.781000
0.927739	1.151767	-3.333234	75.880000
0.924922	1.152178	-3.339819	75.980000
0.921563	1.149440	-3.343382	76.080000
0.918471	1.146053	-3.339997	76.180000
0.915292	1.145607	-3.331932	76.280000
0.912194	1.148328	-3.329137	76.380000
0.908809	1.150545	-3.332097	76.481000
0.905788	1.154303	-3.336818	76.580000
0.902684	1.154620	-3.341745	76.680000
0.899264	1.154741	-3.339080	76.780000
0.896040	1.154469	-3.335664	76.880000
0.892543	1.158805	-3.340315	76.980000
0.889432	1.159999	-3.336218	77.080000
0.886206	1.159862	-3.343941	77.180000
0.883173	1.158153	-3.360097	77.280000
0.879811	1.154099	-3.362140	77.380000
0.876359	1.151140	-3.359808	77.481000
0.873303	1.151790	-3.357025	77.581000
0.869976	1.151290	-3.348252	77.680000
0.866975	1.147972	-3.367660	77.780000
0.863394	1.144932	-3.381531	77.880000
0.860232	1.147469	-3.373021	77.980000
0.857102	1.151170	-3.361850	78.080000
0.853981	1.149320	-3.357701	78.180000
0.850543	1.149092	-3.357502	78.280000
0.847297	1.146817	-3.357009	78.380000
0.844127	1.148082	-3.363229	78.480000
0.840780	1.149705	-3.371105	78.581000
0.837458	1.148372	-3.371384	78.680000
0.834418	1.146556	-3.380882	78.781000
0.831002	1.145113	-3.392368	78.880000
0.827841	1.145684	-3.393416	78.980000
0.824360	1.145884	-3.397917	79.080000
0.820828	1.147028	-3.401532	79.181000
0.817771	1.145393	-3.385450	79.280000
0.814560	1.143801	-3.369589	79.380000
0.811174	1.143755	-3.365139	79.480000
0.807848	1.141348	-3.362502	79.580000
0.804714	1.137094	-3.360218	79.680000
0.801277	1.130923	-3.358119	79.781000
0.798288	1.131751	-3.352061	79.880000
0.794827	1.136552	-3.348754	79.980000
0.791371	1.140085	-3.352703	80.080000
0.788052	1.140720	-3.342607	80.180000
0.784808	1.139107	-3.345013	80.281000
0.781541	1.139361	-3.345853	80.380000
0.777801	1.136225	-3.349614	80.481000
0.774504	1.133307	-3.370609	80.580000
0.771225	1.129477	-3.392539	80.680000
0.767913	1.125334	-3.396055	80.781000
0.764602	1.125270	-3.389026	80.881000
0.761267	1.125695	-3.377994	80.980000
0.758159	1.127633	-3.357601	81.080000
0.754722	1.127142	-3.345831	81.180000
0.751758	1.131739	-3.344585	81.280000
0.748168	1.132317	-3.350993	81.381000
0.744841	1.131045	-3.346016	81.480000
0.741624	1.131532	-3.338033	81.580000
0.738193	1.126804	-3.343109	81.680000
0.734981	1.124780	-3.347110	81.781000
0.731527	1.126257	-3.364081	81.880000
0.728352	1.128920	-3.380948	81.980000
0.724969	1.131656	-3.385011	82.081000
0.721327	1.129472	-3.390599	82.180000
0.718214	1.128779	-3.390523	82.281000
0.714609	1.129253	-3.375742	82.380000
0.711470	1.126318	-3.360243	82.480000
0.708248	1.122363	-3.361021	82.580000
0.704909	1.121137	-3.370067	82.680000
0.701798	1.123015	-3.370673	82.780000
0.698242	1.126116	-3.362678	82.880000
0.695245	1.128587	-3.360893	82.980000
0.691591	1.129355	-3.381612	83.080000
0.688327	1.127144	-3.392092	83.180000
0.684942	1.124795	-3.388360	83.280000
0.681487	1.121887	-3.382694	83.380000
0.678145	1.120546	-3.382801	83.480000
0.674918	1.120250	-3.386693	83.580000
0.671689	1.118453	-3.390411	83.681000
0.668205	1.122257	-3.385557	83.780000
0.664773	1.120032	-3.377878	83.880000
0.661301	1.119649	-3.375364	83.980000
0.657880	1.121421	-3.386115	84.080000
0.654313	1.121418	-3.382451	84.180000
0.651114	1.121804	-3.375838	84.280000
0.647792	1.121295	-3.373973	84.380000
0.644146	1.121368	-3.372948	84.480000
0.640919	1.120706	-3.371051	84.580000
0.637561	1.119673	-3.360212	84.680000
0.634167	1.116489	-3.362970	84.780000
0.630816	1.111545	-3.364339	84.881000
0.627378	1.107500	-3.365582	84.980000
0.623782	1.104191	-3.375627	85.081000
0.620331	1.105982	-3.386148	85.180000
0.616903	1.110246	-3.396673	85.281000
0.613508	1.112783	-3.394241	85.380000
0.610279	1.114900	-3.391401	85.480000
0.606778	1.116166	-3.392517	85.580000
0.603502	1.116742	-3.390613	85.680000
0.600152	1.114831	-3.382559	85.780000
0.596462	1.113604	-3.383951	85.880000
0.593241	1.113573	-3.390402	85.980000
0.589977	1.112491	-3.399459	86.080000
0.586665	1.113184	-3.401952	86.180000
0.583074	1.113915	-3.413671	86.281000
0.579379	1.113830	-3.419578	86.380000
0.576099	1.112956	-3.408894	86.480000
0.572430	1.113860	-3.389962	86.580000
0.569023	1.110543	-3.369812	86.680000
0.565477	1.104054	-3.352290	86.780000
0.562343	1.097110	-3.350263	86.880000
0.558955	1.097190	-3.355808	86.980000
0.555461	1.097000	-3.355664	87.080000
0.551865	1.099527	-3.362732	87.180000
0.548709	1.100601	-3.375609	87.280000
0.545242	1.101208	-3.376475	87.381000
0.541477	1.103161	-3.377162	87.480000
0.538006	1.103238	-3.379631	87.581000
0.534530	1.102318	-3.386988	87.680000
0.530951	1.100824	-3.403787	87.781000
0.527614	1.101104	-3.406041	87.880000
0.524118	1.099111	-3.400711	87.980000
0.520868	1.096575	-3.393335	88.080000
0.517215	1.093155	-3.375531	88.180000
0.513809	1.090353	-3.364133	88.280000
0.510231	1.092724	-3.358140	88.380000
0.506831	1.097439	-3.357002	88.480000
0.503587	1.099061	-3.371184	88.581000
0.499756	1.099119	-3.375517	88.680000
0.496410	1.096386	-3.379650	88.780000
0.492780	1.097107	-3.383370	88.880000
0.489499	1.096565	-3.393563	88.980000
0.486020	1.092417	-3.435413	89.080000
0.482603	1.186761	-3.777459	89.180000
0.479070	1.201077	-4.072106	89.280000
0.475681	0.993607	-4.111364	89.380000
0.472257	0.764471	-3.963578	89.480000
0.468778	0.606434	-3.673489	89.580000
0.465403	0.515672	-3.364803	89.680000
0.461712	0.471331	-3.118813	89.780000
0.458420	0.444767	-2.939933	89.880000
0.454873	0.426155	-2.803831	89.980000
0.451315	0.414889	-2.726507	90.080000
0.448068	0.408205	-2.680426	90.180000
0.444649	0.404149	-2.649172	90.280000
0.441036	0.401311	-2.633868	90.381000
0.437785	0.399644	-2.635538	90.480000
0.434080	0.399213	-2.642604	90.580000
0.430894	0.398717	-2.641120	90.680000
0.427095	0.396112	-2.630498	90.780000
0.423684	0.393739	-2.607900	90.880000
0.420155	0.394569	-2.609256	90.980000
0.416480	0.392240	-2.602703	91.080000
0.412897	0.395122	-2.626374	91.180000
0.409445	0.394887	-2.639008	91.280000
0.405888	0.398661	-2.641927	91.380000
0.402348	0.402623	-2.627805	91.480000
0.398943	0.401266	-2.623662	91.580000
0.395533	0.396140	-2.618366	91.680000
0.392085	0.394234	-2.592020	91.780000
0.388494	0.395629	-2.563815	91.880000
0.385046	0.396406	-2.561373	91.980000
0.381646	0.395351	-2.573949	92.080000
0.378057	0.393070	-2.555516	92.180000
0.374720	0.393856	-2.523816	92.280000
0.371167	0.392465	-2.524534	92.380000
0.367446	0.392839	-2.538209	92.480000
0.364061	0.392142	-2.545115	92.580000
0.360382	0.395809	-2.554873	92.680000
0.356946	0.398918	-2.551713	92.780000
0.353582	0.400322	-2.573008	92.881000
0.350241	0.395779	-2.593392	92.980000
0.346732	0.391478	-2.598083	93.080000
0.343070	0.393415	-2.590994	93.180000
0.339732	0.395455	-2.566816	93.280000
0.335810	0.394078	-2.561373	93.380000
0.332272	0.394026	-2.580808	93.480000
0.328529	0.393602	-2.594473	93.580000
0.325217	0.391718	-2.600911	93.680000
0.321687	0.391492	-2.599472	93.780000
0.318026	0.392670	-2.597086	93.880000
0.314614	0.393348	-2.596233	93.980000
0.310919	0.388924	-2.595767	94.080000
0.307766	0.388645	-2.580107	94.181000
0.303898	0.394318	-2.560933	94.280000
0.300639	0.397027	-2.572262	94.380000
0.297029	0.394836	-2.604514	94.480000
0.293178	0.391396	-2.620378	94.580000
0.289882	0.392341	-2.609856	94.681000
0.286220	0.394814	-2.619015	94.780000
0.282687	0.393331	-2.608776	94.880000
0.279190	0.394063	-2.591192	94.980000
0.275749	0.395908	-2.603971	95.080000
0.272069	0.393613	-2.609622	95.180000
0.268702	0.391110	-2.596063	95.280000
0.265142	0.391393	-2.597597	95.381000
0.261438	0.392728	-2.588098	95.480000
0.258186	0.394990	-2.565239	95.581000
0.254609	0.396333	-2.577359	95.680000
0.250828	0.396790	-2.579429	95.780000
0.247435	0.396492	-2.581316	95.880000
0.243895	0.396303	-2.584508	95.980000
0.240310	0.397242	-2.585888	96.080000
0.236775	0.395744	-2.594102	96.180000
0.233549	0.393162	-2.587724	96.280000
0.229857	0.395159	-2.568946	96.381000
0.226317	0.397967	-2.564426	96.480000
0.222989	0.400989	-2.560507	96.580000
0.219375	0.398695	-2.553435	96.680000
0.215684	0.396720	-2.574793	96.780000
0.212064	0.395915	-2.609632	96.880000
0.208462	0.393429	-2.609992	96.980000
0.204827	0.391165	-2.592102	97.081000
0.201319	0.390059	-2.556970	97.180000
0.197782	0.389532	-2.540127	97.281000
0.194094	0.386921	-2.554659	97.380000
0.190663	0.389052	-2.584756	97.480000
0.187196	0.391543	-2.602478	97.580000
0.183729	0.391459	-2.599064	97.680000
0.179826	0.391384	-2.606487	97.780000
0.176135	0.388867	-2.639265	97.880000
0.172712	0.387550	-2.626426	97.981000
0.169223	0.389196	-2.593108	98.081000
0.165936	0.391361	-2.562024	98.180000
0.162162	0.394032	-2.565614	98.280000
0.158918	0.395274	-2.581120	98.380000
0.155282	0.393072	-2.585151	98.480000
0.151735	0.393064	-2.585962	98.581000
0.148242	0.394373	-2.567759	98.680000
0.144429	0.391960	-2.578745	98.780000
0.141181	0.391716	-2.596706	98.880000
0.137568	0.392914	-2.586038	98.980000
0.134113	0.392056	-2.563747	99.080000
0.130395	0.393776	-2.538579	99.180000
0.126916	0.393931	-2.525831	99.280000
0.123052	0.394558	-2.561009	99.380000
0.119386	0.395366	-2.586048	99.481000
0.115860	0.397029	-2.585197	99.580000
0.112374	0.400227	-2.601727	99.680000
0.108563	0.400128	-2.619050	99.780000
0.105132	0.397031	-2.603491	99.880000
0.101496	0.396234	-2.602493	99.980000
0.098198	0.393123	-2.605326	100.080000
0.094088	0.387132	-2.572265	100.180000
0.090837	0.383738	-2.541396	100.280000
0.087106	0.383396	-2.538293	100.381000
0.083605	0.385468	-2.554476	100.481000
0.080056	0.388771	-2.559778	100.580000
0.076235	0.389227	-2.540534	100.680000
0.072879	0.389247	-2.558664	100.780000
0.069032	0.392208	-2.560036	100.880000
0.065558	0.392484	-2.556505	100.980000
0.061851	0.389490	-2.563335	101.081000
0.058353	0.391288	-2.593313	101.180000
0.054751	0.391661	-2.596795	101.280000
0.051244	0.396142	-2.597391	101.380000
0.047787	0.397007	-2.599961	101.480000
0.044163	0.396019	-2.612301	101.581000
0.040530	0.391985	-2.601409	101.680000
0.037225	0.389499	-2.587897	101.781000
0.033860	0.386257	-2.566735	101.880000
0.030301	0.384217	-2.553728	101.980000
0.026558	0.385841	-2.557298	102.080000
0.023217	0.389161	-2.541174	102.180000
0.019463	0.390341	-2.544444	102.280000
0.015961	0.390645	-2.546058	102.380000
0.012365	0.391364	-2.565406	102.480000
0.008953	0.392409	-2.597235	102.580000
0.005598	0.396055	-2.617286	102.680000
0.001734	0.393110	-2.622225	102.780000
-0.001748	0.389233	-2.624255	102.880000
-0.005804	0.391001	-2.615160	102.980000
-0.009490	0.391451	-2.600182	103.080000
-0.013054	0.390509	-2.582443	103.180000
-0.016509	0.391204	-2.549940	103.280000
-0.020047	0.393793	-2.546817	103.381000
-0.024018	0.395399	-2.565443	103.480000
-0.027157	0.396324	-2.580230	103.580000
-0.030997	0.394072	-2.595100	103.680000
-0.034437	0.389466	-2.620137	103.780000
-0.038252	0.386587	-2.613238	103.880000
-0.041639	0.387193	-2.615756	103.980000
-0.045376	0.388819	-2.657559	104.080000
-0.049089	0.391373	-2.676536	104.180000
-0.052582	0.393986	-2.652051	104.281000
-0.056180	0.394040	-2.616738	104.380000
-0.059894	0.391452	-2.598097	104.480000
-0.063428	0.391365	-2.596179	104.580000
-0.067083	0.392481	-2.566751	104.680000
-0.070747	0.389955	-2.562430	104.780000
-0.074295	0.392065	-2.560325	104.880000
-0.077649	0.395083	-2.575037	104.980000
-0.081266	0.396546	-2.585123	105.081000
-0.084911	0.396893	-2.583810	105.180000
-0.088682	0.399137	-2.597291	105.281000
-0.092372	0.401454	-2.610129	105.380000
-0.096138	0.398353	-2.593193	105.480000
-0.099860	0.396387	-2.573599	105.580000
-0.103311	0.403158	-2.587325	105.680000
-0.106958	0.407455	-2.600312	105.780000
-0.110812	0.402279	-2.607329	105.881000
-0.114368	0.398626	-2.594391	105.980000
-0.117851	0.396539	-2.580926	106.080000
-0.121425	0.393046	-2.591671	106.180000
-0.125193	0.391619	-2.598982	106.280000
-0.128580	0.391165	-2.596456	106.381000
-0.132607	0.389244	-2.586523	106.480000
-0.136205	0.389012	-2.585303	106.580000
-0.139904	0.389431	-2.582646	106.680000
-0.143563	0.393663	-2.584038	106.780000
-0.146984	0.391751	-2.566082	106.880000
-0.150831	0.391693	-2.551805	106.980000
-0.154311	0.391389	-2.549904	107.080000
-0.158164	0.391124	-2.553396	107.180000
-0.161479	0.391303	-2.551801	107.280000
-0.165250	0.391053	-2.582504	107.380000
-0.168988	0.388347	-2.632398	107.480000
-0.172404	0.387977	-2.630893	107.580000
-0.176465	0.390848	-2.589115	107.680000
-0.180017	0.391872	-2.555124	107.780000
-0.183780	0.391507	-2.550776	107.880000
-0.187372	0.394461	-2.568702	107.980000
-0.190898	0.396396	-2.580696	108.080000
-0.194820	0.394153	-2.573420	108.180000
-0.198054	0.392397	-2.594702	108.280000
-0.201877	0.389860	-2.609465	108.380000
-0.205532	0.389314	-2.573969	108.480000
-0.209147	0.390477	-2.533267	108.580000
-0.212489	0.390723	-2.539554	108.680000
-0.216217	0.388032	-2.570613	108.780000
-0.220266	0.384648	-2.561323	108.880000
-0.223813	0.385436	-2.561390	108.980000
-0.227352	0.386921	-2.560544	109.080000
-0.231098	0.388684	-2.540521	109.180000
-0.234907	0.384766	-2.564835	109.280000
-0.238405	0.382411	-2.585172	109.380000
-0.242386	0.387041	-2.571461	109.480000
-0.245928	0.388992	-2.559762	109.581000
-0.249387	0.390769	-2.566491	109.680000
-0.253243	0.395282	-2.577823	109.780000
-0.256708	0.396398	-2.563115	109.880000
-0.260295	0.395121	-2.560978	109.980000
-0.264123	0.393359	-2.554999	110.080000
-0.267669	0.394078	-2.522426	110.180000
-0.271359	0.394125	-2.536875	110.280000
-0.274930	0.394529	-2.553880	110.381000
-0.278731	0.396244	-2.560105	110.481000
-0.282264	0.396469	-2.566473	110.580000
-0.285748	0.393533	-2.568334	110.680000
-0.289369	0.388602	-2.560964	110.780000
-0.292956	0.389081	-2.561894	110.880000
-0.296922	0.389672	-2.586198	110.980000
-0.300122	0.392121	-2.579425	111.080000
-0.304024	0.395000	-2.597336	111.180000
-0.307699	0.396243	-2.602421	111.280000
-0.311285	0.395719	-2.587758	111.380000
-0.314687	0.394178	-2.591021	111.480000
-0.318327	0.391430	-2.573019	111.580000
-0.322024	0.391228	-2.554418	111.680000
-0.325496	0.392543	-2.583803	111.781000
-0.329331	0.390921	-2.621181	111.880000
-0.332753	0.390215	-2.637881	111.980000
-0.336229	0.392670	-2.654289	112.080000
-0.340058	0.391531	-2.636392	112.181000
-0.343419	0.392247	-2.606901	112.280000
-0.347459	0.391926	-2.598068	112.380000
-0.351308	0.394311	-2.582319	112.481000
-0.355070	0.391337	-2.555805	112.580000
-0.358735	0.388131	-2.571267	112.681000
-0.362108	0.389330	-2.563769	112.780000
-0.366067	0.390326	-2.554979	112.880000
-0.369319	0.392449	-2.580639	112.980000
-0.373225	0.391539	-2.597695	113.080000
-0.376538	0.391444	-2.597374	113.181000
-0.380239	0.391349	-2.597598	113.280000
-0.383899	0.389982	-2.603513	113.380000
-0.387691	0.390528	-2.597242	113.480000
-0.391677	0.390021	-2.619232	113.580000
-0.395083	0.390243	-2.626526	113.680000
-0.399034	0.391733	-2.600084	113.780000
-0.402363	0.394702	-2.595650	113.880000
-0.406193	0.396442	-2.587819	113.980000
-0.409842	0.396375	-2.575929	114.080000
-0.413385	0.396828	-2.561107	114.181000
-0.417084	0.395924	-2.560611	114.280000
-0.420559	0.395761	-2.577012	114.380000
-0.424270	0.396642	-2.600534	114.480000
-0.427841	0.401080	-2.628141	114.580000
-0.431850	0.406999	-2.669809	114.680000
-0.435404	0.412384	-2.734670	114.780000
-0.439418	0.416299	-2.847448	114.880000
-0.442997	0.421335	-2.998688	114.980000
-0.446652	0.435700	-3.213985	115.080000
-0.450480	0.455490	-3.531284	115.181000
-0.454093	0.481862	-4.021272	115.280000
-0.457814	0.523907	-4.707694	115.380000
-0.461500	0.706375	-5.335302	115.480000
-0.465188	1.377306	-5.251583	115.580000
-0.468850	2.054152	-5.185813	115.680000
-0.472427	2.177955	-5.177829	115.780000
-0.476303	1.848999	-5.081151	115.880000
-0.479960	1.454509	-4.816906	115.980000
-0.483665	1.188553	-4.379730	116.080000
-0.487355	1.087224	-3.937641	116.180000
-0.490932	1.076772	-3.657239	116.280000
-0.494572	1.087714	-3.515256	116.380000
-0.498333	1.097898	-3.449448	116.480000
-0.501893	1.100925	-3.421567	116.580000
-0.505380	1.099407	-3.405840	116.680000
-0.509023	1.098067	-3.387616	116.780000
-0.512662	1.098233	-3.379636	116.880000
-0.516256	1.096133	-3.376481	116.980000
-0.519925	1.095916	-3.375323	117.080000
-0.523727	1.096148	-3.364231	117.180000
-0.527524	1.100356	-3.358847	117.280000
-0.531029	1.105416	-3.363354	117.380000
-0.534819	1.104572	-3.366546	117.481000
-0.538659	1.099314	-3.369077	117.580000
-0.542295	1.098833	-3.356505	117.680000
-0.546105	1.101120	-3.359791	117.780000
-0.549660	1.105691	-3.366965	117.881000
-0.553228	1.106814	-3.368109	117.980000
-0.556580	1.106975	-3.357320	118.080000
-0.560590	1.107106	-3.354245	118.180000
-0.564206	1.111179	-3.351218	118.280000
-0.568019	1.106922	-3.358993	118.380000
-0.571861	1.102210	-3.366919	118.480000
-0.575401	1.099464	-3.373241	118.580000
-0.579126	1.101248	-3.378623	118.681000
-0.582714	1.107161	-3.375866	118.780000
-0.586143	1.110763	-3.377948	118.880000
-0.589979	1.111633	-3.373321	118.980000
-0.593453	1.111696	-3.371008	119.080000
-0.597008	1.113604	-3.364538	119.180000
-0.600673	1.114884	-3.359904	119.280000
-0.604506	1.116359	-3.355183	119.380000
-0.608016	1.114113	-3.356086	119.480000
-0.611685	1.110451	-3.345657	119.581000
-0.615174	1.109478	-3.340557	119.680000
-0.618720	1.111000	-3.336922	119.780000
-0.622566	1.110096	-3.339737	119.880000
-0.626093	1.113711	-3.334718	119.980000
-0.629686	1.117356	-3.327696	120.080000
-0.633309	1.117903	-3.315570	120.180000
-0.636685	1.119015	-3.318580	120.280000
-0.640251	1.121851	-3.346165	120.380000
-0.643883	1.123951	-3.366515	120.481000
-0.647742	1.123359	-3.363225	120.580000
-0.651104	1.122407	-3.354996	120.680000
-0.654679	1.122748	-3.345629	120.780000
-0.656492	1.121545	-3.342186	120.880000
-0.657796	1.117789	-3.345881	120.980000
-0.659065	1.117844	-3.344406	121.080000
-0.659972	1.120738	-3.337216	121.180000
-0.660849	1.124009	-3.348554	121.280000
-0.661450	1.126512	-3.367291	121.380000
-0.662424	1.126692	-3.376182	121.481000
-0.662858	1.125740	-3.370229	121.580000
-0.663189	1.124766	-3.356402	121.680000
-0.663731	1.123941	-3.353258	121.780000
-0.664523	1.122333	-3.360030	121.882000
-0.664843	1.126237	-3.373434	121.980000
-0.665334	1.127931	-3.360756	122.080000
-0.665828	1.129018	-3.350513	122.180000
-0.666004	1.127379	-3.352991	122.280000
-0.666377	1.125184	-3.354094	122.380000
-0.666716	1.123208	-3.353492	122.480000
-0.667012	1.124687	-3.347817	122.580000
-0.667471	1.124431	-3.343993	122.681000
-0.667635	1.124823	-3.351687	122.780000
-0.668026	1.125860	-3.357959	122.880000
-0.668426	1.127783	-3.359323	122.980000
-0.668361	1.128832	-3.356492	123.080000
-0.668771	1.126622	-3.353166	123.180000
-0.668649	1.127851	-3.353709	123.281000
-0.669283	1.127941	-3.358008	123.380000
-0.669159	1.128120	-3.355285	123.480000
-0.669485	1.132253	-3.347127	123.580000
-0.669822	1.130691	-3.340799	123.680000
-0.669766	1.126240	-3.330145	123.780000
-0.670162	1.125385	-3.317496	123.880000
-0.670112	1.128027	-3.332309	123.980000
-0.670434	1.130598	-3.348380	124.080000
-0.670431	1.127001	-3.364824	124.180000
-0.670611	1.125308	-3.374609	124.280000
-0.670982	1.124905	-3.374229	124.381000
-0.670908	1.124630	-3.373970	124.480000
-0.671277	1.120559	-3.373475	124.580000
-0.671235	1.117280	-3.368184	124.681000
-0.671251	1.120408	-3.360321	124.780000
-0.671327	1.124041	-3.350597	124.880000
-0.671386	1.126191	-3.339514	124.980000
-0.671713	1.126074	-3.344008	125.080000
-0.671728	1.126766	-3.365318	125.180000
-0.671995	1.126617	-3.376568	125.281000
-0.671973	1.125292	-3.373913	125.380000
-0.672138	1.126519	-3.358243	125.480000
-0.672060	1.125545	-3.346960	125.580000
-0.672295	1.121574	-3.341068	125.680000
-0.672042	1.119549	-3.340607	125.780000
-0.672402	1.123444	-3.343350	125.880000
-0.672347	1.126971	-3.358763	125.980000
-0.672510	1.126840	-3.367367	126.080000
-0.672792	1.129930	-3.364311	126.181000
-0.672754	1.128274	-3.357681	126.280000
-0.672717	1.124722	-3.348732	126.380000
-0.672540	1.126542	-3.351155	126.481000
-0.672626	1.126980	-3.353697	126.580000
-0.672980	1.123796	-3.347020	126.681000
-0.672821	1.122510	-3.339829	126.780000
-0.672871	1.120524	-3.340008	126.880000
-0.673008	1.122079	-3.341587	126.980000
-0.672937	1.121297	-3.345603	127.080000
-0.672844	1.120392	-3.349065	127.180000
-0.672988	1.122156	-3.353760	127.280000
-0.673277	1.118679	-3.360184	127.380000
-0.673280	1.120861	-3.359281	127.480000
-0.673325	1.123750	-3.357869	127.580000
-0.673234	1.120522	-3.358290	127.680000
-0.673369	1.118990	-3.357851	127.780000
-0.673216	1.120391	-3.352292	127.880000
-0.673279	1.121655	-3.345440	127.980000
-0.673378	1.121801	-3.343017	128.080000
-0.673361	1.123803	-3.355409	128.180000
-0.673435	1.125334	-3.370954	128.280000
-0.673408	1.124724	-3.357942	128.380000
-0.673524	1.122548	-3.341139	128.481000
-0.673577	1.122148	-3.326932	128.580000
-0.673539	1.126520	-3.323074	128.681000
-0.673821	1.126715	-3.333619	128.781000
-0.673676	1.124397	-3.339530	128.880000
-0.673678	1.123279	-3.350020	128.980000
-0.673485	1.122434	-3.361834	129.080000
-0.673704	1.122134	-3.371654	129.180000
-0.673610	1.121818	-3.371157	129.280000
-0.673615	1.121649	-3.363712	129.380000
-0.673823	1.125949	-3.360229	129.480000
-0.673851	1.126054	-3.359821	129.581000
-0.673719	1.123334	-3.359991	129.680000
-0.673840	1.124934	-3.362307	129.781000
-0.673826	1.129021	-3.360812	129.880000
-0.673860	1.127998	-3.371110	129.980000
-0.673866	1.125477	-3.374787	130.080000
-0.673998	1.124322	-3.362521	130.180000
-0.673743	1.124272	-3.352516	130.280000
-0.673925	1.128673	-3.336646	130.380000
-0.673911	1.129409	-3.344858	130.480000
-0.673891	1.129107	-3.353442	130.580000
-0.674003	1.129878	-3.351915	130.681000
-0.673644	1.131628	-3.355890	130.780000
-0.673847	1.129290	-3.364295	130.880000
-0.673874	1.123064	-3.371003	130.980000
-0.673955	1.122669	-3.360535	131.080000
-0.674033	1.123007	-3.360853	131.180000
-0.674109	1.124551	-3.363499	131.280000
-0.674280	1.125034	-3.355439	131.380000
-0.673881	1.122161	-3.339528	131.480000
-0.674289	1.121054	-3.333460	131.580000
-0.674174	1.120637	-3.343255	131.680000
-0.674218	1.119885	-3.346759	131.780000
-0.673997	1.122139	-3.355227	131.880000
-0.673969	1.124174	-3.358816	131.980000
-0.674117	1.125686	-3.358340	132.081000
-0.674151	1.125411	-3.351983	132.180000
-0.674272	1.125140	-3.352509	132.281000
-0.674165	1.123355	-3.364796	132.380000
-0.674303	1.120448	-3.376258	132.481000
-0.674360	1.121168	-3.383682	132.581000
-0.674159	1.121555	-3.368738	132.680000
-0.674422	1.122646	-3.346813	132.780000
-0.674177	1.125187	-3.339289	132.881000
-0.674404	1.127841	-3.335791	132.980000
-0.674183	1.127470	-3.335078	133.081000
-0.674185	1.126444	-3.333701	133.180000
-0.674043	1.121571	-3.326281	133.280000
-0.673997	1.123807	-3.323055	133.380000
-0.674387	1.124014	-3.321050	133.480000
-0.674283	1.121636	-3.326011	133.580000
-0.674136	1.121223	-3.332388	133.680000
-0.674178	1.121141	-3.333801	133.780000
-0.674310	1.119876	-3.347043	133.880000
-0.674116	1.120410	-3.369124	133.980000
-0.674233	1.121855	-3.379325	134.080000
-0.674738	1.121897	-3.370115	134.180000
-0.674470	1.120801	-3.369881	134.280000
-0.674588	1.124739	-3.362610	134.380000
-0.674646	1.126585	-3.366305	134.480000
-0.674732	1.126591	-3.372361	134.580000
-0.674760	1.126661	-3.365190	134.681000
-0.674874	1.126049	-3.360323	134.780000
-0.674633	1.124161	-3.356946	134.880000
-0.674541	1.124034	-3.346960	134.980000
-0.674794	1.123969	-3.348944	135.080000
-0.674865	1.124147	-3.355660	135.180000
-0.674739	1.124104	-3.357940	135.280000
-0.674864	1.122051	-3.362348	135.380000
-0.674773	1.122329	-3.359403	135.480000
-0.674915	1.123432	-3.355176	135.580000
-0.674756	1.126632	-3.354354	135.680000
-0.674937	1.130169	-3.357396	135.780000
-0.674656	1.130749	-3.353902	135.880000
-0.674860	1.128731	-3.347609	135.980000
-0.674800	1.126685	-3.356131	136.080000
-0.674587	1.125890	-3.359876	136.180000
-0.674971	1.126265	-3.360792	136.281000
-0.675002	1.126421	-3.360489	136.380000
-0.675034	1.124272	-3.359515	136.480000
-0.675067	1.121646	-3.368354	136.580000
-0.675192	1.120679	-3.376027	136.681000
-0.675134	1.118925	-3.381581	136.780000
-0.675079	1.122618	-3.377268	136.881000
-0.674925	1.126219	-3.360410	136.980000
-0.674944	1.126878	-3.350542	137.080000
-0.675049	1.124014	-3.343498	137.180000
-0.674963	1.122426	-3.339267	137.280000
-0.674876	1.121221	-3.337951	137.380000
-0.674939	1.119557	-3.346271	137.481000
-0.674975	1.122226	-3.355330	137.580000
-0.675097	1.122430	-3.361037	137.680000
-0.674859	1.125537	-3.369332	137.780000
-0.675442	1.126130	-3.373903	137.881000
-0.674991	1.126489	-3.359344	137.980000
-0.674965	1.126511	-3.354793	138.080000
-0.675048	1.125724	-3.349544	138.180000
-0.674868	1.124265	-3.335522	138.280000
-0.675090	1.124747	-3.332118	138.380000
-0.675046	1.120965	-3.342807	138.480000
-0.675241	1.122904	-3.348155	138.580000
-0.674938	1.124414	-3.344270	138.680000
-0.675130	1.127840	-3.342604	138.781000
-0.675098	1.130026	-3.341126	138.880000
-0.675033	1.129917	-3.339285	138.980000
-0.675062	1.124290	-3.343171	139.080000
-0.675098	1.122663	-3.351075	139.181000
-0.675173	1.123683	-3.355385	139.280000
-0.674961	1.118323	-3.348195	139.380000
-0.674899	1.114292	-3.348921	139.481000
-0.675136	1.114055	-3.348165	139.581000
-0.674886	1.117541	-3.346136	139.681000
-0.675255	1.122847	-3.342305	139.780000
-0.675110	1.123526	-3.352651	139.880000
-0.675262	1.125679	-3.372772	139.980000
-0.675049	1.126432	-3.365699	140.081000
-0.674992	1.124040	-3.359010	140.181000
-0.674931	1.119592	-3.368777	140.280000
-0.674912	1.117703	-3.368790	140.380000
-0.674789	1.123478	-3.354764	140.480000
-0.674883	1.129902	-3.347864	140.580000
-0.675112	1.128710	-3.353607	140.680000
-0.675085	1.125878	-3.359793	140.780000
-0.675185	1.124032	-3.352528	140.880000
-0.674873	1.125924	-3.359052	140.981000
-0.674955	1.124839	-3.365882	141.080000
-0.675155	1.124563	-3.373711	141.180000
-0.674940	1.122861	-3.374446	141.281000
-0.675231	1.119586	-3.380768	141.380000
-0.675067	1.120322	-3.378388	141.481000
-0.674872	1.121699	-3.374752	141.580000
-0.674630	1.122701	-3.362864	141.680000
-0.674819	1.122059	-3.349051	141.780000
-0.674783	1.123101	-3.341860	141.880000
-0.674789	1.123012	-3.336550	141.980000
-0.674853	1.122729	-3.331942	142.080000
-0.674832	1.121750	-3.326937	142.180000
-0.674998	1.124380	-3.331513	142.280000
-0.675044	1.124069	-3.342593	142.380000
-0.674660	1.122209	-3.354799	142.480000
-0.674888	1.119700	-3.354392	142.580000
-0.674822	1.120824	-3.362251	142.681000
-0.675068	1.119851	-3.376670	142.780000
-0.674770	1.117877	-3.381455	142.880000
-0.674854	1.120176	-3.382281	142.980000
-0.674931	1.123045	-3.381449	143.080000
-0.674558	1.124841	-3.366021	143.180000
-0.674763	1.126095	-3.340008	143.280000
-0.674472	1.127146	-3.326452	143.380000
-0.674546	1.126676	-3.330444	143.480000
-0.674479	1.124580	-3.348628	143.580000
-0.674625	1.123174	-3.369744	143.680000
-0.674644	1.118391	-3.389799	143.780000
-0.674338	1.121620	-3.408611	143.880000
-0.674657	1.126403	-3.403653	143.980000
-0.674458	1.127141	-3.390977	144.080000
-0.674679	1.124329	-3.387155	144.180000
