-0.674686	1.124329	-3.315952	7.825000
-0.675064	1.125635	-3.317305	7.925000
-0.674842	1.126610	-3.328796	8.025000
-0.675003	1.124171	-3.352923	8.126000
-0.675042	1.123762	-3.374402	8.225000
-0.675005	1.122353	-3.369959	8.325000
-0.675089	1.123423	-3.358746	8.425000
-0.675011	1.125314	-3.342525	8.525000
-0.675184	1.125965	-3.343624	8.625000
-0.675012	1.125516	-3.350875	8.725000
-0.674879	1.124521	-3.355276	8.825000
-0.674795	1.123453	-3.349314	8.925000
-0.675038	1.126793	-3.336146	9.025000
-0.674699	1.129840	-3.338899	9.125000
-0.674483	1.126561	-3.354580	9.226000
-0.674620	1.125949	-3.363056	9.325000
-0.674499	1.126856	-3.360950	9.426000
-0.674614	1.128648	-3.354585	9.525000
-0.674502	1.125521	-3.363744	9.625000
-0.674619	1.124259	-3.378520	9.725000
-0.674708	1.123630	-3.379728	9.825000
-0.674720	1.120789	-3.369471	9.926000
-0.674679	1.117695	-3.362716	10.025000
-0.674532	1.116578	-3.361776	10.126000
-0.674563	1.120983	-3.358309	10.225000
-0.674933	1.124356	-3.355989	10.325000
-0.674654	1.126719	-3.347375	10.425000
-0.674844	1.127373	-3.338855	10.525000
-0.674809	1.123618	-3.341798	10.626000
-0.674704	1.123449	-3.336974	10.725000
-0.674704	1.125899	-3.338321	10.825000
-0.674646	1.120821	-3.353765	10.926000
-0.674872	1.119289	-3.352307	11.025000
-0.674756	1.120158	-3.338473	11.125000
-0.674939	1.121138	-3.325801	11.225000
-0.674806	1.123418	-3.331773	11.325000
-0.674844	1.125399	-3.345993	11.425000
-0.674770	1.126830	-3.354372	11.525000
-0.674165	1.126714	-3.358557	11.625000
-0.672266	1.127618	-3.351681	11.725000
-0.670072	1.125116	-3.346115	11.825000
-0.667550	1.124427	-3.350321	11.925000
-0.665017	1.127103	-3.352139	12.026000
-0.662882	1.127905	-3.357935	12.125000
-0.660101	1.128709	-3.368550	12.225000
-0.657513	1.129466	-3.371222	12.325000
-0.654870	1.129106	-3.362948	12.426000
-0.651917	1.125093	-3.353668	12.525000
-0.649155	1.120619	-3.346050	12.625000
-0.646331	1.119337	-3.351709	12.725000
-0.643670	1.118813	-3.355115	12.825000
-0.640870	1.121040	-3.355414	12.925000
-0.637679	1.123416	-3.351022	13.025000
-0.634939	1.122962	-3.346881	13.125000
-0.631920	1.123476	-3.340550	13.225000
-0.629109	1.124542	-3.341387	13.325000
-0.626249	1.123023	-3.350375	13.426000
-0.623252	1.119864	-3.352784	13.525000
-0.620052	1.120724	-3.348040	13.625000
-0.616989	1.122701	-3.346317	13.725000
-0.614038	1.119556	-3.353313	13.826000
-0.610924	1.117205	-3.375879	13.925000
-0.608073	1.116475	-3.385063	14.025000
-0.604437	1.112819	-3.366608	14.125000
-0.601834	1.109873	-3.350779	14.225000
-0.598520	1.112080	-3.357309	14.325000
-0.595548	1.113068	-3.374640	14.426000
-0.592395	1.113927	-3.386392	14.526000
-0.589180	1.111204	-3.382187	14.625000
-0.586257	1.111468	-3.362342	14.725000
-0.583153	1.109618	-3.358276	14.825000
-0.580065	1.108478	-3.378037	14.925000
-0.576846	1.107229	-3.388290	15.025000
-0.573999	1.107623	-3.382619	15.125000
-0.570832	1.108159	-3.358120	15.225000
-0.567410	1.110186	-3.349120	15.325000
-0.564357	1.111875	-3.358185	15.425000
-0.561088	1.111885	-3.367302	15.526000
-0.557973	1.110279	-3.379035	15.625000
-0.554928	1.106748	-3.391246	15.725000
-0.551746	1.106832	-3.395213	15.825000
-0.548588	1.105890	-3.391837	15.925000
-0.545356	1.106063	-3.384080	16.025000
-0.542235	1.106995	-3.381298	16.125000
-0.538752	1.108826	-3.376891	16.226000
-0.535568	1.108688	-3.383207	16.326000
-0.532185	1.109435	-3.397765	16.426000
-0.528878	1.109911	-3.401807	16.526000
-0.525875	1.111652	-3.384464	16.626000
-0.522473	1.109965	-3.355938	16.725000
-0.519564	1.111262	-3.337855	16.825000
-0.516207	1.109915	-3.340499	16.925000
-0.512853	1.107990	-3.360384	17.025000
-0.509754	1.108742	-3.378274	17.125000
-0.506677	1.106121	-3.397697	17.225000
-0.503113	1.103721	-3.425131	17.327000
-0.499841	1.099979	-3.438768	17.425000
-0.496779	1.099348	-3.439295	17.525000
-0.492993	1.100755	-3.431421	17.625000
-0.490044	1.099668	-3.415906	17.725000
-0.486595	1.097409	-3.396731	17.825000
-0.483160	1.093682	-3.380694	17.925000
-0.479911	1.092644	-3.366737	18.025000
-0.476897	1.092692	-3.366366	18.125000
-0.473678	1.096966	-3.358670	18.225000
-0.470443	1.101379	-3.348606	18.325000
-0.467106	1.101194	-3.351885	18.426000
-0.463826	1.089154	-3.373610	18.525000
-0.460610	1.105520	-3.530464	18.625000
-0.457391	1.195770	-3.860180	18.725000
-0.453896	1.077529	-3.935598	18.825000
-0.450657	0.859667	-3.817279	18.925000
-0.447135	0.680637	-3.601258	19.026000
-0.444014	0.560282	-3.343266	19.125000
-0.440519	0.492853	-3.112491	19.225000
-0.437336	0.453055	-2.965452	19.325000
-0.434079	0.429148	-2.869883	19.426000
-0.430425	0.413103	-2.798806	19.525000
-0.427351	0.404079	-2.749565	19.625000
-0.423726	0.401211	-2.702744	19.725000
-0.420685	0.397156	-2.677629	19.825000
-0.417441	0.394691	-2.663029	19.925000
-0.413858	0.394527	-2.645786	20.025000
-0.410552	0.398155	-2.610383	20.125000
-0.407060	0.401263	-2.589541	20.225000
-0.404066	0.402070	-2.586349	20.325000
-0.400580	0.400951	-2.587216	20.425000
-0.397570	0.399140	-2.575490	20.525000
-0.394143	0.396724	-2.575123	20.625000
-0.390619	0.393543	-2.563032	20.725000
-0.387586	0.395132	-2.555131	20.825000
-0.384026	0.396304	-2.568590	20.926000
-0.380812	0.396140	-2.604717	21.025000
-0.377331	0.395490	-2.622813	21.126000
-0.373993	0.392098	-2.618875	21.225000
-0.370658	0.392908	-2.617172	21.325000
-0.367306	0.394972	-2.603334	21.425000
-0.364168	0.392301	-2.580157	21.525000
-0.360656	0.393380	-2.553081	21.625000
-0.357707	0.396036	-2.555394	21.725000
-0.354260	0.396296	-2.561650	21.826000
-0.350880	0.396315	-2.579574	21.925000
-0.347463	0.392423	-2.595199	22.026000
-0.344111	0.390693	-2.619144	22.125000
-0.341039	0.389291	-2.632176	22.225000
-0.337379	0.393095	-2.653902	22.325000
-0.334286	0.393626	-2.656474	22.425000
-0.330788	0.393474	-2.659601	22.525000
-0.327668	0.390319	-2.656485	22.625000
-0.324227	0.386999	-2.624207	22.725000
-0.320807	0.389245	-2.598149	22.826000
-0.317700	0.391673	-2.599530	22.925000
-0.314132	0.391442	-2.598102	23.025000
-0.311182	0.391074	-2.601282	23.126000
-0.307298	0.390867	-2.617126	23.226000
-0.304014	0.392352	-2.643674	23.325000
-0.300767	0.394622	-2.680031	23.425000
-0.297132	0.396387	-2.683311	23.526000
-0.293756	0.394200	-2.663455	23.625000
-0.290187	0.393983	-2.654791	23.725000
-0.286752	0.396870	-2.637379	23.826000
-0.283546	0.398742	-2.640251	23.925000
-0.280080	0.398453	-2.638749	24.025000
-0.276841	0.395594	-2.631234	24.125000
-0.273370	0.392103	-2.607936	24.225000
-0.270024	0.391610	-2.589965	24.325000
-0.266623	0.392734	-2.584046	24.426000
-0.263071	0.392123	-2.611235	24.526000
-0.259825	0.390505	-2.644445	24.625000
-0.256261	0.387835	-2.647829	24.725000
-0.253101	0.386141	-2.600042	24.825000
-0.249233	0.388467	-2.571095	24.925000
-0.245963	0.391350	-2.550973	25.025000
-0.242488	0.394431	-2.554413	25.125000
-0.239224	0.394659	-2.580892	25.226000
-0.235673	0.394579	-2.595162	25.325000
-0.232212	0.394480	-2.605644	25.425000
-0.228816	0.393006	-2.607478	25.530000
-0.225217	0.394813	-2.631092	25.625000
-0.222272	0.393305	-2.653468	25.725000
-0.218738	0.388393	-2.613856	25.825000
-0.215155	0.385047	-2.584634	25.925000
-0.211891	0.385123	-2.605779	26.026000
-0.207887	0.385444	-2.573359	26.125000
-0.204807	0.388570	-2.548969	26.225000
-0.201259	0.392473	-2.526730	26.325000
-0.197975	0.396122	-2.551071	26.425000
-0.194543	0.396398	-2.566627	26.525000
-0.191172	0.396001	-2.560279	26.625000
-0.187724	0.394732	-2.551692	26.726000
-0.184525	0.393685	-2.541903	26.825000
-0.181083	0.391029	-2.527717	26.925000
-0.177323	0.392243	-2.533342	27.025000
-0.174048	0.392422	-2.556150	27.126000
-0.170183	0.392407	-2.600336	27.225000
-0.166754	0.393996	-2.645112	27.325000
-0.163235	0.394138	-2.659250	27.426000
-0.159897	0.393611	-2.654870	27.526000
-0.156514	0.391701	-2.621130	27.626000
-0.153003	0.391020	-2.594962	27.725000
-0.149531	0.389285	-2.577090	27.825000
-0.146327	0.392171	-2.602255	27.925000
-0.142622	0.394443	-2.605132	28.026000
-0.139472	0.392112	-2.567073	28.125000
-0.135915	0.391554	-2.550888	28.225000
-0.132468	0.395033	-2.554145	28.325000
-0.128654	0.395892	-2.573151	28.425000
-0.125535	0.393890	-2.578890	28.526000
-0.121838	0.394033	-2.591101	28.625000
-0.118426	0.396323	-2.602809	28.725000
-0.114706	0.394183	-2.603342	28.825000
-0.111317	0.392890	-2.578712	28.926000
-0.108018	0.392314	-2.550784	29.025000
-0.104662	0.395391	-2.536335	29.125000
-0.101154	0.395930	-2.552075	29.225000
-0.097533	0.393742	-2.575408	29.325000
-0.094102	0.391889	-2.592508	29.425000
-0.090425	0.391317	-2.592960	29.525000
-0.086791	0.391991	-2.581262	29.626000
-0.083274	0.391601	-2.558308	29.725000
-0.079998	0.391726	-2.535534	29.826000
-0.076619	0.392973	-2.546041	29.925000
-0.073040	0.390534	-2.564692	30.026000
-0.069720	0.392362	-2.606954	30.125000
-0.066118	0.395676	-2.613976	30.225000
-0.063045	0.397409	-2.588837	30.325000
-0.059556	0.395502	-2.599865	30.425000
-0.056033	0.395044	-2.570133	30.525000
-0.052959	0.395966	-2.532714	30.625000
-0.049440	0.397841	-2.542773	30.726000
-0.045980	0.397317	-2.558088	30.825000
-0.042443	0.396398	-2.578569	30.925000
-0.038946	0.395299	-2.582303	31.025000
-0.035714	0.391295	-2.589691	31.125000
-0.031991	0.386976	-2.602593	31.225000
-0.028794	0.388582	-2.591144	31.325000
-0.025180	0.389467	-2.588020	31.425000
-0.021766	0.388283	-2.606096	31.526000
-0.018278	0.387650	-2.652459	31.626000
-0.014415	0.387593	-2.657860	31.725000
-0.011049	0.389009	-2.664253	31.825000
-0.007564	0.390217	-2.693024	31.926000
-0.004561	0.387439	-2.684277	32.025000
-0.000796	0.385789	-2.633236	32.125000
0.002626	0.388209	-2.591015	32.225000
0.006245	0.389249	-2.561145	32.325000
0.009616	0.389243	-2.561120	32.426000
0.013009	0.390890	-2.593828	32.525000
0.016623	0.391376	-2.610452	32.625000
0.020111	0.392647	-2.598755	32.725000
0.023806	0.396252	-2.580552	32.825000
0.027092	0.393631	-2.572541	32.925000
0.030734	0.391829	-2.592836	33.026000
0.034482	0.396218	-2.604419	33.125000
0.037728	0.396169	-2.608193	33.225000
0.041378	0.397585	-2.599569	33.325000
0.044621	0.397703	-2.588571	33.425000
0.048475	0.397654	-2.561650	33.525000
0.052021	0.400059	-2.544698	33.625000
0.055506	0.396567	-2.547994	33.725000
0.059080	0.390619	-2.557871	33.825000
0.062649	0.390297	-2.600609	33.925000
0.066028	0.391020	-2.598927	34.025000
0.069524	0.391403	-2.597583	34.125000
0.073050	0.390218	-2.606569	34.225000
0.076521	0.390994	-2.604750	34.325000
0.079987	0.392754	-2.605774	34.425000
0.083633	0.395305	-2.620734	34.526000
0.086887	0.393120	-2.598827	34.626000
0.090397	0.393330	-2.576392	34.725000
0.094113	0.390214	-2.567283	34.825000
0.097296	0.391493	-2.575820	34.925000
0.100992	0.392040	-2.596388	35.025000
0.104568	0.391797	-2.598495	35.125000
0.108190	0.395921	-2.601726	35.225000
0.111440	0.394773	-2.597653	35.326000
0.115273	0.391495	-2.597594	35.425000
0.118973	0.391473	-2.598069	35.526000
0.122496	0.393709	-2.611633	35.625000
0.125960	0.393597	-2.610932	35.725000
0.129326	0.393930	-2.596056	35.825000
0.133001	0.393454	-2.587461	35.925000
0.136518	0.393670	-2.590782	36.025000
0.139945	0.395643	-2.578123	36.126000
0.143440	0.394469	-2.573121	36.225000
0.147153	0.393607	-2.593617	36.325000
0.150553	0.391089	-2.596017	36.425000
0.154139	0.389451	-2.588226	36.525000
0.157783	0.390018	-2.593758	36.626000
0.161308	0.391308	-2.617804	36.725000
0.164981	0.391209	-2.594911	36.825000
0.168525	0.394351	-2.557637	36.926000
0.171995	0.397696	-2.566450	37.025000
0.175362	0.396059	-2.589145	37.125000
0.178965	0.391564	-2.605462	37.225000
0.182550	0.390298	-2.632588	37.326000
0.185817	0.390763	-2.619207	37.425000
0.189512	0.392486	-2.593164	37.525000
0.192972	0.395115	-2.572825	37.626000
0.196456	0.396022	-2.549381	37.725000
0.200538	0.396573	-2.544917	37.825000
0.203977	0.390729	-2.548127	37.925000
0.207425	0.389039	-2.560590	38.025000
0.211109	0.389319	-2.578232	38.125000
0.214674	0.390379	-2.555753	38.225000
0.218335	0.390863	-2.552109	38.326000
0.221716	0.389406	-2.571193	38.425000
0.225338	0.390986	-2.573983	38.525000
0.228747	0.390371	-2.566752	38.625000
0.232462	0.392000	-2.567029	38.725000
0.235779	0.394228	-2.593684	38.825000
0.239494	0.394045	-2.592529	38.925000
0.243573	0.391151	-2.604114	39.026000
0.247057	0.384942	-2.615296	39.126000
0.250624	0.384111	-2.613309	39.225000
0.254325	0.389317	-2.606406	39.326000
0.257974	0.392047	-2.601456	39.425000
0.261173	0.393374	-2.620679	39.526000
0.264750	0.389470	-2.610018	39.625000
0.268533	0.386111	-2.566777	39.725000
0.271815	0.387825	-2.533532	39.825000
0.275702	0.390811	-2.507929	39.926000
0.278948	0.393506	-2.525116	40.025000
0.282975	0.394240	-2.562412	40.125000
0.286344	0.394018	-2.576301	40.225000
0.289728	0.391736	-2.560227	40.325000
0.293189	0.387869	-2.547328	40.425000
0.296966	0.385119	-2.553188	40.525000
0.300540	0.387799	-2.562334	40.625000
0.304001	0.389156	-2.581199	40.725000
0.307680	0.389163	-2.578680	40.826000
0.311123	0.391208	-2.552370	40.925000
0.314937	0.392422	-2.555964	41.025000
0.318259	0.390692	-2.561303	41.125000
0.321831	0.390809	-2.589706	41.225000
0.325630	0.391726	-2.599569	41.325000
0.329438	0.392111	-2.605936	41.425000
0.332976	0.391107	-2.621657	41.525000
0.336552	0.390042	-2.612782	41.625000
0.340248	0.387194	-2.583645	41.725000
0.343856	0.388319	-2.576723	41.825000
0.347509	0.393076	-2.570084	41.925000
0.351066	0.397283	-2.554753	42.025000
0.354570	0.399641	-2.562206	42.125000
0.358128	0.396849	-2.560187	42.225000
0.361643	0.395312	-2.569103	42.325000
0.365150	0.393297	-2.619787	42.425000
0.368832	0.394010	-2.658381	42.525000
0.372310	0.395533	-2.637827	42.626000
0.375909	0.395925	-2.600506	42.725000
0.379422	0.395944	-2.606027	42.825000
0.383144	0.393821	-2.616668	42.926000
0.386778	0.390296	-2.630393	43.026000
0.390391	0.392775	-2.619986	43.125000
0.393972	0.394930	-2.597874	43.225000
0.397605	0.396340	-2.580219	43.325000
0.401311	0.396259	-2.579825	43.425000
0.404629	0.392507	-2.594327	43.525000
0.408217	0.389600	-2.598485	43.626000
0.412265	0.391572	-2.594425	43.725000
0.415906	0.391873	-2.615420	43.825000
0.419525	0.395965	-2.630915	43.926000
0.423023	0.394147	-2.614370	44.025000
0.426753	0.392024	-2.597122	44.125000
0.430209	0.390712	-2.606989	44.225000
0.433886	0.390284	-2.616519	44.326000
0.437619	0.391473	-2.604267	44.425000
0.441237	0.395309	-2.620892	44.525000
0.445022	0.403260	-2.664132	44.626000
0.448329	0.410399	-2.700385	44.725000
0.452097	0.411969	-2.721812	44.825000
0.455861	0.417485	-2.822741	44.925000
0.459399	0.426318	-3.003397	45.025000
0.463075	0.442012	-3.216705	45.125000
0.466606	0.460403	-3.487858	45.225000
0.470304	0.485336	-3.926455	45.325000
0.473817	0.522345	-4.559308	45.425000
0.477380	0.619707	-5.294116	45.526000
0.480953	1.113824	-5.365295	45.625000
0.484482	1.859394	-5.213827	45.725000
0.488192	2.184856	-5.193306	45.825000
0.491850	1.960520	-5.135407	45.925000
0.495510	1.557662	-4.922238	46.026000
0.499338	1.251472	-4.520761	46.125000
0.503243	1.108700	-4.053357	46.225000
0.506630	1.077622	-3.711622	46.325000
0.510457	1.082069	-3.534042	46.425000
0.514150	1.087843	-3.454370	46.525000
0.517977	1.095287	-3.406664	46.625000
0.521312	1.100707	-3.383389	46.725000
0.524833	1.102825	-3.384600	46.825000
0.528800	1.101403	-3.388770	46.925000
0.532125	1.103091	-3.397878	47.025000
0.535905	1.106554	-3.398323	47.125000
0.539497	1.108410	-3.374206	47.226000
0.543438	1.106860	-3.354281	47.325000
0.547185	1.106635	-3.352465	47.425000
0.550501	1.106688	-3.354098	47.525000
0.554607	1.107019	-3.351077	47.625000
0.558000	1.107402	-3.343511	47.725000
0.561642	1.107422	-3.344325	47.825000
0.564967	1.106004	-3.351666	47.925000
0.568648	1.106320	-3.361675	48.025000
0.572426	1.106561	-3.359135	48.125000
0.575933	1.107249	-3.354505	48.225000
0.579664	1.109548	-3.356214	48.325000
0.583229	1.110865	-3.364226	48.425000
0.587203	1.111147	-3.362289	48.526000
0.590784	1.111527	-3.372925	48.625000
0.594484	1.112418	-3.374056	48.725000
0.598250	1.115628	-3.377057	48.825000
0.601646	1.113737	-3.367123	48.925000
0.605229	1.109240	-3.355922	49.025000
0.608723	1.106553	-3.350201	49.125000
0.612557	1.109425	-3.336560	49.225000
0.616150	1.111848	-3.335065	49.325000
0.619756	1.114735	-3.348967	49.425000
0.623518	1.114948	-3.370185	49.526000
0.627074	1.113000	-3.377240	49.625000
0.630576	1.115210	-3.366733	49.725000
0.634375	1.116225	-3.358539	49.825000
0.637747	1.116083	-3.362018	49.925000
0.641405	1.118067	-3.361705	50.025000
0.645162	1.121781	-3.364976	50.126000
0.648639	1.125399	-3.366129	50.225000
0.652287	1.125562	-3.357938	50.325000
0.656061	1.120208	-3.354970	50.425000
0.659738	1.116728	-3.361913	50.525000
0.663171	1.116260	-3.356337	50.625000
0.666815	1.115165	-3.346893	50.725000
0.670491	1.118979	-3.353896	50.826000
0.674144	1.117371	-3.356690	50.925000
0.677620	1.117277	-3.366589	51.025000
0.681158	1.117888	-3.375558	51.126000
0.685057	1.118649	-3.369890	51.225000
0.688523	1.118824	-3.355295	51.326000
0.692021	1.122116	-3.342229	51.425000
0.695549	1.123426	-3.331570	51.526000
0.699372	1.128136	-3.328019	51.625000
0.703022	1.127290	-3.330897	51.726000
0.706499	1.124247	-3.330745	51.825000
0.710294	1.125732	-3.341684	51.926000
0.714207	1.124566	-3.344118	52.025000
0.717898	1.122347	-3.336485	52.126000
0.721708	1.122035	-3.326103	52.225000
0.725375	1.123369	-3.324127	52.325000
0.728741	1.119278	-3.334866	52.425000
0.732620	1.117916	-3.347524	52.525000
0.736125	1.123994	-3.355692	52.625000
0.739743	1.126883	-3.352069	52.725000
0.743626	1.126413	-3.349503	52.825000
0.747114	1.128004	-3.339014	52.925000
0.750479	1.128210	-3.331357	53.025000
0.754144	1.127334	-3.330784	53.125000
0.758087	1.125412	-3.332206	53.225000
0.761796	1.129881	-3.328942	53.325000
0.765169	1.133318	-3.327085	53.425000
0.769107	1.136633	-3.339041	53.525000
0.772832	1.138835	-3.350286	53.626000
0.776471	1.140708	-3.353394	53.725000
0.780046	1.140648	-3.360620	53.825000
0.783656	1.140824	-3.375106	53.925000
0.787170	1.143896	-3.371007	54.025000
0.790570	1.140908	-3.353279	54.125000
0.794768	1.136531	-3.336439	54.225000
0.797854	1.135293	-3.341068	54.325000
0.801797	1.133887	-3.351304	54.425000
0.805546	1.134590	-3.355428	54.525000
0.809115	1.137573	-3.348336	54.625000
0.812802	1.140461	-3.342324	54.725000
0.816461	1.139519	-3.343286	54.826000
0.819921	1.135963	-3.342735	54.925000
0.823674	1.134062	-3.337126	55.025000
0.827480	1.139201	-3.333074	55.125000
0.830797	1.141223	-3.323409	55.225000
0.834540	1.142516	-3.317367	55.326000
0.838041	1.144380	-3.314252	55.425000
0.841630	1.143482	-3.318713	55.525000
0.845734	1.141282	-3.321393	55.625000
0.849495	1.140369	-3.319361	55.725000
0.853382	1.139404	-3.319035	55.825000
0.856956	1.141349	-3.334257	55.925000
0.860679	1.144556	-3.347078	56.025000
0.864299	1.143349	-3.354797	56.125000
0.868032	1.139513	-3.352621	56.225000
0.871530	1.139471	-3.350344	56.326000
0.875263	1.139845	-3.345144	56.425000
0.879068	1.141365	-3.334069	56.526000
0.882611	1.142515	-3.315242	56.625000
0.886434	1.144283	-3.305717	56.726000
0.890240	1.147688	-3.306610	56.825000
0.893697	1.151032	-3.307719	56.925000
0.897585	1.155930	-3.310468	57.026000
0.901157	1.156341	-3.309658	57.126000
0.905094	1.154890	-3.317221	57.225000
0.908513	1.153653	-3.327204	57.325000
0.912081	1.151605	-3.322516	57.425000
0.915965	1.152326	-3.310668	57.525000
0.919246	1.152406	-3.306121	57.626000
0.922983	1.152668	-3.324932	57.725000
0.926512	1.153747	-3.351782	57.825000
0.930420	1.151790	-3.360615	57.925000
0.934152	1.155133	-3.356787	58.025000
0.937703	1.156685	-3.338165	58.125000
0.941445	1.154215	-3.311615	58.225000
0.944923	1.155125	-3.292662	58.325000
0.948934	1.155452	-3.294023	58.425000
0.952275	1.156843	-3.296009	58.526000
0.956172	1.155628	-3.294381	58.625000
0.959480	1.157055	-3.295991	58.725000
0.963143	1.158910	-3.297830	58.825000
0.966921	1.159322	-3.298085	58.926000
0.970421	1.159601	-3.299824	59.025000
0.974287	1.161268	-3.308147	59.125000
0.977696	1.162856	-3.312590	59.225000
0.981692	1.159007	-3.300953	59.326000
0.984839	1.157230	-3.296343	59.425000
0.988984	1.156071	-3.301363	59.525000
0.992663	1.159584	-3.300742	59.625000
0.995827	1.163000	-3.302130	59.725000
0.999751	1.165393	-3.305941	59.825000
1.003339	1.165678	-3.312824	59.925000
1.007010	1.164871	-3.320927	60.025000
1.010463	1.164541	-3.332004	60.125000
1.014100	1.164398	-3.329467	60.225000
1.017834	1.164458	-3.318722	60.325000
1.021386	1.164933	-3.305280	60.425000
1.024893	1.165588	-3.306947	60.525000
1.028353	1.163650	-3.304644	60.625000
1.032449	1.163654	-3.313555	60.725000
1.035909	1.166309	-3.306840	60.825000
1.039352	1.170601	-3.295859	60.926000
1.043243	1.171970	-3.298070	61.025000
1.046746	1.171444	-3.303881	61.125000
1.050480	1.169923	-3.302419	61.225000
1.054059	1.170818	-3.297836	61.325000
1.057739	1.171984	-3.288844	61.425000
1.061444	1.175762	-3.290689	61.526000
1.063276	1.176228	-3.299036	61.625000
1.062840	1.174851	-3.312984	61.725000
1.061980	1.172295	-3.317170	61.826000
1.060882	1.174560	-3.320160	61.925000
1.058870	1.176741	-3.303735	62.025000
1.057339	1.176637	-3.295409	62.125000
1.055381	1.174229	-3.294102	62.225000
1.053752	1.169210	-3.287052	62.326000
1.051482	1.165784	-3.278820	62.426000
1.049111	1.165144	-3.271968	62.525000
1.046487	1.169333	-3.277878	62.625000
1.044445	1.171575	-3.294161	62.725000
1.042357	1.171158	-3.292814	62.825000
1.039405	1.166252	-3.276656	62.925000
1.036844	1.163987	-3.277214	63.025000
1.034015	1.166867	-3.284377	63.125000
1.031498	1.165214	-3.290198	63.225000
1.029143	1.166011	-3.301035	63.325000
1.026212	1.165905	-3.322244	63.425000
1.023702	1.164658	-3.333615	63.525000
1.020965	1.170323	-3.332011	63.626000
1.017899	1.171738	-3.324283	63.725000
1.015305	1.171204	-3.308599	63.826000
1.012261	1.173255	-3.305687	63.925000
1.009728	1.170439	-3.311825	64.025000
1.006498	1.170001	-3.306630	64.125000
1.003789	1.167401	-3.302283	64.226000
1.000532	1.165086	-3.303264	64.326000
0.997666	1.165618	-3.302210	64.425000
0.995054	1.159808	-3.307931	64.525000
0.990809	1.104756	-3.305245	64.625000
0.989219	0.723742	-3.104891	64.725000
0.985988	0.695301	-2.974701	64.826000
0.982905	0.855503	-3.118106	64.925000
0.980179	0.987484	-3.242121	65.025000
0.976989	1.061814	-3.308247	65.125000
0.973843	1.103137	-3.324571	65.225000
0.970546	1.125833	-3.331830	65.325000
0.967492	1.134823	-3.336118	65.425000
0.964303	1.138778	-3.333521	65.525000
0.961383	1.139687	-3.327284	65.626000
0.958295	1.140290	-3.334361	65.725000
0.955448	1.139698	-3.328978	65.825000
0.952016	1.141478	-3.335054	65.926000
0.949065	1.139296	-3.333374	66.026000
0.945878	1.133797	-3.331512	66.126000
0.942957	1.134837	-3.345203	66.225000
0.939613	1.135967	-3.354292	66.325000
0.936766	1.137177	-3.353499	66.425000
0.933065	1.140665	-3.350688	66.525000
0.930316	1.140360	-3.350073	66.625000
0.927010	1.136758	-3.343491	66.725000
0.923952	1.136987	-3.340426	66.826000
0.920325	1.139284	-3.343987	66.926000
0.917576	1.141839	-3.345516	67.025000
0.914112	1.140517	-3.355429	67.125000
0.911107	1.136960	-3.359374	67.225000
0.907783	1.133900	-3.345786	67.325000
0.904513	1.131937	-3.338456	67.425000
0.901652	1.131755	-3.334894	67.526000
0.897860	1.134221	-3.336368	67.625000
0.894821	1.135030	-3.347687	67.725000
0.891476	1.134447	-3.359102	67.825000
0.888133	1.132432	-3.362119	67.926000
0.885311	1.129750	-3.354974	68.025000
0.881853	1.123994	-3.349478	68.125000
0.878592	1.123602	-3.343794	68.225000
0.875124	1.127865	-3.331570	68.325000
0.871973	1.126253	-3.330894	68.426000
0.868972	1.122229	-3.333069	68.525000
0.865490	1.121305	-3.336026	68.625000
0.862176	1.120560	-3.348561	68.725000
0.859168	1.123803	-3.358293	68.825000
0.856156	1.121829	-3.368529	68.925000
0.852597	1.119531	-3.370921	69.026000
0.849269	1.116322	-3.362704	69.125000
0.846064	1.117664	-3.340598	69.225000
0.842669	1.121559	-3.324763	69.325000
0.839731	1.123186	-3.322984	69.425000
0.835951	1.117861	-3.310595	69.525000
0.833152	1.113508	-3.301832	69.626000
0.829733	1.109981	-3.313091	69.725000
0.826505	1.108804	-3.325522	69.825000
0.823179	1.112506	-3.319777	69.925000
0.819544	1.114822	-3.311552	70.025000
0.816553	1.118343	-3.321197	70.125000
0.813035	1.119012	-3.320918	70.225000
0.809737	1.119102	-3.320506	70.325000
0.806273	1.120086	-3.325410	70.425000
0.803222	1.117558	-3.333959	70.525000
0.799865	1.115412	-3.338792	70.625000
0.796959	1.117577	-3.333390	70.725000
0.793472	1.113441	-3.323373	70.825000
0.790091	1.111943	-3.320249	70.925000
0.786685	1.116681	-3.331610	71.025000
0.783181	1.119203	-3.338424	71.126000
0.779810	1.118918	-3.355109	71.225000
0.776433	1.116630	-3.360823	71.325000
0.773148	1.114672	-3.352374	71.425000
0.769995	1.113714	-3.340749	71.525000
0.766662	1.112260	-3.340959	71.625000
0.763380	1.110721	-3.333225	71.726000
0.760156	1.108063	-3.326276	71.825000
0.756700	1.105638	-3.338792	71.926000
0.753664	1.104981	-3.342314	72.025000
0.750005	1.105092	-3.335423	72.125000
0.746754	1.105000	-3.339179	72.225000
0.743304	1.108613	-3.341485	72.326000
0.740201	1.109821	-3.343425	72.425000
0.736859	1.109377	-3.353045	72.525000
0.733685	1.105923	-3.351554	72.626000
0.730173	1.101440	-3.357495	72.725000
0.727012	1.101180	-3.376055	72.826000
0.723780	1.104710	-3.399890	72.925000
0.720270	1.105252	-3.392849	73.025000
0.717104	1.106739	-3.350539	73.125000
0.713552	1.108098	-3.316360	73.225000
0.710144	1.106181	-3.325125	73.325000
0.707150	1.104189	-3.342816	73.425000
0.703611	1.104946	-3.365791	73.525000
0.700301	1.105932	-3.384800	73.626000
0.696949	1.104082	-3.388290	73.725000
0.693687	1.102788	-3.387071	73.825000
0.690220	1.099758	-3.401295	73.925000
0.686950	1.102443	-3.413114	74.025000
0.683508	1.104907	-3.404433	74.126000
0.680255	1.104334	-3.396259	74.225000
0.676887	1.100951	-3.387722	74.325000
0.673501	1.099663	-3.388624	74.425000
0.670113	1.097051	-3.395083	74.525000
0.666949	1.096301	-3.398643	74.625000
0.663118	1.094335	-3.391906	74.726000
0.659844	1.095014	-3.382960	74.826000
0.656337	1.095497	-3.370437	74.925000
0.652989	1.098404	-3.376141	75.026000
0.649561	1.096905	-3.384132	75.126000
0.646154	1.096810	-3.385983	75.225000
0.642797	1.098299	-3.387287	75.326000
0.639378	1.096320	-3.383830	75.425000
0.636242	1.095312	-3.375910	75.525000
0.632786	1.096449	-3.365430	75.625000
0.629509	1.095287	-3.363383	75.726000
0.625844	1.091822	-3.360664	75.825000
0.622458	1.089806	-3.365508	75.925000
0.618876	1.090501	-3.364316	76.025000
0.615488	1.089138	-3.358323	76.125000
0.612081	1.087928	-3.353414	76.225000
0.608414	1.086641	-3.354747	76.325000
0.605286	1.085396	-3.360041	76.426000
0.601730	1.083439	-3.357312	76.525000
0.598584	1.084149	-3.361384	76.625000
0.594935	1.088232	-3.375851	76.725000
0.591656	1.087256	-3.386399	76.826000
0.588528	1.088810	-3.387360	76.925000
0.585014	1.090656	-3.369750	77.025000
0.581264	1.087855	-3.358480	77.126000
0.577724	1.086477	-3.360014	77.225000
0.574459	1.086748	-3.372844	77.325000
0.571075	1.087700	-3.377841	77.425000
0.567571	1.087224	-3.363651	77.526000
0.564069	1.086416	-3.354940	77.625000
0.560651	1.084423	-3.351451	77.725000
0.557096	1.083028	-3.355005	77.825000
0.553637	1.077430	-3.357674	77.925000
0.550356	1.073447	-3.370164	78.025000
0.546902	1.074162	-3.377587	78.125000
0.543266	1.076121	-3.379923	78.226000
0.539733	1.072472	-3.373496	78.325000
0.536266	1.072142	-3.377597	78.425000
0.532749	1.073118	-3.392001	78.525000
0.529145	1.071437	-3.395033	78.625000
0.526049	1.069640	-3.395340	78.726000
0.522395	1.070099	-3.389347	78.826000
0.519001	1.071486	-3.386233	78.925000
0.515695	1.072166	-3.389913	79.025000
0.512260	1.072685	-3.394566	79.125000
0.508914	1.074158	-3.400259	79.226000
0.505446	1.072996	-3.407519	79.325000
0.501915	1.073341	-3.416467	79.425000
0.498595	1.072881	-3.407775	79.525000
0.494987	1.073497	-3.399226	79.625000
0.491454	1.071259	-3.399529	79.725000
0.488153	1.063802	-3.402369	79.825000
0.484645	1.111971	-3.579149	79.926000
0.480972	1.206336	-3.930638	80.025000
0.477778	1.061497	-4.053819	80.125000
0.474349	0.826243	-3.971724	80.225000
0.470730	0.644435	-3.733675	80.326000
0.467315	0.531706	-3.431065	80.425000
0.463700	0.467538	-3.146448	80.525000
0.460484	0.429610	-2.938440	80.625000
0.457025	0.404460	-2.792931	80.725000
0.453716	0.391829	-2.689511	80.826000
0.450256	0.384503	-2.628368	80.925000
0.446659	0.381615	-2.609338	81.025000
0.443238	0.381384	-2.603309	81.125000
0.439698	0.381045	-2.599921	81.225000
0.436565	0.377694	-2.548264	81.325000
0.432988	0.373452	-2.507955	81.425000
0.429435	0.371763	-2.513257	81.525000
0.425901	0.373889	-2.532742	81.625000
0.422364	0.376567	-2.539927	81.725000
0.418920	0.376644	-2.580606	81.825000
0.415127	0.378883	-2.626555	81.926000
0.411767	0.381045	-2.656207	82.025000
0.408098	0.379992	-2.622872	82.125000
0.404882	0.379429	-2.592735	82.225000
0.401117	0.376682	-2.586400	82.326000
0.397592	0.378805	-2.581704	82.426000
0.394313	0.375486	-2.560296	82.525000
0.390791	0.372998	-2.582963	82.625000
0.387368	0.374199	-2.599285	82.725000
0.383761	0.373348	-2.624036	82.825000
0.380311	0.368837	-2.609684	82.925000
0.376685	0.366447	-2.595324	83.025000
0.373201	0.369285	-2.586394	83.125000
0.369811	0.374066	-2.551663	83.226000
0.366079	0.374262	-2.541742	83.325000
0.362946	0.371977	-2.536861	83.425000
0.359011	0.367358	-2.541395	83.525000
0.355659	0.368268	-2.528085	83.626000
0.352227	0.373145	-2.512250	83.725000
0.349094	0.373870	-2.531488	83.826000
0.345321	0.377274	-2.545535	83.925000
0.341684	0.376475	-2.563439	84.026000
0.338431	0.370614	-2.594338	84.125000
0.334649	0.366443	-2.595930	84.225000
0.331076	0.369419	-2.573044	84.325000
0.327486	0.370352	-2.552673	84.426000
0.323863	0.369048	-2.520027	84.526000
0.320361	0.367966	-2.514462	84.625000
0.316935	0.366593	-2.503710	84.725000
0.313410	0.365946	-2.504137	84.825000
0.309887	0.366411	-2.492752	84.926000
0.306620	0.365600	-2.501959	85.025000
0.303022	0.366334	-2.493085	85.125000
0.299401	0.369947	-2.510727	85.225000
0.296053	0.373962	-2.538141	85.325000
0.292284	0.375266	-2.553960	85.425000
0.288695	0.374422	-2.560124	85.525000
0.284975	0.371335	-2.524481	85.625000
0.281367	0.366754	-2.494846	85.725000
0.278026	0.366579	-2.483219	85.826000
0.274335	0.366847	-2.494905	85.925000
0.271044	0.371650	-2.526255	86.025000
0.267244	0.372361	-2.571893	86.126000
0.264031	0.369117	-2.573581	86.225000
0.260301	0.369301	-2.540592	86.325000
0.256702	0.371117	-2.548257	86.426000
0.253172	0.370936	-2.566760	86.525000
0.249699	0.368539	-2.536785	86.625000
0.246390	0.374401	-2.542012	86.726000
0.242529	0.374164	-2.564211	86.826000
0.239202	0.371617	-2.588966	86.925000
0.235562	0.371448	-2.583873	87.025000
0.231890	0.371651	-2.576747	87.125000
0.228515	0.366482	-2.566626	87.225000
0.225019	0.363005	-2.562620	87.325000
0.221737	0.364732	-2.570045	87.425000
0.217947	0.367077	-2.579366	87.525000
0.214449	0.364647	-2.571686	87.625000
0.210725	0.363989	-2.578630	87.725000
0.207046	0.364942	-2.586137	87.825000
0.203407	0.366095	-2.582573	87.925000
0.199877	0.366403	-2.595251	88.025000
0.196356	0.366329	-2.595500	88.126000
0.192720	0.366312	-2.593959	88.225000
0.189157	0.364307	-2.579942	88.325000
0.185662	0.364006	-2.563543	88.425000
0.182146	0.367136	-2.549101	88.525000
0.178745	0.367052	-2.555035	88.626000
0.174970	0.366404	-2.592685	88.725000
0.171427	0.367556	-2.601303	88.825000
0.167856	0.369145	-2.613608	88.925000
0.164519	0.364784	-2.607913	89.025000
0.160784	0.364118	-2.578746	89.125000
0.157332	0.365040	-2.585030	89.225000
0.153897	0.367714	-2.604283	89.326000
0.150289	0.367588	-2.602960	89.426000
0.146711	0.366791	-2.577597	89.525000
0.143014	0.367516	-2.562094	89.625000
0.139818	0.369679	-2.568042	89.725000
0.136298	0.370252	-2.592269	89.826000
0.132849	0.368990	-2.573467	89.925000
0.128904	0.367724	-2.571257	90.025000
0.125412	0.368538	-2.598623	90.125000
0.121772	0.369645	-2.644464	90.225000
0.117779	0.367744	-2.677276	90.325000
0.114506	0.366110	-2.649127	90.425000
0.111088	0.366830	-2.608460	90.525000
0.107461	0.368012	-2.598994	90.625000
0.103992	0.374454	-2.603013	90.725000
0.100355	0.375934	-2.602847	90.826000
0.096896	0.374358	-2.605837	90.925000
0.092877	0.370696	-2.597882	91.025000
0.089773	0.367294	-2.575985	91.126000
0.086113	0.368834	-2.584329	91.226000
0.082564	0.367968	-2.580022	91.326000
0.078970	0.366351	-2.578839	91.425000
0.075248	0.367445	-2.574625	91.525000
0.071928	0.366434	-2.595221	91.625000
0.068098	0.362251	-2.586066	91.725000
0.064639	0.363878	-2.578574	91.825000
0.061206	0.366531	-2.553985	91.925000
0.057427	0.367197	-2.575648	92.025000
0.054113	0.368289	-2.592678	92.125000
0.050505	0.371771	-2.572456	92.225000
0.046890	0.375541	-2.573395	92.325000
0.043244	0.374514	-2.596969	92.425000
0.039711	0.372381	-2.626062	92.525000
0.036353	0.375468	-2.632121	92.626000
0.032638	0.373759	-2.600919	92.725000
0.029442	0.370904	-2.570160	92.825000
0.025506	0.370778	-2.576204	92.925000
0.022329	0.367961	-2.582321	93.025000
0.018406	0.368794	-2.580501	93.125000
0.014740	0.371338	-2.546410	93.225000
0.011262	0.375276	-2.519016	93.325000
0.007688	0.379031	-2.545805	93.426000
0.004116	0.378674	-2.553297	93.525000
0.000427	0.378566	-2.550985	93.625000
-0.003198	0.380863	-2.535089	93.725000
-0.006995	0.380237	-2.529901	93.825000
-0.010631	0.375257	-2.533827	93.925000
-0.014139	0.370262	-2.533266	94.025000
-0.017836	0.369431	-2.534797	94.125000
-0.021430	0.370592	-2.518567	94.226000
-0.025177	0.370285	-2.493546	94.326000
-0.028446	0.372601	-2.490917	94.425000
-0.032079	0.378362	-2.519346	94.526000
-0.035555	0.379161	-2.541353	94.625000
-0.039312	0.375003	-2.546856	94.725000
-0.042710	0.372447	-2.531097	94.825000
-0.046607	0.373301	-2.538947	94.925000
-0.050379	0.373676	-2.564265	95.025000
-0.053835	0.374158	-2.566152	95.126000
-0.057448	0.375056	-2.558741	95.226000
-0.061346	0.371841	-2.549962	95.325000
-0.064985	0.367843	-2.529920	95.425000
-0.068384	0.365727	-2.510732	95.525000
-0.071779	0.370099	-2.518519	95.625000
-0.075328	0.374000	-2.540240	95.725000
-0.079050	0.372310	-2.531754	95.825000
-0.082646	0.373748	-2.534001	95.925000
-0.086067	0.374163	-2.533169	96.025000
-0.090041	0.372213	-2.558981	96.126000
-0.093849	0.373530	-2.589418	96.225000
-0.097399	0.371829	-2.576257	96.326000
-0.101106	0.372086	-2.578701	96.425000
-0.104667	0.373953	-2.595162	96.525000
-0.108274	0.375763	-2.587112	96.625000
-0.112013	0.375350	-2.568159	96.725000
-0.115429	0.372591	-2.584902	96.826000
-0.118872	0.366811	-2.595404	96.926000
-0.122543	0.365863	-2.602313	97.026000
-0.126302	0.367937	-2.592325	97.125000
-0.129838	0.371550	-2.579000	97.225000
-0.133802	0.369617	-2.550888	97.326000
-0.137500	0.374280	-2.518118	97.425000
-0.141135	0.374668	-2.511744	97.526000
-0.145095	0.374524	-2.541043	97.625000
-0.148317	0.375558	-2.558348	97.725000
-0.152264	0.369829	-2.552975	97.825000
-0.155525	0.366910	-2.515470	97.925000
-0.159430	0.367534	-2.499463	98.029000
-0.162786	0.370094	-2.484836	98.125000
-0.166466	0.372241	-2.504644	98.225000
-0.170187	0.374262	-2.544564	98.325000
-0.173802	0.373269	-2.549490	98.425000
-0.177487	0.370285	-2.537545	98.526000
-0.181298	0.371438	-2.525216	98.625000
-0.185064	0.372216	-2.542970	98.726000
-0.188549	0.367470	-2.579896	98.825000
-0.192330	0.371772	-2.569701	98.925000
-0.196066	0.381373	-2.551122	99.025000
-0.199592	0.387941	-2.551366	99.125000
-0.203208	0.389005	-2.558305	99.225000
-0.206683	0.387490	-2.547332	99.325000
-0.210323	0.383403	-2.521040	99.425000
-0.213974	0.381464	-2.512947	99.525000
-0.217754	0.381367	-2.510400	99.625000
-0.221604	0.381098	-2.538068	99.725000
-0.225137	0.381403	-2.565351	99.826000
-0.228818	0.382271	-2.594218	99.925000
-0.232372	0.385576	-2.610752	100.025000
-0.236303	0.386475	-2.615370	100.125000
-0.239845	0.386466	-2.615384	100.225000
-0.243313	0.387624	-2.603407	100.325000
-0.247219	0.389479	-2.600703	100.425000
-0.250819	0.389310	-2.600112	100.525000
-0.254340	0.387211	-2.597104	100.625000
-0.257725	0.385642	-2.609398	100.725000
-0.261547	0.383332	-2.592600	100.825000
-0.265107	0.382763	-2.583083	100.925000
-0.268604	0.386906	-2.582162	101.025000
-0.272320	0.388559	-2.565957	101.125000
-0.275676	0.386447	-2.552827	101.225000
-0.279638	0.382957	-2.550253	101.325000
-0.283129	0.381321	-2.541596	101.425000
-0.286599	0.381935	-2.556228	101.525000
-0.290385	0.382448	-2.586532	101.625000
-0.294091	0.382914	-2.565976	101.725000
-0.297684	0.383758	-2.520391	101.825000
-0.301195	0.386307	-2.486669	101.925000
-0.305064	0.386243	-2.497093	102.025000
-0.308430	0.387381	-2.526512	102.125000
-0.312219	0.390800	-2.543567	102.225000
-0.315803	0.389390	-2.545998	102.325000
-0.319547	0.388868	-2.556759	102.425000
-0.323024	0.385911	-2.554690	102.525000
-0.326918	0.380524	-2.580799	102.625000
-0.330332	0.373958	-2.567117	102.725000
-0.333947	0.370270	-2.524044	102.825000
-0.337475	0.370617	-2.507360	102.925000
-0.341234	0.372945	-2.472146	103.025000
-0.344841	0.379297	-2.439383	103.125000
-0.348652	0.380899	-2.453867	103.225000
-0.352424	0.378977	-2.482901	103.325000
-0.356083	0.379753	-2.517758	103.425000
-0.359728	0.379492	-2.522651	103.525000
-0.363267	0.376878	-2.510234	103.625000
-0.367076	0.380785	-2.511922	103.725000
-0.370621	0.386109	-2.519534	103.825000
-0.374509	0.386636	-2.556246	103.925000
-0.378064	0.383760	-2.550720	104.026000
-0.381775	0.379842	-2.561406	104.125000
-0.384802	0.378126	-2.594283	104.225000
-0.388830	0.378630	-2.616319	104.325000
-0.392671	0.378190	-2.595220	104.425000
-0.396291	0.376073	-2.535054	104.525000
-0.400164	0.376543	-2.508168	104.625000
-0.403691	0.379168	-2.520266	104.725000
-0.407492	0.379165	-2.547839	104.825000
-0.410882	0.375317	-2.582479	104.925000
-0.414402	0.371453	-2.608204	105.025000
-0.417903	0.371382	-2.597796	105.125000
-0.421589	0.373791	-2.590985	105.225000
-0.425214	0.375734	-2.581857	105.325000
-0.428859	0.379834	-2.609913	105.425000
-0.432652	0.381620	-2.644992	105.526000
-0.436604	0.385734	-2.743182	105.625000
-0.440377	0.395417	-2.866866	105.725000
-0.443726	0.410757	-3.032392	105.825000
-0.447634	0.428106	-3.266922	105.925000
-0.451657	0.445211	-3.563118	106.026000
-0.455277	0.470807	-4.031976	106.125000
-0.458814	0.517251	-4.740161	106.225000
-0.462662	0.688026	-5.440628	106.326000
-0.466232	1.323109	-5.384106	106.425000
-0.469758	1.975531	-5.269134	106.525000
-0.473584	2.070626	-5.226414	106.625000
-0.477131	1.742383	-5.096530	106.725000
-0.480728	1.375595	-4.782966	106.826000
-0.484810	1.147892	-4.316073	106.926000
-0.488398	1.065744	-3.876751	107.025000
-0.492011	1.052974	-3.595667	107.126000
-0.495786	1.059922	-3.452332	107.225000
-0.499286	1.063851	-3.386155	107.325000
-0.503195	1.068054	-3.386823	107.425000
-0.506552	1.074645	-3.407555	107.526000
-0.510350	1.081327	-3.415559	107.625000
-0.513837	1.088237	-3.402759	107.725000
-0.517326	1.091674	-3.390294	107.826000
-0.521168	1.092107	-3.363867	107.925000
-0.525162	1.093283	-3.347597	108.025000
-0.528808	1.089914	-3.363477	108.125000
-0.532381	1.088838	-3.383333	108.225000
-0.536017	1.092140	-3.393705	108.325000
-0.539742	1.092024	-3.400865	108.425000
-0.543430	1.090656	-3.407565	108.525000
-0.547022	1.087060	-3.411114	108.625000
-0.550764	1.085357	-3.396008	108.725000
-0.554358	1.084923	-3.381540	108.825000
-0.557683	1.083620	-3.383784	108.925000
-0.561586	1.080928	-3.368240	109.025000
-0.565261	1.079929	-3.347652	109.126000
-0.568992	1.084874	-3.339914	109.225000
-0.572644	1.089547	-3.353095	109.326000
-0.576306	1.089439	-3.368628	109.425000
-0.580235	1.089136	-3.375196	109.525000
-0.583461	1.087645	-3.374155	109.625000
-0.587380	1.087177	-3.373702	109.725000
-0.591135	1.089966	-3.385364	109.825000
-0.594251	1.090885	-3.393092	109.925000
-0.598209	1.089290	-3.377344	110.025000
-0.601580	1.090241	-3.360944	110.125000
-0.605463	1.092166	-3.344851	110.225000
-0.609110	1.091231	-3.359239	110.325000
-0.612918	1.091054	-3.371534	110.425000
-0.616233	1.092400	-3.366116	110.525000
-0.620030	1.097443	-3.349328	110.625000
-0.623689	1.096671	-3.350722	110.725000
-0.627512	1.091283	-3.358465	110.826000
-0.631127	1.088924	-3.346049	110.925000
-0.634635	1.090567	-3.345015	111.025000
-0.638169	1.092359	-3.350544	111.125000
-0.641651	1.095363	-3.358436	111.225000
-0.645309	1.097846	-3.370551	111.326000
-0.649086	1.104251	-3.380490	111.425000
-0.652664	1.105290	-3.386738	111.525000
-0.655425	1.100973	-3.381812	111.625000
-0.656985	1.099089	-3.380739	111.725000
-0.658142	1.099601	-3.373375	111.825000
-0.659400	1.105212	-3.362845	111.925000
-0.660321	1.103588	-3.355738	112.025000
-0.661025	1.098187	-3.361083	112.125000
-0.661773	1.094605	-3.355083	112.225000
-0.662749	1.095974	-3.353745	112.325000
-0.663046	1.097927	-3.349814	112.425000
-0.663751	1.104027	-3.350287	112.525000
-0.664229	1.107074	-3.350472	112.625000
-0.664608	1.103899	-3.346693	112.725000
-0.665190	1.100886	-3.341544	112.825000
-0.665311	1.097931	-3.348263	112.925000
-0.665736	1.096986	-3.350145	113.025000
-0.666115	1.097432	-3.349542	113.125000
-0.666705	1.098999	-3.358362	113.225000
-0.666949	1.094600	-3.365193	113.326000
-0.666946	1.077942	-3.344104	113.425000
-0.667552	1.076542	-3.334330	113.525000
-0.667512	1.084822	-3.353305	113.625000
-0.667979	1.093779	-3.367858	113.725000
-0.668185	1.103120	-3.371822	113.825000
-0.668507	1.105507	-3.356920	113.925000
-0.668720	1.104743	-3.350701	114.025000
-0.668859	1.106480	-3.341904	114.126000
-0.669229	1.104665	-3.348996	114.226000
-0.669362	1.097965	-3.352004	114.326000
-0.669520	1.097087	-3.355517	114.425000
-0.669510	1.097096	-3.355166	114.525000
-0.669877	1.097262	-3.345656	114.626000
-0.669973	1.099984	-3.347188	114.726000
-0.670047	1.101119	-3.360052	114.825000
-0.670382	1.099401	-3.362045	114.925000
-0.670444	1.099395	-3.358935	115.026000
-0.670509	1.100401	-3.374382	115.125000
-0.670712	1.101103	-3.381661	115.225000
-0.670736	1.100131	-3.373276	115.327000
-0.670921	1.100437	-3.361305	115.425000
-0.671068	1.098553	-3.368919	115.525000
-0.671028	1.101278	-3.381544	115.625000
-0.671205	1.100534	-3.384060	115.725000
-0.671314	1.101454	-3.379001	115.826000
-0.671458	1.105052	-3.370731	115.925000
-0.671261	1.108312	-3.361178	116.025000
-0.671524	1.109178	-3.350687	116.125000
-0.671579	1.106858	-3.361558	116.225000
-0.671850	1.106255	-3.369216	116.325000
-0.671793	1.100413	-3.366779	116.425000
-0.672067	1.097936	-3.357283	116.525000
-0.672040	1.096596	-3.359008	116.626000
-0.672128	1.095945	-3.369309	116.725000
-0.672032	1.099028	-3.372432	116.825000
-0.672033	1.102722	-3.369249	116.925000
-0.672330	1.102928	-3.370109	117.025000
-0.672202	1.105009	-3.365892	117.125000
-0.672440	1.106494	-3.357038	117.225000
-0.672500	1.101764	-3.359912	117.325000
-0.672546	1.098162	-3.363211	117.425000
-0.672620	1.104866	-3.357964	117.526000
-0.672674	1.106549	-3.352791	117.625000
-0.672812	1.105876	-3.358942	117.725000
-0.672644	1.102014	-3.361137	117.825000
-0.672739	1.101273	-3.354193	117.925000
-0.672538	1.103895	-3.349777	118.025000
-0.672739	1.104397	-3.350090	118.125000
-0.672903	1.105382	-3.358236	118.225000
-0.672733	1.105327	-3.373606	118.325000
-0.672982	1.104443	-3.378824	118.425000
-0.672759	1.104220	-3.381349	118.526000
-0.673093	1.107134	-3.377955	118.625000
-0.673037	1.108893	-3.367565	118.725000
-0.673133	1.105780	-3.354575	118.825000
-0.673187	1.101739	-3.359741	118.925000
-0.672986	1.101570	-3.365018	119.025000
-0.673448	1.102463	-3.369653	119.125000
-0.673176	1.104569	-3.375715	119.225000
-0.673383	1.103971	-3.373637	119.325000
-0.673185	1.100951	-3.355184	119.425000
-0.673327	1.099345	-3.340451	119.526000
-0.673330	1.101896	-3.340616	119.625000
-0.673400	1.106427	-3.350474	119.726000
-0.673630	1.109931	-3.350441	119.825000
-0.673330	1.110052	-3.354786	119.925000
-0.673497	1.106849	-3.353101	120.025000
-0.673462	1.107296	-3.352252	120.125000
-0.673549	1.108972	-3.344666	120.225000
-0.673660	1.106595	-3.355270	120.325000
-0.673628	1.106198	-3.372381	120.425000
-0.673737	1.107143	-3.383080	120.525000
-0.673556	1.103551	-3.376120	120.625000
-0.673703	1.098545	-3.352188	120.725000
-0.673606	1.099246	-3.343978	120.826000
-0.673796	1.099409	-3.350333	120.925000
-0.673821	1.097651	-3.371451	121.025000
-0.673746	1.099625	-3.379623	121.125000
-0.673681	1.100714	-3.374982	121.226000
-0.673660	1.104620	-3.369302	121.326000
-0.674003	1.105792	-3.369920	121.425000
-0.673974	1.101468	-3.375151	121.525000
-0.673964	1.101438	-3.377012	121.626000
-0.674243	1.100668	-3.375497	121.725000
-0.674027	1.103452	-3.373365	121.825000
-0.674156	1.103266	-3.363243	121.925000
-0.673979	1.101648	-3.350416	122.025000
-0.674185	1.103952	-3.343833	122.125000
-0.674313	1.101694	-3.351516	122.225000
-0.673915	1.100981	-3.350744	122.325000
-0.674317	1.101777	-3.351218	122.425000
-0.674019	1.104105	-3.364227	122.525000
-0.674462	1.111376	-3.369404	122.625000
-0.674106	1.114931	-3.364579	122.725000
-0.674194	1.111014	-3.349035	122.825000
-0.674354	1.106594	-3.342867	122.925000
-0.674176	1.102180	-3.356446	123.025000
-0.674219	1.100021	-3.364923	123.125000
-0.674305	1.100388	-3.364297	123.225000
-0.674403	1.101386	-3.352615	123.325000
-0.674308	1.105097	-3.342017	123.425000
-0.674223	1.108971	-3.354296	123.525000
-0.674369	1.109889	-3.380654	123.625000
-0.674322	1.106713	-3.385766	123.725000
-0.674384	1.104425	-3.370631	123.825000
-0.674074	1.099294	-3.371377	123.925000
-0.674383	1.099901	-3.380422	124.025000
-0.674145	1.099822	-3.378967	124.125000
-0.674199	1.099238	-3.380647	124.225000
-0.674210	1.098405	-3.375462	124.325000
-0.674065	1.096537	-3.355068	124.425000
-0.674228	1.096453	-3.340779	124.525000
-0.674162	1.094421	-3.345515	124.625000
-0.674349	1.094266	-3.371594	124.725000
-0.674333	1.091913	-3.380834	124.825000
-0.674246	1.093792	-3.376785	124.925000
-0.674372	1.101137	-3.371196	125.025000
-0.674006	1.105940	-3.367723	125.125000
-0.674138	1.098122	-3.353818	125.225000
-0.674181	1.094890	-3.328427	125.325000
-0.674366	1.093100	-3.337156	125.425000
-0.674003	1.096894	-3.368065	125.530000
-0.674329	1.100176	-3.386135	125.626000
-0.674302	1.104719	-3.388310	125.725000
-0.674364	1.110359	-3.377998	125.825000
-0.674195	1.112245	-3.364227	125.925000
-0.674272	1.113334	-3.353754	126.025000
-0.674367	1.107094	-3.357082	126.126000
-0.674599	1.105910	-3.367353	126.225000
-0.674475	1.103610	-3.364359	126.325000
-0.674690	1.101772	-3.357240	126.425000
-0.674362	1.098921	-3.344346	126.525000
-0.674527	1.094405	-3.331314	126.625000
-0.674334	1.098962	-3.342198	126.725000
-0.674390	1.102031	-3.364952	126.825000
-0.674409	1.103753	-3.378814	126.926000
-0.674603	1.104158	-3.377209	127.025000
-0.674650	1.103068	-3.385932	127.126000
-0.674364	1.097614	-3.397199	127.225000
-0.674639	1.094955	-3.390138	127.325000
-0.674222	1.097122	-3.385987	127.425000
-0.674458	1.102582	-3.387134	127.525000
-0.674307	1.102280	-3.372981	127.625000
-0.674068	1.104331	-3.354223	127.726000
-0.674337	1.103423	-3.329548	127.825000
-0.674255	1.101854	-3.325332	127.926000
-0.674368	1.099521	-3.333519	128.025000
-0.674321	1.100963	-3.353269	128.125000
-0.674306	1.101467	-3.387657	128.225000
-0.674151	1.103807	-3.405229	128.325000
-0.674402	1.102007	-3.403989	128.425000
-0.674117	1.101020	-3.396256	128.525000
-0.674173	1.099917	-3.379959	128.625000
-0.674415	1.101702	-3.358651	128.725000
-0.674132	1.102355	-3.343710	128.825000
-0.674197	1.100226	-3.329454	128.925000
-0.674215	1.101733	-3.318622	129.025000
-0.674467	1.104063	-3.311125	129.125000
-0.674673	1.104803	-3.311261	129.225000
-0.674606	1.101633	-3.326743	129.325000
-0.674700	1.099774	-3.338034	129.425000
-0.674540	1.105263	-3.349769	129.526000
-0.674663	1.106913	-3.359479	129.625000
-0.674618	1.104330	-3.361245	129.726000
-0.674673	1.101721	-3.355858	129.825000
-0.674704	1.102193	-3.348677	129.925000
-0.674524	1.102203	-3.343122	130.026000
-0.674695	1.099673	-3.353406	130.126000
-0.674542	1.097691	-3.352891	130.225000
-0.674696	1.099307	-3.337142	130.325000
-0.674730	1.100304	-3.331684	130.425000
-0.674610	1.104005	-3.340506	130.525000
-0.674413	1.104436	-3.349322	130.626000
-0.674668	1.103974	-3.358886	130.725000
-0.674816	1.104675	-3.374760	130.825000
-0.674679	1.107838	-3.384442	130.925000
-0.674761	1.107148	-3.384106	131.025000
-0.674613	1.104689	-3.379408	131.125000
-0.674722	1.102358	-3.367970	131.225000
-0.674855	1.103984	-3.354102	131.326000
-0.675005	1.105751	-3.349291	131.425000
-0.674819	1.101732	-3.353557	131.525000
-0.674519	1.097510	-3.367528	131.625000
-0.674654	1.099531	-3.375994	131.726000
-0.674968	1.099819	-3.375747	131.826000
-0.674520	1.097450	-3.361378	131.925000
-0.674699	1.097224	-3.365175	132.025000
-0.674644	1.100675	-3.382918	132.125000
-0.674734	1.105828	-3.382118	132.226000
