NaN	NaN	NaN	12.200000
0.351939	0.403618	-6.480997	12.300000
0.355441	0.406491	-6.511384	12.400000
0.359266	0.402525	-6.476044	12.500000
0.362750	0.398916	-6.440199	12.600000
0.366339	0.392703	-6.369827	12.700000
0.370083	0.388545	-6.318662	12.800000
0.373428	0.390939	-6.338040	12.900000
0.377329	0.394870	-6.393494	13.000000
0.380827	0.395920	-6.406421	13.100000
0.384170	0.392504	-6.361848	13.200000
0.388157	0.391079	-6.320942	13.300000
0.391575	0.390798	-6.375531	13.401000
0.395530	0.385412	-6.420740	13.500000
0.398897	0.384220	-6.430088	13.600000
0.402673	0.388666	-6.462040	13.700000
0.406642	0.388838	-6.435496	13.800000
0.401201	0.384493	-6.388982	13.900000
-0.099850	0.353278	-6.220744	14.000000
-0.319284	0.313856	-6.450561	14.100000
-0.405080	0.334455	-6.784672	14.200000
-0.452271	0.361470	-6.679991	14.300000
-0.484261	0.383181	-6.539580	14.401000
-0.507173	0.389228	-6.441540	14.500000
-0.524468	0.397012	-6.351789	14.600000
-0.537876	0.395446	-6.321316	14.700000
-0.548233	0.395445	-6.348227	14.800000
-0.556819	0.405469	-6.413405	14.900000
-0.563103	0.408958	-6.526924	15.000000
-0.568424	0.402036	-6.540333	15.100000
-0.572662	0.398386	-6.471751	15.200000
-0.575821	0.399855	-6.414839	15.300000
-0.578359	0.394964	-6.405930	15.401000
-0.580172	0.388466	-6.399173	15.500000
-0.582010	0.394872	-6.432750	15.600000
-0.582831	0.397454	-6.438987	15.700000
-0.583268	0.390654	-6.399064	15.800000
-0.583696	0.386409	-6.396466	15.900000
-0.583402	0.389109	-6.416370	16.000000
-0.583097	0.395778	-6.437323	16.100000
-0.582652	0.397779	-6.413486	16.200000
-0.581974	0.403841	-6.433322	16.300000
-0.581071	0.401229	-6.489360	16.400000
-0.579845	0.394312	-6.516277	16.500000
-0.578458	0.397335	-6.468981	16.600000
-0.577124	0.400217	-6.408245	16.700000
-0.575331	0.396700	-6.352063	16.800000
-0.574037	0.395312	-6.292669	16.900000
-0.572263	0.393941	-6.266052	17.000000
-0.570376	0.394397	-6.291644	17.100000
-0.568664	0.395609	-6.325619	17.200000
-0.566382	0.398241	-6.348674	17.300000
-0.564563	0.396909	-6.408681	17.400000
-0.562356	0.392638	-6.447519	17.500000
-0.560140	0.387732	-6.452012	17.600000
-0.557719	0.390622	-6.440044	17.700000
-0.555307	0.395018	-6.433343	17.800000
-0.552997	0.391428	-6.421078	17.900000
-0.550377	0.393768	-6.405728	18.000000
-0.548143	0.401235	-6.418602	18.100000
-0.545686	0.406424	-6.466216	18.200000
-0.543203	0.409556	-6.476847	18.300000
-0.540538	0.402574	-6.449965	18.400000
-0.537817	0.396416	-6.393670	18.500000
-0.535518	0.397091	-6.387010	18.600000
-0.532693	0.394561	-6.388225	18.700000
-0.529759	0.393928	-6.405721	18.800000
-0.526889	0.391896	-6.414192	18.900000
-0.524126	0.391891	-6.345860	19.000000
-0.521310	0.391815	-6.354844	19.100000
-0.518366	0.390538	-6.387233	19.200000
-0.515545	0.389652	-6.347053	19.300000
-0.512752	0.387459	-6.330960	19.400000
-0.509801	0.389886	-6.346761	19.500000
-0.507057	0.398579	-6.393003	19.600000
-0.503950	0.401568	-6.405147	19.700000
-0.501415	0.401050	-6.377993	19.800000
-0.498537	0.395449	-6.358877	19.900000
-0.495160	0.389490	-6.403454	20.000000
-0.492147	0.381000	-6.404384	20.100000
-0.489009	0.374836	-6.339466	20.200000
-0.486172	0.381363	-6.326688	20.300000
-0.483092	0.376522	-6.347949	20.400000
-0.480069	0.372609	-6.372252	20.500000
-0.477388	0.378418	-6.374734	20.600000
-0.473960	0.381536	-6.395216	20.700000
-0.470874	0.386625	-6.414732	20.800000
-0.467596	0.388603	-6.433072	20.900000
-0.464534	0.387050	-6.433957	21.000000
-0.461648	0.387995	-6.443563	21.101000
-0.458217	0.390052	-6.425887	21.200000
-0.454896	0.386380	-6.420984	21.300000
-0.451900	0.387827	-6.406669	21.400000
-0.448573	0.389392	-6.401776	21.500000
-0.445561	0.386494	-6.441397	21.600000
-0.442199	0.381355	-6.427068	21.700000
-0.439298	0.382481	-6.404287	21.800000
-0.436009	0.384196	-6.398527	21.900000
-0.432885	0.385775	-6.408729	22.000000
-0.429728	0.392134	-6.402881	22.100000
-0.426561	0.398991	-6.422859	22.200000
-0.423509	0.405782	-6.448011	22.300000
-0.419887	0.406713	-6.433716	22.400000
-0.416420	0.404145	-6.397757	22.500000
-0.413535	0.398465	-6.423638	22.600000
-0.409909	0.393339	-6.410526	22.700000
-0.407055	0.389561	-6.352700	22.800000
-0.403751	0.388175	-6.346315	22.900000
-0.400637	0.385917	-6.337862	23.000000
-0.397362	0.381914	-6.323923	23.100000
-0.393892	0.385907	-6.332115	23.200000
-0.390712	0.392451	-6.373517	23.300000
-0.387491	0.391353	-6.398976	23.400000
-0.384465	0.396749	-6.438609	23.500000
-0.381289	0.400919	-6.465953	23.600000
-0.377944	0.396365	-6.424669	23.700000
-0.374563	0.392693	-6.355746	23.800000
-0.371392	0.396950	-6.334816	23.900000
-0.367976	0.393190	-6.373636	24.000000
-0.364936	0.390571	-6.393167	24.101000
-0.361501	0.392326	-6.405889	24.200000
-0.358326	0.390706	-6.367288	24.300000
-0.354940	0.389321	-6.323003	24.400000
-0.351717	0.391584	-6.342875	24.500000
-0.348534	0.399152	-6.401944	24.600000
-0.345104	0.401413	-6.445597	24.700000
-0.341786	0.395286	-6.455015	24.800000
-0.338279	0.391078	-6.411007	24.900000
-0.334907	0.389895	-6.391656	25.001000
-0.331815	0.389055	-6.395428	25.100000
-0.328314	0.392143	-6.361101	25.200000
-0.325503	0.391101	-6.367323	25.300000
-0.322065	0.383348	-6.423862	25.400000
-0.318714	0.382301	-6.434295	25.500000
-0.315277	0.384150	-6.379154	25.600000
-0.311853	0.392772	-6.327481	25.700000
-0.308526	0.388797	-6.313422	25.800000
-0.305043	0.384123	-6.319152	25.900000
-0.301529	0.390055	-6.355910	26.000000
-0.298223	0.391669	-6.412281	26.100000
-0.294818	0.390236	-6.445279	26.200000
-0.291611	0.387813	-6.455689	26.300000
-0.288056	0.388887	-6.461303	26.400000
-0.284969	0.386144	-6.457072	26.500000
-0.281519	0.386316	-6.419847	26.600000
-0.278243	0.389106	-6.351197	26.700000
-0.274778	0.385950	-6.303252	26.800000
-0.271401	0.388503	-6.336400	26.900000
-0.268176	0.388573	-6.463189	27.000000
-0.264593	0.385276	-6.509574	27.100000
-0.261051	0.385693	-6.474743	27.201000
-0.257582	0.388455	-6.446068	27.300000
-0.254095	0.389479	-6.411101	27.400000
-0.250903	0.392091	-6.386098	27.500000
-0.247562	0.397647	-6.396982	27.601000
-0.244032	0.399819	-6.413836	27.700000
-0.240563	0.399695	-6.376395	27.800000
-0.237028	0.394712	-6.344739	27.900000
-0.233659	0.394490	-6.370533	28.000000
-0.230445	0.394637	-6.369966	28.100000
-0.227058	0.396926	-6.332892	28.200000
-0.223537	0.398392	-6.366790	28.300000
-0.220007	0.390213	-6.374912	28.400000
-0.216621	0.389146	-6.363162	28.500000
-0.213195	0.389054	-6.355821	28.600000
-0.209556	0.384912	-6.337690	28.700000
-0.206408	0.382740	-6.298057	28.800000
-0.203013	0.377382	-6.258830	28.900000
-0.199692	0.378924	-6.234309	29.000000
-0.196047	0.380975	-6.266766	29.100000
-0.192549	0.383531	-6.323516	29.200000
-0.189659	0.382877	-6.364526	29.300000
-0.185902	0.379842	-6.343282	29.400000
-0.182331	0.373702	-6.354139	29.500000
-0.178722	0.373775	-6.359920	29.600000
-0.175025	0.374563	-6.383079	29.700000
-0.171826	0.377597	-6.391638	29.800000
-0.168306	0.375753	-6.424255	29.900000
-0.165093	0.380512	-6.470548	30.000000
-0.161432	0.380947	-6.515706	30.100000
-0.158152	0.383309	-6.463029	30.200000
-0.154801	0.389598	-6.400426	30.300000
-0.151172	0.394575	-6.417816	30.400000
-0.147989	0.388962	-6.724776	30.500000
-0.144340	0.347942	-6.888464	30.600000
-0.140779	0.284989	-6.709979	30.700000
-0.137495	0.238459	-6.463043	30.800000
-0.133665	0.210243	-6.334613	30.900000
-0.130341	0.195851	-6.173443	31.005000
-0.126706	0.190981	-6.059583	31.100000
-0.123214	0.187358	-6.034220	31.200000
-0.120077	0.184304	-6.017807	31.300000
-0.116322	0.178064	-5.950310	31.400000
-0.113334	0.176217	-5.902474	31.500000
-0.109548	0.172765	-5.861024	31.600000
-0.105912	0.163981	-5.852915	31.700000
-0.102672	0.159588	-5.901581	31.800000
-0.098875	0.161727	-5.886188	31.900000
-0.095571	0.159661	-5.910349	32.000000
-0.092046	0.161736	-5.997259	32.100000
-0.088615	0.163016	-5.993434	32.200000
-0.085198	0.162293	-5.967103	32.300000
-0.081767	0.166699	-6.003042	32.401000
-0.078401	0.165321	-5.977567	32.500000
-0.074843	0.162013	-6.001274	32.600000
-0.071415	0.159698	-6.031572	32.700000
-0.067864	0.161503	-6.097183	32.800000
-0.064414	0.164121	-6.084820	32.900000
-0.061148	0.165479	-6.077588	33.000000
-0.057646	0.166122	-6.125220	33.100000
-0.054204	0.165673	-6.099156	33.200000
-0.050908	0.162363	-6.007910	33.300000
-0.047420	0.161582	-5.876895	33.400000
-0.043955	0.156005	-5.792456	33.501000
-0.040551	0.154107	-5.879860	33.600000
-0.037120	0.159774	-6.023337	33.700000
-0.033465	0.163182	-6.149739	33.800000
-0.030016	0.163103	-6.151899	33.900000
-0.026740	0.160653	-6.096594	34.000000
-0.023127	0.161209	-6.030902	34.100000
-0.019827	0.163199	-5.953492	34.200000
-0.016202	0.163135	-5.916977	34.300000
-0.012641	0.157679	-5.861942	34.400000
-0.009226	0.155796	-5.916191	34.500000
-0.005677	0.160948	-6.029594	34.600000
-0.002545	0.161371	-5.980636	34.700000
0.001187	0.162510	-5.907506	34.800000
0.004627	0.165700	-5.946039	34.900000
0.008202	0.172039	-6.037054	35.000000
0.011671	0.171513	-6.086032	35.100000
0.014981	0.172506	-6.017949	35.200000
0.018504	0.167272	-5.838983	35.300000
0.022312	0.168645	-5.793232	35.400000
0.025804	0.167784	-5.937670	35.500000
0.029468	0.165581	-6.104194	35.601000
0.032966	0.165422	-6.168448	35.700000
0.036457	0.157396	-6.202396	35.800000
0.040010	0.145826	-6.093806	35.900000
0.043396	0.146729	-6.097023	36.000000
0.046964	0.154821	-6.064011	36.100000
0.050428	0.159131	-6.021342	36.200000
0.053926	0.161020	-6.055544	36.300000
0.057441	0.163298	-6.092353	36.401000
0.060933	0.167018	-6.019563	36.500000
0.064430	0.166457	-5.930489	36.600000
0.067812	0.165352	-5.958652	36.700000
0.071405	0.168103	-5.977549	36.800000
0.074856	0.164958	-5.932174	36.900000
0.078342	0.163223	-5.881973	37.000000
0.081942	0.160827	-5.944823	37.100000
0.085261	0.153138	-5.979161	37.200000
0.088887	0.150724	-5.964243	37.300000
0.092398	0.161295	-5.945304	37.400000
0.095895	0.166443	-5.904211	37.500000
0.099506	0.162926	-5.821256	37.600000
0.102880	0.163679	-5.727096	37.700000
0.106887	0.165079	-5.752934	37.800000
0.110503	0.167375	-5.842373	37.900000
0.113923	0.164238	-5.862331	38.001000
0.117461	0.155997	-5.862828	38.100000
0.120942	0.148407	-5.913286	38.200000
0.124501	0.145243	-6.081149	38.300000
0.127749	0.148875	-6.184327	38.400000
0.131225	0.153989	-6.107409	38.500000
0.135063	0.164450	-5.972586	38.600000
0.138404	0.170586	-5.878533	38.700000
0.142057	0.166120	-5.852595	38.800000
0.145469	0.157927	-5.812207	38.900000
0.149129	0.162688	-5.867715	39.000000
0.152736	0.173241	-5.925663	39.100000
0.156326	0.190359	-6.001582	39.200000
0.159936	0.209268	-5.909150	39.300000
0.163433	0.233623	-5.911555	39.400000
0.166813	0.263158	-6.170680	39.500000
0.170336	0.296801	-6.777810	39.600000
0.173563	0.370220	-7.403969	39.700000
0.177114	0.460344	-7.728890	39.800000
0.180877	0.449788	-7.610572	39.900000
0.184089	0.412664	-7.250057	40.000000
0.187872	0.393848	-6.917667	40.100000
0.191733	0.387515	-6.716208	40.200000
0.195255	0.391078	-6.558060	40.300000
0.199042	0.390434	-6.465087	40.400000
0.202414	0.381114	-6.396166	40.500000
0.206147	0.373067	-6.343231	40.600000
0.209546	0.374354	-6.305177	40.700000
0.213161	0.381582	-6.309378	40.800000
0.216595	0.384241	-6.331520	40.900000
0.220166	0.386456	-6.346221	41.000000
0.223866	0.386410	-6.369549	41.100000
0.227207	0.390296	-6.394975	41.200000
0.230999	0.396573	-6.413902	41.300000
0.234621	0.395373	-6.373675	41.400000
0.238422	0.393949	-6.337406	41.500000
0.241809	0.393312	-6.340494	41.600000
0.245487	0.391812	-6.375514	41.700000
0.249252	0.394863	-6.377175	41.800000
0.252664	0.388268	-6.412379	41.900000
0.256209	0.376880	-6.415588	42.000000
0.259609	0.371636	-6.411852	42.100000
0.262963	0.372742	-6.449122	42.200000
0.266671	0.383215	-6.454275	42.300000
0.270102	0.388952	-6.445937	42.400000
0.273518	0.390486	-6.428278	42.500000
0.277448	0.393250	-6.401156	42.600000
0.280693	0.387078	-6.427242	42.700000
0.284714	0.380748	-6.453857	42.800000
0.287974	0.375007	-6.478486	42.900000
0.291673	0.372638	-6.455599	43.000000
0.295182	0.381911	-6.382099	43.100000
0.298756	0.389659	-6.344107	43.200000
0.302433	0.392799	-6.368060	43.300000
0.305920	0.389675	-6.383197	43.400000
0.309614	0.383664	-6.396225	43.500000
0.313099	0.378205	-6.451408	43.600000
0.316767	0.379351	-6.409617	43.700000
0.320614	0.388836	-6.396474	43.800000
0.324222	0.398477	-6.425857	43.900000
0.327631	0.395701	-6.456660	44.000000
0.331522	0.394883	-6.449021	44.100000
0.334849	0.391982	-6.395514	44.200000
0.338185	0.393275	-6.354511	44.300000
0.342085	0.393671	-6.336212	44.400000
0.345769	0.386826	-6.329208	44.500000
0.349251	0.382782	-6.264919	44.600000
0.352953	0.384818	-6.269215	44.700000
0.356419	0.387441	-6.316373	44.800000
0.359816	0.386319	-6.335766	44.900000
0.363447	0.383461	-6.340512	45.000000
0.367122	0.381830	-6.370428	45.100000
0.370185	0.383486	-6.398386	45.200000
0.374136	0.383107	-6.376888	45.300000
0.377862	0.382877	-6.360603	45.400000
0.381280	0.385275	-6.335407	45.500000
0.384861	0.389925	-6.393296	45.600000
0.388285	0.392161	-6.487001	45.700000
0.391928	0.395139	-6.521521	45.800000
0.395531	0.394484	-6.455637	45.900000
0.399177	0.400664	-6.407168	46.000000
0.402796	0.403016	-6.365441	46.100000
0.406645	0.403181	-6.353317	46.200000
0.410339	0.397440	-6.387525	46.300000
0.413868	0.393621	-6.379565	46.400000
0.417594	0.391982	-6.362172	46.500000
0.421042	0.393515	-6.292837	46.600000
0.424703	0.405662	-6.278076	46.700000
0.428546	0.404714	-6.340810	46.800000
0.431890	0.391958	-6.368644	46.900000
0.435599	0.387344	-6.397658	47.000000
0.439323	0.386248	-6.376545	47.100000
0.442864	0.385135	-6.373161	47.200000
0.446864	0.383932	-6.415625	47.300000
0.450631	0.384577	-6.410419	47.400000
0.454139	0.380086	-6.377077	47.500000
0.457781	0.382130	-6.350096	47.600000
0.461479	0.389398	-6.319003	47.700000
0.465202	0.389116	-6.329059	47.800000
0.468580	0.395538	-6.354667	47.900000
0.472332	0.395664	-6.373430	48.000000
0.475858	0.388952	-6.389003	48.100000
0.479494	0.383512	-6.403338	48.200000
0.483183	0.385468	-6.420216	48.300000
0.486863	0.391623	-6.394520	48.400000
0.490863	0.403204	-6.358865	48.500000
0.494474	0.400728	-6.352193	48.600000
0.498010	0.395033	-6.314261	48.700000
0.501891	0.394706	-6.296208	48.800000
0.505345	0.397349	-6.330025	48.900000
0.509291	0.397596	-6.319784	49.000000
0.512879	0.398791	-6.296335	49.100000
0.516235	0.403747	-6.325969	49.200000
0.520156	0.399089	-6.376370	49.300000
0.523499	0.391517	-6.390003	49.400000
0.527437	0.395407	-6.430274	49.500000
0.530805	0.401996	-6.482403	49.600000
0.534893	0.403475	-6.508716	49.700000
0.538712	0.398705	-6.495313	49.800000
0.542067	0.392832	-6.464001	49.900000
0.546077	0.394512	-6.449883	50.000000
0.549275	0.392205	-6.459904	50.100000
0.553055	0.384159	-6.446935	50.200000
0.556956	0.390733	-6.376270	50.300000
0.560462	0.399936	-6.321895	50.400000
0.564351	0.402173	-6.341571	50.500000
0.567849	0.403809	-6.395758	50.600000
0.571471	0.403488	-6.436489	50.700000
0.575350	0.399732	-6.445940	50.800000
0.579191	0.399652	-6.435561	50.900000
0.582910	0.397281	-6.438765	51.000000
0.586512	0.397871	-6.473898	51.100000
0.590255	0.389933	-6.464419	51.200000
0.593928	0.385510	-6.434558	51.300000
0.597350	0.388120	-6.426206	51.400000
0.601324	0.389729	-6.407618	51.500000
0.604743	0.389571	-6.378566	51.600000
0.608560	0.394966	-6.389548	51.700000
0.612189	0.400747	-6.439823	51.800000
0.615743	0.402116	-6.453663	51.900000
0.619415	0.400329	-6.452215	52.000000
0.623002	0.401095	-6.424160	52.100000
0.626723	0.402394	-6.448044	52.200000
0.630189	0.398063	-6.451920	52.300000
0.633747	0.397003	-6.450112	52.400000
0.637685	0.397086	-6.396803	52.500000
0.641139	0.401103	-6.366139	52.600000
0.645031	0.404790	-6.390967	52.700000
0.648550	0.400527	-6.429261	52.800000
0.652028	0.399548	-6.416866	52.900000
0.656110	0.403242	-6.404250	53.000000
0.659581	0.408051	-6.411699	53.100000
0.663492	0.406749	-6.448515	53.200000
0.666805	0.403867	-6.451428	53.300000
0.670640	0.399854	-6.459827	53.400000
0.674252	0.398118	-6.448109	53.500000
0.677968	0.401264	-6.459844	53.600000
0.681686	0.401364	-6.449368	53.700000
0.685347	0.395926	-6.464137	53.800000
0.688920	0.394205	-6.477431	53.900000
0.692715	0.400631	-6.467763	54.000000
0.696134	0.406492	-6.446587	54.100000
0.699880	0.409565	-6.455145	54.200000
0.703619	0.413837	-6.432049	54.300000
0.707323	0.409251	-6.423298	54.400000
0.711341	0.401246	-6.388155	54.500000
0.714945	0.397081	-6.361646	54.600000
0.718826	0.399532	-6.339868	54.700000
0.722525	0.403305	-6.343378	54.800000
0.726023	0.405780	-6.381919	54.900000
0.729685	0.400704	-6.377130	55.000000
0.733291	0.400120	-6.371362	55.100000
0.737132	0.405048	-6.355082	55.200000
0.740329	0.413579	-6.372074	55.300000
0.744262	0.415721	-6.420847	55.400000
0.748010	0.412794	-6.465320	55.500000
0.751731	0.410770	-6.489332	55.600000
0.755935	0.398279	-6.487723	55.700000
0.759574	0.389190	-6.435056	55.800000
0.763170	0.388016	-6.410690	55.900000
0.766826	0.386720	-6.369847	56.000000
0.770297	0.390277	-6.366964	56.100000
0.774174	0.396500	-6.386065	56.200000
0.777621	0.404106	-6.407681	56.300000
0.781527	0.406265	-6.396889	56.400000
0.785206	0.410767	-6.377423	56.500000
0.788757	0.415193	-6.391295	56.601000
0.792731	0.411835	-6.451121	56.700000
0.796175	0.403830	-6.482958	56.800000
0.800244	0.399845	-6.444572	56.900000
0.803706	0.400224	-6.454163	57.000000
0.807377	0.405837	-6.492802	57.100000
0.810978	0.401222	-6.443414	57.200000
0.814709	0.400668	-6.367013	57.300000
0.818582	0.411418	-6.309719	57.400000
0.822093	0.415201	-6.320905	57.500000
0.825800	0.410945	-6.371949	57.600000
0.829450	0.407823	-6.420373	57.700000
0.833076	0.403492	-6.417749	57.800000
0.836848	0.410605	-6.363514	57.900000
0.840917	0.411756	-6.337276	58.000000
0.844564	0.405603	-6.344181	58.100000
0.848424	0.405344	-6.344207	58.200000
0.851997	0.413288	-6.335772	58.300000
0.855996	0.414436	-6.353707	58.400000
0.859277	0.410478	-6.327771	58.500000
0.863132	0.413316	-6.306218	58.600000
0.866982	0.413829	-6.343787	58.700000
0.870662	0.413272	-6.389513	58.800000
0.874358	0.415869	-6.363210	58.900000
0.877962	0.419867	-6.309851	59.000000
0.881646	0.420824	-6.301942	59.100000
0.885672	0.418220	-6.324875	59.200000
0.889177	0.416085	-6.342296	59.300000
0.892967	0.420798	-6.329332	59.400000
0.896834	0.422947	-6.344740	59.500000
0.900377	0.422248	-6.343564	59.600000
0.904265	0.422523	-6.341595	59.700000
0.907778	0.417062	-6.379344	59.800000
0.911565	0.403828	-6.396308	59.900000
0.915059	0.400459	-6.377965	60.000000
0.918812	0.406198	-6.366898	60.100000
0.922572	0.412038	-6.368415	60.200000
0.926026	0.411764	-6.394176	60.300000
0.930472	0.406899	-6.403930	60.400000
0.933770	0.400102	-6.354852	60.500000
0.937587	0.397508	-6.297649	60.600000
0.941425	0.393767	-6.324027	60.700000
0.945095	0.398277	-6.350317	60.800000
0.948718	0.405420	-6.361785	60.900000
0.952614	0.404711	-6.411451	61.000000
0.955893	0.404371	-6.432585	61.100000
0.959851	0.406580	-6.386260	61.200000
0.963543	0.411703	-6.373647	61.300000
0.967557	0.419251	-6.376027	61.400000
0.971091	0.425748	-6.352795	61.500000
0.974739	0.426930	-6.319789	61.600000
0.978522	0.424097	-6.341625	61.700000
0.982275	0.424724	-6.386366	61.800000
0.985882	0.424357	-6.396297	61.900000
0.989789	0.424293	-6.388601	62.000000
0.993666	0.421642	-6.339170	62.100000
0.996927	0.420341	-6.336495	62.200000
1.000631	0.416011	-6.392042	62.300000
1.004649	0.409873	-6.417134	62.400000
1.008097	0.403110	-6.386932	62.500000
1.012001	0.399350	-6.393222	62.600000
1.015448	0.405765	-6.346837	62.700000
1.019240	0.409184	-6.328984	62.800000
1.022948	0.405186	-6.329657	62.900000
1.026638	0.395257	-6.380073	63.000000
1.030724	0.397002	-6.364983	63.100000
1.034361	0.400707	-6.352242	63.200000
1.038109	0.407817	-6.407960	63.300000
1.041729	0.409028	-6.444301	63.400000
1.045575	0.410511	-6.490337	63.500000
1.049205	0.412453	-6.516596	63.600000
1.053126	0.416713	-6.514619	63.700000
1.056611	0.418510	-6.485230	63.800000
1.060496	0.414099	-6.442362	63.900000
1.063373	0.403312	-6.450689	64.000000
1.063404	0.403411	-6.403882	64.100000
1.062150	0.415982	-6.331953	64.200000
1.061117	0.420500	-6.327198	64.300000
1.059426	0.414722	-6.346049	64.400000
1.057569	0.407960	-6.340752	64.500000
1.055796	0.409589	-6.308264	64.600000
1.053698	0.415075	-6.331737	64.700000
1.051804	0.411543	-6.369520	64.800000
1.049334	0.411549	-6.372957	64.900000
1.046987	0.408710	-6.346631	65.000000
1.044411	0.405430	-6.324223	65.100000
1.042385	0.413718	-6.290829	65.200000
1.039761	0.418182	-6.291177	65.300000
1.037013	0.410260	-6.327801	65.400000
1.034470	0.405518	-6.326117	65.500000
1.031820	0.408441	-6.326959	65.600000
1.028991	0.407608	-6.321137	65.700000
1.026366	0.408172	-6.321154	65.800000
1.024018	0.410632	-6.316124	65.900000
1.021479	0.409646	-6.310080	66.000000
1.018555	0.406246	-6.339539	66.100000
1.015971	0.402886	-6.354850	66.200000
1.013178	0.401722	-6.350339	66.300000
1.010362	0.403641	-6.318261	66.400000
1.007189	0.405254	-6.313596	66.500000
1.004130	0.410873	-6.281644	66.600000
1.001063	0.406868	-6.303104	66.700000
0.998734	0.397934	-6.324702	66.800000
0.995211	0.390287	-6.335235	66.900000
0.992394	0.392755	-6.320124	67.000000
0.989821	0.401947	-6.293234	67.100000
0.986332	0.409946	-6.323579	67.200000
0.983216	0.410017	-6.359953	67.300000
0.980559	0.407364	-6.379941	67.400000
0.977352	0.409302	-6.409991	67.500000
0.974151	0.409053	-6.392654	67.600000
0.970797	0.408580	-6.369130	67.700000
0.967695	0.411633	-6.363654	67.800000
0.964572	0.407685	-6.376929	67.900000
0.961585	0.409931	-6.364003	68.000000
0.958634	0.414152	-6.346213	68.100000
0.955285	0.414806	-6.380237	68.200000
0.952500	0.411247	-6.387115	68.300000
0.949145	0.412197	-6.380333	68.400000
0.945994	0.414694	-6.382273	68.500000
0.943062	0.413226	-6.380381	68.600000
0.939843	0.411062	-6.358539	68.700000
0.936722	0.418294	-6.335540	68.800000
0.933399	0.423134	-6.349483	68.900000
0.930162	0.415089	-6.360833	69.000000
0.926983	0.404825	-6.373781	69.100000
0.923887	0.405848	-6.399121	69.200000
0.920806	0.404859	-6.401208	69.300000
0.917606	0.404089	-6.390974	69.400000
0.914344	0.403436	-6.385118	69.500000
0.911154	0.406004	-6.410944	69.600000
0.907869	0.409957	-6.444601	69.700000
0.904863	0.405950	-6.412599	69.800000
0.901439	0.400790	-6.346788	69.900000
0.898071	0.401580	-6.318246	70.000000
0.894746	0.407181	-6.273745	70.100000
0.891511	0.413798	-6.230285	70.200000
0.888341	0.414518	-6.188036	70.300000
0.885315	0.411095	-6.175863	70.400000
0.881870	0.412656	-6.213660	70.500000
0.878546	0.417534	-6.280375	70.600000
0.875584	0.420792	-6.351683	70.700000
0.872219	0.420548	-6.396033	70.800000
0.868912	0.413304	-6.376659	70.900000
0.865650	0.407776	-6.325751	71.000000
0.862603	0.408410	-6.322624	71.100000
0.859305	0.405026	-6.355289	71.200000
0.855996	0.407663	-6.409155	71.300000
0.852672	0.409554	-6.393680	71.400000
0.849387	0.409368	-6.350996	71.500000
0.846031	0.403934	-6.360968	71.600000
0.843000	0.402340	-6.361139	71.700000
0.839796	0.409947	-6.339341	71.800000
0.836409	0.418465	-6.351733	71.900000
0.833198	0.415849	-6.376129	72.000000
0.829873	0.408351	-6.427030	72.100000
0.826535	0.404169	-6.508984	72.200000
0.823161	0.398378	-6.538035	72.300000
0.819733	0.397452	-6.500900	72.400000
0.816482	0.398605	-6.469693	72.500000
0.813267	0.399270	-6.469563	72.600000
0.809597	0.399116	-6.479119	72.700000
0.806334	0.394320	-6.466662	72.800000
0.802963	0.393575	-6.407445	72.900000
0.799780	0.394631	-6.371263	73.000000
0.796626	0.396825	-6.365713	73.100000
0.793239	0.397270	-6.356747	73.200000
0.789743	0.401084	-6.405557	73.300000
0.786512	0.403481	-6.451407	73.400000
0.783229	0.408060	-6.492726	73.500000
0.779688	0.412092	-6.502952	73.600000
0.776347	0.416864	-6.473210	73.700000
0.772869	0.410751	-6.419199	73.807000
0.769798	0.408738	-6.337487	73.900000
0.766415	0.411199	-6.329752	74.000000
0.763174	0.407738	-6.333239	74.100000
0.759842	0.403172	-6.318314	74.200000
0.756571	0.408662	-6.317813	74.300000
0.753191	0.412320	-6.358160	74.400000
0.749997	0.416664	-6.383831	74.500000
0.746561	0.419117	-6.376623	74.600000
0.743152	0.419326	-6.386628	74.700000
0.739998	0.410335	-6.412124	74.800000
0.736485	0.399622	-6.399894	74.900000
0.733424	0.399157	-6.388480	75.000000
0.729837	0.399000	-6.356401	75.100000
0.726405	0.398354	-6.385079	75.200000
0.723323	0.403650	-6.426919	75.300000
0.719836	0.405908	-6.444691	75.400000
0.716711	0.402066	-6.440076	75.500000
0.713210	0.398010	-6.384717	75.600000
0.709980	0.398587	-6.380026	75.700000
0.706541	0.397234	-6.365707	75.800000
0.703138	0.398500	-6.343937	75.900000
0.700110	0.401205	-6.312337	76.001000
0.696558	0.401786	-6.320830	76.100000
0.693386	0.402389	-6.355157	76.200000
0.689496	0.401744	-6.362910	76.300000
0.686344	0.397636	-6.327147	76.400000
0.682994	0.393528	-6.354879	76.500000
0.679481	0.400095	-6.351139	76.600000
0.676386	0.403394	-6.326308	76.700000
0.672812	0.400765	-6.325377	76.800000
0.669092	0.398972	-6.342193	76.900000
0.666098	0.397297	-6.324010	77.000000
0.662496	0.400119	-6.335575	77.100000
0.658867	0.403108	-6.361157	77.200000
0.655570	0.397099	-6.369693	77.300000
0.652136	0.394897	-6.357508	77.400000
0.648918	0.396816	-6.332011	77.500000
0.645370	0.404648	-6.383662	77.600000
0.642212	0.403426	-6.412085	77.700000
0.638462	0.393657	-6.388669	77.800000
0.635438	0.392431	-6.392886	77.900000
0.631823	0.394350	-6.381211	78.000000
0.628391	0.394847	-6.321307	78.100000
0.625061	0.395883	-6.264573	78.200000
0.621656	0.400471	-6.284223	78.300000
0.618022	0.400383	-6.353607	78.400000
0.614867	0.398661	-6.360128	78.500000
0.611174	0.396677	-6.372230	78.600000
0.607773	0.399969	-6.396291	78.700000
0.604445	0.407281	-6.411165	78.800000
0.601061	0.408030	-6.411985	78.900000
0.597889	0.397373	-6.383761	79.000000
0.594188	0.390479	-6.366332	79.100000
0.591076	0.388289	-6.327954	79.200000
0.587577	0.387907	-6.308269	79.300000
0.584130	0.394040	-6.326989	79.400000
0.580845	0.401705	-6.388693	79.500000
0.576969	0.402406	-6.406163	79.600000
0.573691	0.397503	-6.343257	79.700000
0.570279	0.391541	-6.322054	79.800000
0.566919	0.392563	-6.309615	79.900000
0.563671	0.400840	-6.336646	80.000000
0.560139	0.400866	-6.382012	80.100000
0.556753	0.399145	-6.371383	80.200000
0.553159	0.392620	-6.323181	80.300000
0.549947	0.388326	-6.291881	80.400000
0.546544	0.386594	-6.318188	80.500000
0.542803	0.383163	-6.358986	80.600000
0.539583	0.383300	-6.332914	80.700000
0.535837	0.384681	-6.343719	80.800000
0.532424	0.383032	-6.396391	80.900000
0.528710	0.385187	-6.393300	81.000000
0.525400	0.394095	-6.414711	81.100000
0.522097	0.398553	-6.447073	81.200000
0.518418	0.400590	-6.452831	81.300000
0.515076	0.397086	-6.434751	81.400000
0.511740	0.389879	-6.396088	81.500000
0.507964	0.388068	-6.384955	81.600000
0.504702	0.392311	-6.402695	81.700000
0.501117	0.398448	-6.419267	81.800000
0.497587	0.404437	-6.420376	81.900000
0.494092	0.405869	-6.398650	82.000000
0.490578	0.406046	-6.388686	82.100000
0.487301	0.401147	-6.455213	82.200000
0.483494	0.399380	-6.472695	82.300000
0.480542	0.395448	-6.435674	82.400000
0.476852	0.389177	-6.408254	82.500000
0.473414	0.385647	-6.419067	82.600000
0.470131	0.384531	-6.399690	82.700000
0.466578	0.386818	-6.378610	82.800000
0.463075	0.391924	-6.408678	82.900000
0.459708	0.392161	-6.426592	83.000000
0.456176	0.389032	-6.419963	83.100000
0.452730	0.389131	-6.422248	83.200000
0.449224	0.389725	-6.460924	83.300000
0.445831	0.392104	-6.429949	83.400000
0.442421	0.394702	-6.378390	83.500000
0.438806	0.398962	-6.367593	83.600000
0.435648	0.396240	-6.359858	83.700000
0.432129	0.396531	-6.354489	83.800000
0.428792	0.397803	-6.349420	83.900000
0.424831	0.402449	-6.391540	84.000000
0.421434	0.404022	-6.445105	84.100000
0.417936	0.396573	-6.464044	84.200000
0.414038	0.386851	-6.442978	84.300000
0.410642	0.381089	-6.387046	84.400000
0.407273	0.385167	-6.396612	84.500000
0.403649	0.393440	-6.435405	84.600000
0.400325	0.387749	-6.447932	84.700000
0.396578	0.382123	-6.445820	84.800000
0.393340	0.382472	-6.437404	84.900000
0.389816	0.380363	-6.409503	85.000000
0.386478	0.386830	-6.391512	85.100000
0.382782	0.392220	-6.338041	85.200000
0.379203	0.388918	-6.297133	85.300000
0.375996	0.382799	-6.296801	85.400000
0.372240	0.383797	-6.331434	85.500000
0.368852	0.383483	-6.380255	85.600000
0.365311	0.382584	-6.457588	85.700000
0.361794	0.383271	-6.505985	85.800000
0.358265	0.384068	-6.469565	85.900000
0.354834	0.385579	-6.403147	86.000000
0.351464	0.389706	-6.350547	86.100000
0.348086	0.394531	-6.343514	86.200000
0.344454	0.390160	-6.346393	86.300000
0.340914	0.386422	-6.336551	86.400000
0.337269	0.388585	-6.382784	86.500000
0.333757	0.399058	-6.411313	86.600000
0.330091	0.393680	-6.426547	86.700000
0.326501	0.387264	-6.440216	86.800000
0.323146	0.385615	-6.384906	86.900000
0.319421	0.388421	-6.305545	87.000000
0.315929	0.389175	-6.317835	87.100000
0.312360	0.384864	-6.385731	87.200000
0.308988	0.383299	-6.374479	87.300000
0.305601	0.385169	-6.370025	87.400000
0.301988	0.386312	-6.359018	87.500000
0.298422	0.391494	-6.334999	87.600000
0.294913	0.397836	-6.344602	87.700000
0.291468	0.393531	-6.381189	87.800000
0.287720	0.387015	-6.352509	87.900000
0.283780	0.382222	-6.271170	88.000000
0.280724	0.387828	-6.255414	88.100000
0.276911	0.388055	-6.337765	88.200000
0.273183	0.387829	-6.393171	88.300000
0.269963	0.393442	-6.406645	88.400000
0.266463	0.397393	-6.421665	88.500000
0.262951	0.396611	-6.437243	88.600000
0.259512	0.395409	-6.419816	88.700000
0.255860	0.390470	-6.391896	88.800000
0.252378	0.390780	-6.351788	88.900000
0.248786	0.393714	-6.317096	89.000000
0.245341	0.397714	-6.300068	89.100000
0.241610	0.392606	-6.322121	89.200000
0.238293	0.387414	-6.354933	89.300000
0.234681	0.385953	-6.346119	89.400000
0.231118	0.384231	-6.324902	89.500000
0.227671	0.391209	-6.343506	89.600000
0.224027	0.396196	-6.356297	89.700000
0.220675	0.395359	-6.349605	89.800000
0.217151	0.392616	-6.329767	89.900000
0.213666	0.389899	-6.318221	90.000000
0.210037	0.393595	-6.342306	90.100000
0.206051	0.396093	-6.365341	90.200000
0.202543	0.394088	-6.373397	90.300000
0.199012	0.389569	-6.331445	90.400000
0.195361	0.387644	-6.267344	90.500000
0.192106	0.380196	-6.273776	90.600000
0.188231	0.378486	-6.300064	90.700000
0.184678	0.383042	-6.320598	90.800000
0.181453	0.383070	-6.366561	90.900000
0.178003	0.376606	-6.353366	91.000000
0.174244	0.375730	-6.315312	91.100000
0.170612	0.380455	-6.273925	91.200000
0.167095	0.379785	-6.313652	91.300000
0.163490	0.369057	-6.548607	91.400000
0.160091	0.348292	-6.678865	91.500000
0.156467	0.310844	-6.561857	91.600000
0.152810	0.270775	-6.430938	91.700000
0.149523	0.244689	-6.334275	91.800000
0.145771	0.222352	-6.238258	91.900000
0.142514	0.202124	-6.163431	92.000000
0.139136	0.190685	-6.125857	92.100000
0.135340	0.181901	-5.999045	92.200000
0.132028	0.177695	-5.887747	92.300000
0.128060	0.180601	-5.781854	92.400000
0.125012	0.179296	-5.787862	92.500000
0.120907	0.176980	-5.912817	92.600000
0.117456	0.176837	-6.032737	92.700000
0.114007	0.176185	-6.001837	92.800000
0.110246	0.171377	-5.935806	92.900000
0.106627	0.165086	-5.960998	93.000000
0.103167	0.163415	-6.029354	93.100000
0.099465	0.162133	-6.109201	93.200000
0.095995	0.157477	-6.155003	93.300000
0.092238	0.159705	-6.100791	93.400000
0.088725	0.157238	-6.150351	93.500000
0.085168	0.150649	-6.091466	93.600000
0.081583	0.151143	-5.950084	93.700000
0.078051	0.154932	-5.915990	93.800000
0.074377	0.156819	-5.969870	93.900000
0.070977	0.161666	-6.017311	94.000000
0.067228	0.162762	-5.990366	94.100000
0.063607	0.163792	-6.070269	94.200000
0.060267	0.159294	-6.075802	94.300000
0.056507	0.154793	-6.172123	94.400000
0.052908	0.151337	-6.218033	94.500000
0.049243	0.149608	-6.140963	94.600000
0.045740	0.156174	-6.003480	94.700000
0.042289	0.164449	-5.931966	94.800000
0.038610	0.164892	-5.948258	94.900000
0.035440	0.165931	-5.948801	95.000000
0.031856	0.164373	-5.918582	95.100000
0.028489	0.163703	-5.912449	95.200000
0.024969	0.160276	-5.865926	95.300000
0.021184	0.158486	-5.872503	95.400000
0.017855	0.166126	-5.888825	95.500000
0.014345	0.171490	-5.949834	95.600000
0.010499	0.168157	-5.983345	95.701000
0.007005	0.163508	-5.907081	95.800000
0.003424	0.158942	-5.862497	95.900000
-0.000070	0.153705	-5.921123	96.000000
-0.003805	0.153389	-5.933243	96.100000
-0.007423	0.154592	-5.988448	96.200000
-0.011192	0.155495	-5.919685	96.300000
-0.014893	0.156291	-5.845630	96.400000
-0.018563	0.160956	-5.996381	96.500000
-0.022263	0.160284	-6.117761	96.600000
-0.025927	0.155574	-6.135600	96.700000
-0.029309	0.155730	-5.965676	96.800000
-0.032946	0.159044	-5.777437	96.900000
-0.036249	0.161376	-5.741793	97.000000
-0.040143	0.163856	-5.829627	97.100000
-0.043601	0.164323	-5.829004	97.200000
-0.047542	0.157302	-5.882477	97.300000
-0.051115	0.153322	-5.956060	97.400000
-0.054847	0.157991	-6.063814	97.500000
-0.058588	0.162120	-6.178590	97.600000
-0.062313	0.161445	-6.172932	97.700000
-0.065856	0.162885	-6.014599	97.800000
-0.069518	0.157934	-5.981030	97.900000
-0.072901	0.152943	-6.108943	98.000000
-0.076506	0.150920	-6.189873	98.100000
-0.080043	0.148522	-6.100931	98.200000
-0.083734	0.155476	-5.980410	98.300000
-0.087184	0.162397	-5.930349	98.400000
-0.090894	0.161475	-5.894143	98.500000
-0.094607	0.162744	-5.887532	98.600000
-0.098103	0.161313	-5.949412	98.700000
-0.101988	0.158761	-6.061741	98.800000
-0.105546	0.160495	-6.118851	98.900000
-0.109207	0.162870	-6.084440	99.000000
-0.112841	0.161382	-5.994752	99.100000
-0.116409	0.165051	-5.981967	99.200000
-0.120386	0.169069	-6.035363	99.300000
-0.123730	0.171066	-6.095486	99.400000
-0.127482	0.162430	-6.047337	99.500000
-0.131102	0.159980	-6.070611	99.600000
-0.134999	0.166155	-6.189744	99.700000
-0.138799	0.168956	-6.220111	99.800000
-0.142250	0.173431	-6.178546	99.900000
-0.145777	0.183375	-6.139271	100.000000
-0.149438	0.207581	-6.087589	100.100000
-0.153196	0.231964	-6.059137	100.200000
-0.156824	0.261719	-6.245092	100.300000
-0.160502	0.296733	-6.796823	100.400000
-0.164220	0.377714	-7.424658	100.500000
-0.168017	0.444826	-7.656182	100.600000
-0.171470	0.420743	-7.455468	100.700000
-0.175045	0.388876	-7.053806	100.800000
-0.178935	0.377093	-6.670471	100.900000
-0.182361	0.381822	-6.439721	101.000000
-0.186011	0.382401	-6.354991	101.100000
-0.189827	0.383050	-6.318734	101.200000
-0.193310	0.382705	-6.335555	101.300000
-0.197089	0.374647	-6.318462	101.400000
-0.200802	0.375920	-6.311075	101.500000
-0.204369	0.381161	-6.367285	101.600000
-0.207688	0.387543	-6.355273	101.700000
-0.211494	0.388906	-6.341256	101.800000
-0.215221	0.380884	-6.355628	101.900000
-0.218907	0.376361	-6.358747	102.000000
-0.222615	0.378285	-6.326574	102.100000
-0.226230	0.379172	-6.332421	102.200000
-0.230049	0.380970	-6.377894	102.300000
-0.233728	0.388266	-6.366336	102.400000
-0.237355	0.393888	-6.314301	102.500000
-0.240901	0.381866	-6.314824	102.600000
-0.244807	0.374194	-6.333610	102.700000
-0.248394	0.377441	-6.356967	102.800000
-0.251720	0.382080	-6.364382	102.900000
-0.255661	0.387286	-6.352110	103.000000
-0.259039	0.391497	-6.313438	103.100000
-0.262776	0.398095	-6.287955	103.200000
-0.266514	0.396934	-6.323600	103.300000
-0.270131	0.392287	-6.329610	103.400000
-0.273922	0.394559	-6.289830	103.500000
-0.277334	0.391921	-6.283869	103.600000
-0.281378	0.383499	-6.278240	103.700000
-0.284673	0.381319	-6.281728	103.800000
-0.288473	0.385215	-6.325195	103.900000
-0.291970	0.392190	-6.363768	104.000000
-0.295565	0.394027	-6.347816	104.100000
-0.299178	0.393045	-6.310173	104.200000
-0.302987	0.397684	-6.297291	104.300000
-0.306545	0.399187	-6.326170	104.400000
-0.310061	0.397134	-6.341773	104.500000
-0.313733	0.394360	-6.309924	104.600000
-0.317381	0.393322	-6.335917	104.700000
-0.320776	0.396905	-6.389875	104.800000
-0.324604	0.400720	-6.406008	104.900000
-0.328141	0.400077	-6.429786	105.000000
-0.331799	0.401590	-6.428686	105.100000
-0.335370	0.405257	-6.351121	105.200000
-0.338641	0.407213	-6.338478	105.300000
-0.342716	0.401154	-6.427252	105.400000
-0.346334	0.397657	-6.491204	105.500000
-0.349995	0.393645	-6.479567	105.601000
-0.353785	0.389289	-6.470931	105.700000
-0.357511	0.388367	-6.418674	105.800000
-0.361188	0.384663	-6.414598	105.900000
-0.364812	0.389682	-6.434440	106.000000
-0.368399	0.397216	-6.397500	106.100000
-0.372160	0.402404	-6.338892	106.200000
-0.375676	0.401047	-6.294985	106.300000
-0.379483	0.399129	-6.305768	106.400000
-0.382973	0.394411	-6.357254	106.500000
-0.386665	0.390530	-6.355740	106.600000
-0.390334	0.393333	-6.320939	106.700000
-0.394328	0.390394	-6.335103	106.800000
-0.398238	0.389361	-6.348474	106.900000
-0.401706	0.389226	-6.349688	107.000000
-0.405335	0.386880	-6.333743	107.100000
-0.409192	0.382890	-6.353267	107.200000
-0.412642	0.381571	-6.362350	107.300000
-0.416398	0.381279	-6.354026	107.400000
-0.419768	0.383605	-6.370056	107.500000
-0.423331	0.387757	-6.386248	107.600000
-0.427350	0.395104	-6.361038	107.700000
-0.430696	0.397722	-6.329481	107.800000
-0.434613	0.398619	-6.362726	107.900000
-0.438261	0.403345	-6.404969	108.000000
-0.441847	0.402860	-6.398839	108.100000
-0.445609	0.399260	-6.374037	108.200000
-0.449194	0.396951	-6.360973	108.300000
-0.453041	0.394031	-6.373656	108.400000
-0.456757	0.396995	-6.399160	108.500000
-0.460496	0.393532	-6.436738	108.600000
-0.464082	0.388429	-6.426889	108.700000
-0.467580	0.387722	-6.454269	108.800000
-0.471450	0.389774	-6.432872	108.900000
-0.475161	0.388639	-6.385065	109.000000
-0.478650	0.389629	-6.358936	109.100000
-0.482802	0.395235	-6.364724	109.200000
-0.486441	0.395348	-6.363946	109.300000
-0.490194	0.394566	-6.361391	109.400000
-0.493618	0.395477	-6.384532	109.500000
-0.497469	0.394306	-6.396135	109.600000
-0.501212	0.389667	-6.397358	109.700000
-0.504884	0.389113	-6.462195	109.800000
-0.508505	0.384097	-6.525789	109.900000
-0.511944	0.378903	-6.517012	110.000000
-0.515776	0.379132	-6.534944	110.100000
-0.519213	0.383049	-6.505096	110.200000
-0.523147	0.389141	-6.435272	110.300000
-0.526939	0.394938	-6.377377	110.400000
-0.530629	0.393882	-6.345277	110.500000
-0.534250	0.393097	-6.313857	110.600000
-0.537881	0.394098	-6.278481	110.700000
-0.541671	0.394101	-6.356788	110.800000
-0.545425	0.398297	-6.402057	110.900000
-0.549092	0.398610	-6.412087	111.000000
-0.552570	0.396054	-6.390090	111.100000
-0.556195	0.397590	-6.382578	111.200000
-0.559846	0.400483	-6.389424	111.300000
-0.563724	0.397054	-6.458059	111.400000
-0.567255	0.393277	-6.503670	111.500000
-0.571404	0.390303	-6.505366	111.600000
-0.574655	0.389339	-6.472858	111.700000
-0.578566	0.388256	-6.437753	111.800000
-0.582134	0.390230	-6.425012	111.900000
-0.585652	0.389801	-6.381110	112.000000
-0.589786	0.388722	-6.345091	112.100000
-0.593166	0.389695	-6.353991	112.200000
-0.596790	0.397031	-6.383864	112.300000
-0.600364	0.402316	-6.429629	112.400000
-0.604290	0.405029	-6.460630	112.500000
-0.608141	0.402936	-6.483702	112.600000
-0.611597	0.404390	-6.517197	112.700000
-0.615234	0.400857	-6.466223	112.800000
-0.618625	0.395151	-6.407209	112.900000
-0.622197	0.395332	-6.410032	113.000000
-0.626077	0.396723	-6.425456	113.100000
-0.629691	0.398214	-6.384115	113.200000
-0.633860	0.396364	-6.369229	113.300000
-0.637137	0.390577	-6.378421	113.400000
-0.640854	0.392232	-6.373437	113.500000
-0.644504	0.401690	-6.373186	113.600000
-0.648131	0.406335	-6.383450	113.700000
-0.651847	0.403794	-6.413042	113.800000
-0.655537	0.402084	-6.387761	113.900000
-0.658858	0.398442	-6.397821	114.000000
-0.660412	0.396615	-6.400303	114.100000
-0.661738	0.398034	-6.397725	114.200000
-0.663037	0.399001	-6.402791	114.300000
-0.663973	0.402639	-6.402702	114.400000
-0.664875	0.401045	-6.381032	114.500000
-0.665596	0.397165	-6.339805	114.600000
-0.666177	0.395741	-6.324391	114.700000
-0.667126	0.392824	-6.426978	114.800000
-0.667691	0.389351	-6.472292	114.900000
-0.668277	0.393146	-6.467358	115.000000
-0.668818	0.394021	-6.450314	115.100000
-0.669283	0.396141	-6.430843	115.200000
-0.670011	0.396671	-6.415295	115.300000
-0.670217	0.397187	-6.435156	115.400000
-0.670681	0.400801	-6.450249	115.500000
-0.670974	0.399818	-6.463723	115.600000
-0.671194	0.397560	-6.475158	115.700000
-0.671801	0.394624	-6.483490	115.800000
-0.671727	0.393207	-6.463171	115.900000
-0.672315	0.394717	-6.442401	116.000000
-0.672427	0.396754	-6.431085	116.100000
-0.672568	0.396942	-6.406487	116.200000
-0.672921	0.405507	-6.405197	116.300000
-0.672822	0.416001	-6.440518	116.400000
-0.673279	0.415668	-6.401609	116.500000
-0.673446	0.406262	-6.344381	116.600000
-0.673388	0.400473	-6.341417	116.700000
-0.673943	0.398863	-6.376018	116.800000
-0.673971	0.406085	-6.364584	116.900000
-0.673667	0.419422	-6.341046	117.000000
-0.673892	0.420248	-6.348055	117.100000
-0.674261	0.415054	-6.350256	117.200000
-0.674420	0.407150	-6.356352	117.300000
-0.674448	0.397577	-6.346053	117.400000
-0.674783	0.391426	-6.348251	117.500000
-0.674733	0.393331	-6.364089	117.600000
-0.674891	0.395476	-6.315123	117.700000
-0.675086	0.397296	-6.311926	117.800000
-0.675120	0.401012	-6.379376	117.900000
-0.675283	0.401153	-6.423649	118.000000
-0.675391	0.397313	-6.405531	118.100000
-0.675676	0.392469	-6.399330	118.200000
-0.675862	0.397522	-6.350999	118.300000
-0.675787	0.401807	-6.364741	118.400000
-0.676007	0.404106	-6.360617	118.500000
-0.676041	0.403962	-6.366446	118.600000
-0.676307	0.403002	-6.416187	118.700000
-0.676128	0.400769	-6.432425	118.800000
-0.676266	0.400801	-6.435484	118.900000
-0.676199	0.403006	-6.449617	119.000000
-0.676200	0.401619	-6.451007	119.100000
-0.676655	0.397836	-6.447683	119.200000
-0.676485	0.393418	-6.424379	119.300000
-0.676523	0.395305	-6.375644	119.400000
-0.676579	0.394148	-6.369805	119.500000
-0.676719	0.395503	-6.408149	119.600000
-0.676870	0.398702	-6.468782	119.700000
-0.676735	0.398414	-6.498797	119.800000
-0.676832	0.401767	-6.458436	119.900000
-0.676932	0.406011	-6.425367	120.000000
-0.676847	0.406182	-6.422477	120.100000
-0.676969	0.398534	-6.409097	120.200000
-0.677094	0.396298	-6.392530	120.300000
-0.677057	0.400197	-6.383403	120.400000
-0.677487	0.400956	-6.398565	120.500000
-0.677110	0.399376	-6.388401	120.601000
-0.677253	0.403620	-6.371321	120.700000
-0.677349	0.402126	-6.348477	120.800000
-0.677396	0.398816	-6.380337	120.900000
-0.677659	0.401100	-6.404841	121.000000
-0.677414	0.402720	-6.381305	121.100000
-0.677528	0.401751	-6.398669	121.200000
-0.677626	0.396109	-6.415722	121.300000
-0.677591	0.400533	-6.379257	121.400000
-0.677495	0.409901	-6.369794	121.500000
-0.677790	0.409564	-6.385879	121.600000
-0.677776	0.402118	-6.420337	121.700000
-0.677264	0.396773	-6.428392	121.800000
-0.677744	0.397801	-6.382231	121.900000
-0.677664	0.400149	-6.378482	122.000000
-0.677812	0.393206	-6.412886	122.100000
-0.677838	0.388982	-6.411327	122.200000
-0.677674	0.394402	-6.432346	122.300000
-0.677938	0.398839	-6.419877	122.400000
-0.677908	0.398017	-6.379854	122.500000
-0.677765	0.394648	-6.366272	122.600000
-0.677989	0.392082	-6.400693	122.700000
-0.677936	0.395768	-6.465976	122.800000
-0.678057	0.396671	-6.435354	122.900000
-0.678155	0.398956	-6.382230	123.000000
-0.677974	0.405128	-6.355908	123.100000
-0.678193	0.404698	-6.359425	123.200000
-0.677963	0.402245	-6.360754	123.300000
-0.678072	0.403783	-6.382797	123.400000
-0.678181	0.409045	-6.438807	123.500000
-0.678069	0.413378	-6.495629	123.600000
-0.678386	0.420177	-6.461029	123.700000
-0.678151	0.418554	-6.441548	123.800000
-0.678301	0.414475	-6.397849	123.900000
-0.678138	0.410915	-6.373655	124.000000
-0.678188	0.410450	-6.373264	124.100000
-0.678043	0.407004	-6.369250	124.200000
-0.678160	0.407880	-6.381978	124.300000
-0.678383	0.406405	-6.387833	124.400000
-0.678332	0.398519	-6.386100	124.500000
-0.678295	0.393952	-6.366063	124.600000
-0.678586	0.396055	-6.332160	124.700000
-0.678370	0.400835	-6.328906	124.800000
-0.678377	0.402330	-6.327976	124.900000
-0.678446	0.399826	-6.344602	125.000000
-0.678585	0.400280	-6.330818	125.100000
-0.678454	0.399697	-6.361652	125.200000
-0.678481	0.402110	-6.400521	125.300000
-0.678569	0.395998	-6.403018	125.400000
-0.678453	0.393911	-6.403098	125.500000
-0.678651	0.393888	-6.397675	125.600000
-0.678890	0.400057	-6.376516	125.700000
-0.678507	0.407515	-6.376205	125.800000
-0.678855	0.404684	-6.383946	125.900000
-0.678595	0.398910	-6.380538	126.000000
-0.678871	0.401560	-6.365143	126.100000
-0.678811	0.401434	-6.378753	126.200000
-0.678850	0.395367	-6.421042	126.300000
-0.678863	0.392189	-6.452319	126.400000
-0.678845	0.394805	-6.457487	126.500000
-0.679122	0.397343	-6.443410	126.600000
-0.678903	0.393375	-6.401333	126.700000
-0.678898	0.386958	-6.395024	126.800000
-0.678815	0.395404	-6.401731	126.900000
-0.678634	0.408265	-6.388638	127.000000
-0.678915	0.414166	-6.379494	127.100000
-0.678707	0.416791	-6.420200	127.200000
-0.678756	0.411261	-6.503118	127.300000
-0.678967	0.409497	-6.552357	127.400000
-0.678921	0.409972	-6.562924	127.500000
-0.678954	0.407602	-6.529636	127.600000
-0.678782	0.405764	-6.462237	127.700000
-0.678834	0.404049	-6.376080	127.800000
-0.678875	0.401450	-6.356037	127.900000
