-0.794990	1.115079	-3.315397	10.192000
-0.795477	1.115719	-3.313551	10.292000
-0.795497	1.116113	-3.313257	10.392000
-0.795434	1.114637	-3.310442	10.492000
-0.795579	1.112827	-3.315888	10.592000
-0.795499	1.111010	-3.331712	10.692000
-0.795350	1.110135	-3.349688	10.792000
-0.795397	1.115238	-3.351115	10.892000
-0.795298	1.117150	-3.350948	10.992000
-0.795423	1.116223	-3.351152	11.092000
-0.795382	1.113107	-3.343194	11.192000
-0.795615	1.114044	-3.333047	11.292000
-0.795386	1.113590	-3.321619	11.393000
-0.795505	1.116828	-3.320969	11.492000
-0.795605	1.119854	-3.327260	11.592000
-0.795577	1.117091	-3.330706	11.692000
-0.795364	1.115544	-3.340945	11.792000
-0.795590	1.118579	-3.353329	11.893000
-0.795452	1.120026	-3.353072	11.993000
-0.795528	1.123394	-3.343504	12.092000
-0.795528	1.122630	-3.326350	12.192000
-0.795620	1.121051	-3.315998	12.292000
-0.795538	1.119732	-3.305800	12.392000
-0.795638	1.121907	-3.305011	12.492000
-0.795382	1.120286	-3.303467	12.593000
-0.795452	1.115451	-3.303386	12.692000
-0.795878	1.113647	-3.301085	12.799000
-0.795712	1.112922	-3.302603	12.892000
-0.795621	1.112124	-3.308833	12.993000
-0.795594	1.114025	-3.316304	13.092000
-0.795832	1.114403	-3.319058	13.192000
-0.795559	1.118363	-3.322882	13.292000
-0.795478	1.120958	-3.325489	13.393000
-0.795461	1.121140	-3.321651	13.492000
-0.795807	1.121861	-3.323643	13.592000
-0.795501	1.119270	-3.327242	13.692000
-0.795234	1.116497	-3.332019	13.792000
-0.793386	1.116516	-3.326527	13.892000
-0.791486	1.114013	-3.321150	13.993000
-0.789050	1.111748	-3.315793	14.092000
-0.786615	1.111622	-3.319862	14.192000
-0.784249	1.114965	-3.321407	14.292000
-0.781622	1.120803	-3.322082	14.392000
-0.779112	1.123481	-3.314171	14.492000
-0.776206	1.122451	-3.311533	14.592000
-0.773619	1.121318	-3.319420	14.692000
-0.770861	1.119241	-3.329490	14.793000
-0.768020	1.117148	-3.334828	14.892000
-0.765239	1.112904	-3.332839	14.992000
-0.762415	1.115720	-3.332119	15.092000
-0.759517	1.118528	-3.340305	15.192000
-0.756847	1.116106	-3.339756	15.292000
-0.753937	1.112376	-3.324798	15.392000
-0.751013	1.109696	-3.319179	15.492000
-0.748056	1.107738	-3.323593	15.593000
-0.745136	1.108526	-3.322846	15.692000
-0.742104	1.113107	-3.320745	15.792000
-0.739209	1.111591	-3.330493	15.893000
-0.736213	1.107647	-3.344288	15.992000
-0.733303	1.106851	-3.352445	16.093000
-0.730122	1.107387	-3.356005	16.192000
-0.726946	1.111227	-3.362217	16.292000
-0.723789	1.113762	-3.350379	16.392000
-0.720696	1.115572	-3.351626	16.493000
-0.717700	1.111656	-3.353124	16.592000
-0.714564	1.107045	-3.361583	16.692000
-0.711658	1.104561	-3.374782	16.792000
-0.708409	1.105072	-3.372598	16.892000
-0.705335	1.106470	-3.364806	16.992000
-0.702006	1.106012	-3.357539	17.092000
-0.699057	1.106539	-3.345390	17.192000
-0.696066	1.108632	-3.340159	17.292000
-0.692824	1.108279	-3.343609	17.392000
-0.689506	1.103424	-3.354673	17.492000
-0.686284	1.098492	-3.360470	17.592000
-0.683106	1.096272	-3.362349	17.693000
-0.679962	1.095736	-3.357326	17.792000
-0.677083	1.099103	-3.346554	17.892000
-0.673959	1.102287	-3.341747	17.992000
-0.670610	1.100177	-3.346146	18.092000
-0.667293	1.098145	-3.346621	18.192000
-0.663895	1.100497	-3.339663	18.292000
-0.660864	1.102537	-3.343223	18.392000
-0.657625	1.102128	-3.354541	18.492000
-0.654357	1.100342	-3.364636	18.592000
-0.650989	1.097038	-3.371010	18.692000
-0.647639	1.094655	-3.367279	18.792000
-0.644370	1.095938	-3.364428	18.892000
-0.641199	1.097579	-3.349337	18.992000
-0.638220	1.098403	-3.329582	19.092000
-0.634793	1.100010	-3.328337	19.192000
-0.631661	1.100113	-3.337629	19.292000
-0.628521	1.105249	-3.351561	19.392000
-0.625278	1.097782	-3.350254	19.492000
-0.622093	1.090135	-3.355319	19.592000
-0.618992	1.086973	-3.359695	19.692000
-0.615454	1.088784	-3.354316	19.792000
-0.612299	1.090060	-3.351870	19.892000
-0.608765	1.091064	-3.350359	19.993000
-0.605641	1.086528	-3.347942	20.092000
-0.602597	1.086619	-3.333309	20.192000
-0.599335	1.089845	-3.334843	20.292000
-0.595999	1.092141	-3.351473	20.393000
-0.592775	1.092920	-3.366752	20.492000
-0.589793	1.088243	-3.370501	20.592000
-0.586422	1.085452	-3.373119	20.692000
-0.583256	1.088931	-3.375862	20.792000
-0.579905	1.090648	-3.377763	20.893000
-0.576663	1.094523	-3.371743	20.993000
-0.573376	1.092261	-3.365851	21.092000
-0.570062	1.089114	-3.347065	21.192000
-0.566746	1.091727	-3.342669	21.292000
-0.563468	1.091711	-3.348101	21.392000
-0.560171	1.093582	-3.347030	21.492000
-0.557117	1.092003	-3.352745	21.592000
-0.553678	1.094714	-3.365034	21.692000
-0.550661	1.092371	-3.374823	21.792000
-0.546894	1.086611	-3.373107	21.892000
-0.543743	1.083460	-3.370000	21.992000
-0.540586	1.086370	-3.372860	22.092000
-0.536828	1.089300	-3.375747	22.192000
-0.533752	1.086333	-3.373099	22.292000
-0.530469	1.080956	-3.359309	22.392000
-0.527288	1.081679	-3.353118	22.492000
-0.523775	1.083254	-3.349698	22.592000
-0.520564	1.084425	-3.353706	22.692000
-0.517224	1.084093	-3.368821	22.792000
-0.513747	1.082491	-3.371404	22.892000
-0.510414	1.084537	-3.362568	22.992000
-0.507142	1.086169	-3.357980	23.092000
-0.503940	1.086612	-3.358218	23.192000
-0.500447	1.086151	-3.362424	23.292000
-0.497378	1.084084	-3.370151	23.393000
-0.493911	1.081541	-3.368343	23.492000
-0.490560	1.081252	-3.362404	23.592000
-0.487338	1.077216	-3.358003	23.692000
-0.484080	1.070699	-3.355427	23.792000
-0.481105	1.070922	-3.356068	23.892000
-0.477616	1.073860	-3.362744	23.992000
-0.474485	1.074209	-3.366943	24.092000
-0.470958	1.074352	-3.366414	24.192000
-0.467543	1.074234	-3.367870	24.292000
-0.464376	1.074540	-3.375842	24.392000
-0.460966	1.076777	-3.384748	24.492000
-0.457527	1.078422	-3.374906	24.592000
-0.454342	1.079900	-3.372083	24.692000
-0.451087	1.079228	-3.376785	24.792000
-0.447702	1.076542	-3.383156	24.892000
-0.444326	1.070747	-3.377901	24.992000
-0.440895	1.069715	-3.369096	25.092000
-0.437615	1.069058	-3.374068	25.192000
-0.434224	1.070272	-3.379283	25.293000
-0.430720	1.074974	-3.384200	25.392000
-0.427607	1.074601	-3.388003	25.492000
-0.424113	1.074553	-3.397678	25.592000
-0.420744	1.072071	-3.393379	25.692000
-0.417217	1.073085	-3.388111	25.792000
-0.414058	1.072470	-3.377514	25.892000
-0.410533	1.069163	-3.364936	25.993000
-0.407315	1.071453	-3.366198	26.092000
-0.403889	1.067912	-3.367391	26.192000
-0.400793	1.068374	-3.376403	26.292000
-0.397164	1.067121	-3.377621	26.392000
-0.393802	1.067488	-3.376073	26.492000
-0.390468	1.070001	-3.386077	26.592000
-0.387146	1.066630	-3.391846	26.692000
-0.383675	1.063721	-3.396141	26.793000
-0.380241	1.065392	-3.399083	26.892000
-0.376839	1.063565	-3.401588	26.992000
-0.373418	1.061829	-3.397997	27.092000
-0.370153	1.062895	-3.394432	27.192000
-0.366601	1.061644	-3.390597	27.292000
-0.363399	1.059592	-3.386195	27.392000
-0.359920	1.059329	-3.381535	27.492000
-0.356499	1.061349	-3.382132	27.592000
-0.353171	1.059778	-3.388653	27.692000
-0.349694	1.058077	-3.385882	27.792000
-0.346502	1.055586	-3.388970	27.892000
-0.343211	1.052380	-3.381401	27.992000
-0.339634	1.047747	-3.367437	28.092000
-0.336088	1.046236	-3.377727	28.192000
-0.332654	1.047999	-3.393040	28.293000
-0.329090	1.049592	-3.395197	28.392000
-0.325615	1.050301	-3.393606	28.492000
-0.322421	1.051137	-3.392779	28.592000
-0.319027	1.051320	-3.394543	28.692000
-0.315724	1.050575	-3.410036	28.792000
-0.312331	1.052333	-3.422322	28.893000
-0.308837	1.053974	-3.422763	28.992000
-0.305521	1.051906	-3.410858	29.092000
-0.302268	1.053345	-3.399868	29.192000
-0.298608	1.058257	-3.392693	29.292000
-0.294802	1.059699	-3.386550	29.393000
-0.291552	1.058912	-3.395685	29.492000
-0.288155	1.055776	-3.407511	29.592000
-0.284728	1.053727	-3.410368	29.692000
-0.281342	1.047302	-3.409104	29.792000
-0.277812	1.046534	-3.406318	29.892000
-0.274486	1.049478	-3.391009	29.992000
-0.270968	1.051707	-3.377404	30.092000
-0.267523	1.052345	-3.385057	30.192000
-0.264092	1.049981	-3.394721	30.293000
-0.260970	1.046800	-3.395203	30.392000
-0.257152	1.044823	-3.386767	30.492000
-0.253856	1.041501	-3.383445	30.592000
-0.250198	1.043717	-3.385542	30.692000
-0.246854	1.046442	-3.388109	30.792000
-0.243509	1.045661	-3.387366	30.893000
-0.239997	1.045397	-3.390036	30.992000
-0.236673	1.041841	-3.393263	31.093000
-0.233105	1.042436	-3.380124	31.192000
-0.229608	1.041694	-3.367178	31.292000
-0.226289	1.042597	-3.368359	31.392000
-0.222958	1.046748	-3.382243	31.492000
-0.219413	1.046056	-3.399690	31.592000
-0.215834	1.043954	-3.397260	31.692000
-0.212232	1.046916	-3.394127	31.792000
-0.208682	1.046671	-3.409838	31.892000
-0.205261	1.045070	-3.414394	31.993000
-0.201862	1.044057	-3.412700	32.092000
-0.198667	1.043680	-3.412395	32.192000
-0.195166	1.042686	-3.406172	32.292000
-0.191566	1.039774	-3.405236	32.392000
-0.188214	1.035888	-3.407179	32.492000
-0.184714	1.036262	-3.397029	32.593000
-0.181317	1.034548	-3.382882	32.693000
-0.177950	1.036565	-3.376452	32.792000
-0.174664	1.038155	-3.384080	32.892000
-0.171066	1.037931	-3.402991	32.992000
-0.167756	1.038306	-3.426147	33.092000
-0.164215	1.037237	-3.429176	33.192000
-0.160834	1.036254	-3.423077	33.292000
-0.157442	1.040661	-3.418421	33.392000
-0.153918	1.039295	-3.416364	33.492000
-0.150472	1.039198	-3.409121	33.592000
-0.147157	1.038410	-3.398023	33.693000
-0.143615	1.036604	-3.385521	33.792000
-0.140082	1.035491	-3.387488	33.892000
-0.136727	1.038968	-3.396913	33.992000
-0.133184	1.042779	-3.414327	34.092000
-0.129765	1.043955	-3.412223	34.192000
-0.126282	1.041282	-3.408347	34.292000
-0.122783	1.035024	-3.407118	34.392000
-0.119665	1.033546	-3.415189	34.493000
-0.115990	1.030666	-3.410740	34.593000
-0.112645	1.031608	-3.398375	34.692000
-0.109015	1.031616	-3.402771	34.792000
-0.105629	1.031140	-3.404867	34.892000
-0.102219	1.031750	-3.397929	34.992000
-0.098908	1.032954	-3.403956	35.092000
-0.095352	1.033440	-3.408832	35.192000
-0.091649	1.036352	-3.396514	35.293000
-0.087950	1.038574	-3.392244	35.392000
-0.084685	1.034988	-3.389439	35.492000
-0.081066	1.029261	-3.383840	35.592000
-0.077444	1.025548	-3.379558	35.692000
-0.074322	1.024099	-3.384716	35.792000
-0.070928	1.023051	-3.403998	35.892000
-0.067239	1.020630	-3.403423	35.992000
-0.064073	1.023234	-3.406755	36.092000
-0.060747	1.026689	-3.408563	36.193000
-0.057089	1.024605	-3.413957	36.292000
-0.053689	1.019949	-3.417469	36.393000
-0.050268	1.022610	-3.406686	36.492000
-0.047036	1.027606	-3.394045	36.592000
-0.043327	1.029919	-3.407506	36.692000
-0.039944	1.029986	-3.412228	36.792000
-0.036557	1.026446	-3.404645	36.892000
-0.032931	1.035078	-3.428710	36.993000
-0.029673	1.061109	-3.472076	37.092000
-0.026207	1.104394	-3.542220	37.193000
-0.022630	1.126942	-3.601586	37.292000
-0.018905	1.077637	-3.581868	37.392000
-0.015393	0.937599	-3.447946	37.492000
-0.011987	0.749638	-3.233802	37.592000
-0.008145	0.586428	-2.997698	37.692000
-0.004855	0.481112	-2.793602	37.792000
-0.001213	0.424253	-2.670968	37.892000
0.002279	0.397497	-2.606481	37.992000
0.005718	0.383965	-2.566422	38.093000
0.009397	0.374920	-2.528325	38.192000
0.012738	0.368292	-2.532095	38.292000
0.016339	0.367254	-2.548905	38.392000
0.019603	0.367633	-2.548000	38.492000
0.023245	0.368862	-2.535579	38.592000
0.026776	0.374975	-2.546742	38.693000
0.030419	0.407106	-2.558191	38.793000
0.033758	0.494841	-2.649867	38.892000
0.037333	0.652609	-2.942973	38.992000
0.040815	0.845002	-3.317399	39.092000
0.044516	1.008155	-3.539761	39.192000
0.047932	1.094754	-3.603006	39.292000
0.051375	1.106573	-3.599091	39.392000
0.054772	1.083616	-3.575685	39.492000
0.058362	1.057298	-3.523002	39.592000
0.062058	1.039784	-3.464137	39.692000
0.065337	1.028207	-3.415476	39.793000
0.069057	1.022000	-3.402628	39.893000
0.072744	1.021629	-3.405740	39.992000
0.076371	1.022128	-3.410032	40.092000
0.079851	1.024095	-3.406079	40.192000
0.083313	1.026630	-3.408745	40.292000
0.086809	1.023421	-3.417728	40.393000
0.090473	1.020306	-3.408428	40.492000
0.094029	1.022190	-3.394954	40.592000
0.097545	1.024663	-3.398928	40.692000
0.101146	1.028464	-3.413295	40.792000
0.104787	1.029648	-3.418965	40.893000
0.108194	1.031889	-3.424332	40.993000
0.111691	1.030080	-3.436104	41.092000
0.115308	1.026744	-3.443919	41.192000
0.119319	1.028717	-3.437686	41.292000
0.122752	1.028715	-3.436534	41.393000
0.126180	1.030253	-3.429135	41.492000
0.129738	1.037120	-3.414435	41.592000
0.133419	1.039577	-3.408956	41.692000
0.136826	1.041393	-3.415463	41.792000
0.140128	1.042051	-3.406493	41.892000
0.143719	1.039777	-3.399214	41.993000
0.147397	1.034898	-3.397218	42.092000
0.151125	1.031622	-3.386785	42.192000
0.154545	1.034516	-3.379184	42.292000
0.157933	1.036301	-3.388527	42.392000
0.161691	1.032317	-3.397887	42.492000
0.165343	1.032202	-3.391533	42.592000
0.168791	1.035958	-3.376102	42.692000
0.172251	1.038379	-3.374956	42.792000
0.175806	1.040403	-3.391807	42.892000
0.179368	1.038226	-3.422874	42.992000
0.182950	1.036735	-3.435896	43.092000
0.186506	1.036414	-3.432518	43.192000
0.190173	1.037510	-3.417460	43.292000
0.193720	1.035806	-3.402720	43.392000
0.197106	1.036247	-3.394002	43.492000
0.200845	1.037977	-3.392258	43.592000
0.204540	1.038736	-3.402225	43.692000
0.208032	1.036847	-3.407387	43.792000
0.211590	1.037065	-3.415024	43.892000
0.215464	1.039901	-3.411886	43.992000
0.218753	1.040122	-3.416071	44.092000
0.222426	1.040385	-3.418425	44.192000
0.226004	1.039352	-3.412347	44.292000
0.229550	1.040822	-3.404302	44.392000
0.232996	1.040252	-3.406445	44.492000
0.236549	1.039542	-3.408943	44.592000
0.240200	1.039208	-3.408266	44.692000
0.243945	1.039731	-3.397806	44.792000
0.247472	1.036171	-3.402694	44.892000
0.250959	1.038299	-3.415149	44.992000
0.254477	1.037457	-3.420888	45.092000
0.258044	1.042566	-3.419115	45.192000
0.261628	1.043801	-3.410635	45.292000
0.265259	1.043195	-3.405259	45.392000
0.268454	1.041302	-3.394282	45.492000
0.272291	1.041755	-3.392393	45.592000
0.275793	1.045607	-3.393079	45.692000
0.279274	1.046998	-3.394449	45.792000
0.282968	1.045551	-3.390558	45.892000
0.286817	1.044191	-3.373998	45.993000
0.290654	1.044130	-3.379864	46.092000
0.294011	1.046062	-3.397921	46.192000
0.297548	1.048153	-3.408345	46.293000
0.301259	1.050190	-3.406287	46.392000
0.304701	1.047719	-3.394203	46.492000
0.308235	1.046900	-3.382380	46.592000
0.311821	1.045618	-3.369323	46.692000
0.315138	1.044392	-3.361735	46.792000
0.319223	1.044747	-3.370166	46.892000
0.322655	1.045937	-3.386314	46.992000
0.326243	1.047463	-3.385107	47.092000
0.330044	1.048713	-3.373982	47.192000
0.333805	1.046871	-3.372072	47.292000
0.337418	1.046299	-3.377191	47.392000
0.341067	1.049272	-3.386655	47.492000
0.344436	1.051331	-3.396551	47.592000
0.348210	1.053917	-3.395443	47.692000
0.351728	1.054153	-3.390236	47.792000
0.355308	1.054597	-3.387525	47.892000
0.359047	1.054861	-3.386677	47.992000
0.362634	1.056742	-3.386079	48.093000
0.366138	1.057892	-3.384078	48.192000
0.369884	1.061003	-3.377495	48.292000
0.373510	1.067204	-3.364875	48.392000
0.377166	1.070162	-3.365880	48.492000
0.380799	1.066097	-3.371367	48.592000
0.384549	1.061952	-3.370167	48.692000
0.388015	1.058519	-3.381755	48.792000
0.391648	1.054755	-3.383841	48.892000
0.395253	1.056039	-3.377400	48.992000
0.398818	1.058190	-3.384731	49.092000
0.402510	1.060534	-3.400211	49.192000
0.405908	1.061756	-3.410321	49.292000
0.409703	1.063122	-3.409159	49.392000
0.413498	1.065708	-3.407525	49.492000
0.417259	1.064617	-3.406215	49.596000
0.420682	1.063961	-3.405315	49.692000
0.424358	1.065221	-3.414467	49.792000
0.427868	1.066852	-3.412498	49.893000
0.431816	1.065239	-3.394752	49.992000
0.435181	1.062943	-3.391368	50.093000
0.438974	1.058939	-3.397167	50.192000
0.442677	1.059015	-3.387420	50.292000
0.446236	1.061796	-3.386939	50.392000
0.449622	1.066216	-3.386720	50.492000
0.453344	1.071251	-3.386308	50.592000
0.457157	1.069740	-3.375288	50.692000
0.460768	1.072772	-3.370102	50.792000
0.464360	1.074003	-3.361998	50.892000
0.468086	1.074923	-3.363728	50.993000
0.471498	1.067721	-3.366300	51.093000
0.475185	1.065026	-3.368208	51.192000
0.478833	1.067371	-3.375955	51.292000
0.482489	1.069492	-3.383426	51.392000
0.485743	1.071687	-3.374850	51.492000
0.489529	1.071254	-3.373098	51.592000
0.493196	1.071052	-3.384323	51.692000
0.496900	1.069610	-3.391549	51.792000
0.500397	1.069578	-3.393583	51.892000
0.504063	1.071122	-3.398237	51.992000
0.507574	1.073353	-3.408628	52.092000
0.510964	1.077459	-3.418665	52.192000
0.514768	1.084011	-3.401956	52.292000
0.518283	1.085896	-3.391505	52.392000
0.522090	1.081107	-3.387896	52.492000
0.525778	1.079313	-3.383677	52.592000
0.529443	1.079564	-3.383803	52.692000
0.533125	1.081585	-3.390364	52.792000
0.536603	1.079703	-3.393911	52.892000
0.540411	1.081320	-3.382468	52.992000
0.543828	1.084381	-3.367465	53.092000
0.547635	1.088246	-3.369212	53.192000
0.551139	1.089461	-3.367003	53.292000
0.554752	1.090730	-3.356976	53.392000
0.558266	1.086395	-3.342512	53.492000
0.562015	1.086781	-3.337922	53.592000
0.565307	1.085073	-3.346669	53.693000
0.569130	1.083446	-3.354255	53.792000
0.572957	1.081062	-3.352753	53.892000
0.576557	1.080466	-3.356116	53.992000
0.580063	1.083570	-3.359707	54.092000
0.583753	1.086110	-3.369440	54.192000
0.587629	1.086475	-3.381187	54.292000
0.591326	1.086885	-3.381522	54.393000
0.595152	1.088836	-3.377491	54.492000
0.598713	1.087538	-3.363716	54.592000
0.602253	1.084636	-3.359277	54.692000
0.605961	1.083191	-3.360535	54.792000
0.609518	1.085532	-3.368614	54.892000
0.612974	1.086694	-3.384071	54.992000
0.616931	1.087548	-3.379306	55.092000
0.620293	1.085777	-3.360415	55.192000
0.624168	1.084064	-3.357541	55.292000
0.627637	1.080904	-3.357273	55.392000
0.631628	1.080494	-3.359765	55.492000
0.635310	1.082549	-3.359502	55.592000
0.638642	1.085620	-3.355510	55.692000
0.642422	1.090548	-3.351447	55.792000
0.646056	1.094821	-3.361807	55.892000
0.649726	1.092308	-3.351374	55.993000
0.653438	1.093238	-3.348449	56.093000
0.656970	1.098312	-3.349191	56.192000
0.660647	1.096794	-3.364045	56.293000
0.664254	1.093755	-3.370659	56.392000
0.667892	1.094471	-3.374660	56.492000
0.671471	1.094401	-3.368205	56.592000
0.675304	1.095119	-3.371168	56.692000
0.678760	1.098379	-3.365330	56.792000
0.682125	1.102208	-3.371554	56.892000
0.686207	1.100465	-3.366447	56.993000
0.689721	1.099317	-3.353150	57.092000
0.693279	1.102753	-3.349322	57.192000
0.697041	1.099886	-3.352543	57.292000
0.700632	1.099508	-3.361095	57.393000
0.704223	1.098066	-3.369523	57.492000
0.707832	1.097002	-3.363413	57.592000
0.711258	1.099470	-3.358916	57.692000
0.715367	1.097852	-3.356706	57.792000
0.718928	1.099827	-3.359453	57.892000
0.722687	1.097313	-3.363614	57.992000
0.726379	1.100228	-3.363327	58.092000
0.730070	1.102836	-3.357978	58.192000
0.733819	1.102093	-3.356914	58.292000
0.737346	1.104230	-3.350937	58.392000
0.741247	1.103785	-3.349892	58.492000
0.744609	1.105470	-3.331189	58.592000
0.748392	1.109606	-3.318302	58.692000
0.752028	1.111204	-3.328573	58.792000
0.755850	1.111034	-3.350690	58.892000
0.759562	1.111284	-3.373599	58.992000
0.763275	1.108467	-3.377737	59.093000
0.766828	1.107754	-3.370368	59.192000
0.770465	1.107052	-3.361551	59.292000
0.774388	1.109713	-3.361464	59.392000
0.777802	1.111804	-3.370717	59.492000
0.781525	1.109750	-3.379325	59.592000
0.785084	1.110231	-3.380144	59.692000
0.788849	1.114228	-3.364532	59.792000
0.792588	1.115674	-3.368897	59.892000
0.795910	1.116530	-3.370522	59.992000
0.799906	1.114198	-3.359174	60.092000
0.803689	1.113043	-3.352345	60.192000
0.807314	1.109570	-3.354714	60.292000
0.810945	1.111289	-3.358131	60.392000
0.814865	1.113280	-3.355349	60.492000
0.818582	1.114254	-3.348929	60.592000
0.822382	1.115414	-3.353588	60.692000
0.825884	1.111357	-3.352425	60.792000
0.829353	1.108490	-3.352262	60.892000
0.833120	1.109842	-3.339141	60.992000
0.836869	1.110867	-3.331937	61.092000
0.840450	1.114418	-3.331941	61.193000
0.844267	1.115042	-3.339556	61.293000
0.848009	1.115055	-3.339832	61.392000
0.851508	1.115385	-3.344873	61.492000
0.855186	1.116355	-3.350470	61.592000
0.858878	1.116753	-3.357169	61.692000
0.862447	1.119713	-3.358739	61.792000
0.866193	1.119979	-3.352211	61.893000
0.869762	1.115959	-3.345306	61.992000
0.873491	1.114300	-3.345751	62.092000
0.877198	1.117160	-3.344456	62.192000
0.880653	1.119647	-3.353709	62.292000
0.884382	1.120638	-3.360506	62.392000
0.888039	1.126766	-3.348663	62.492000
0.891789	1.129576	-3.328871	62.593000
0.895395	1.125632	-3.324271	62.692000
0.898987	1.120169	-3.332973	62.792000
0.902561	1.120798	-3.326971	62.892000
0.906474	1.124117	-3.330935	62.993000
0.909996	1.127473	-3.339326	63.092000
0.913599	1.128043	-3.345236	63.193000
0.917152	1.126887	-3.342826	63.292000
0.921121	1.127112	-3.332467	63.392000
0.924812	1.128940	-3.321534	63.493000
0.928334	1.130813	-3.305180	63.592000
0.932102	1.129335	-3.302835	63.692000
0.934943	1.129030	-3.313282	63.792000
0.935042	1.128870	-3.320731	63.893000
0.934298	1.127263	-3.331916	63.992000
0.933029	1.126482	-3.340778	64.093000
0.931509	1.130534	-3.346006	64.192000
0.929847	1.126643	-3.351727	64.293000
0.927980	1.120703	-3.342601	64.392000
0.926015	1.121586	-3.325356	64.493000
0.923966	1.128094	-3.312319	64.592000
0.921771	1.132815	-3.311911	64.692000
0.919355	1.135973	-3.311260	64.793000
0.917036	1.139659	-3.315932	64.892000
0.914598	1.138937	-3.335402	64.992000
0.912277	1.139648	-3.334745	65.092000
0.909810	1.138405	-3.330181	65.193000
0.906918	1.135948	-3.327596	65.292000
0.904425	1.138211	-3.329529	65.392000
0.901664	1.132057	-3.318609	65.492000
0.898950	1.126426	-3.316095	65.592000
0.896425	1.123608	-3.322776	65.692000
0.893615	1.123384	-3.324704	65.793000
0.890722	1.128360	-3.333102	65.892000
0.887755	1.128991	-3.345140	65.993000
0.885113	1.127962	-3.344839	66.092000
0.882297	1.129628	-3.334941	66.192000
0.879397	1.129111	-3.334260	66.292000
0.876575	1.127331	-3.334041	66.392000
0.873708	1.126581	-3.333323	66.493000
0.870439	1.125991	-3.334783	66.592000
0.867520	1.123398	-3.341975	66.692000
0.864494	1.122892	-3.348241	66.792000
0.861731	1.123281	-3.355559	66.892000
0.858744	1.119653	-3.349808	66.992000
0.855554	1.120881	-3.338867	67.092000
0.852281	1.120639	-3.325880	67.192000
0.849470	1.123115	-3.330617	67.293000
0.846560	1.124871	-3.341382	67.393000
0.843029	1.124181	-3.347293	67.492000
0.839831	1.126847	-3.356268	67.592000
0.836962	1.126753	-3.363608	67.692000
0.833917	1.124649	-3.378042	67.792000
0.830797	1.125701	-3.376690	67.892000
0.827812	1.121406	-3.363763	67.992000
0.824701	1.114799	-3.344883	68.092000
0.821343	1.111724	-3.333961	68.192000
0.818301	1.116725	-3.319569	68.292000
0.815323	1.120543	-3.326194	68.392000
0.812112	1.117332	-3.341651	68.492000
0.808975	1.115354	-3.352709	68.592000
0.805672	1.114906	-3.353752	68.692000
0.802514	1.112590	-3.362213	68.792000
0.799157	1.113530	-3.371084	68.893000
0.795925	1.114143	-3.362608	68.992000
0.792878	1.114376	-3.360563	69.092000
0.789817	1.115539	-3.364181	69.192000
0.786678	1.111610	-3.359015	69.292000
0.783286	1.110101	-3.355676	69.392000
0.780176	1.113969	-3.345134	69.493000
0.776914	1.116065	-3.342958	69.592000
0.774006	1.122790	-3.349224	69.692000
0.770690	1.122884	-3.349055	69.792000
0.767252	1.117624	-3.339000	69.893000
0.764107	1.111218	-3.329653	69.993000
0.760892	1.106801	-3.321336	70.092000
0.757802	1.102067	-3.314023	70.192000
0.754570	1.100323	-3.323167	70.292000
0.751188	1.104070	-3.333440	70.392000
0.748230	1.105861	-3.332431	70.492000
0.744784	1.104676	-3.335328	70.593000
0.741464	1.104497	-3.335815	70.693000
0.738461	1.108951	-3.333935	70.793000
0.735025	1.109687	-3.323022	70.892000
0.731877	1.111875	-3.306288	70.992000
0.728722	1.111575	-3.301380	71.092000
0.725566	1.109246	-3.314178	71.193000
0.722253	1.104486	-3.343347	71.292000
0.718848	1.098910	-3.359650	71.392000
0.715805	1.097026	-3.361985	71.493000
0.712573	1.096905	-3.351058	71.592000
0.709240	1.098275	-3.355534	71.692000
0.705821	1.099741	-3.358394	71.792000
0.702574	1.099419	-3.352808	71.892000
0.699457	1.098757	-3.349661	71.992000
0.696044	1.102385	-3.350162	72.092000
0.692460	1.103676	-3.340371	72.193000
0.689297	1.104261	-3.340793	72.292000
0.685919	1.104497	-3.349040	72.392000
0.682655	1.099793	-3.335398	72.492000
0.679185	1.095582	-3.327594	72.592000
0.675937	1.093964	-3.330126	72.692000
0.672890	1.096079	-3.339266	72.792000
0.669356	1.095909	-3.347501	72.892000
0.666058	1.096128	-3.344354	72.992000
0.662588	1.092176	-3.334511	73.092000
0.659357	1.089674	-3.328509	73.192000
0.656187	1.089345	-3.330557	73.293000
0.652599	1.089831	-3.344935	73.392000
0.649125	1.093221	-3.363917	73.492000
0.645906	1.096956	-3.374082	73.592000
0.642414	1.094882	-3.376217	73.692000
0.639156	1.090895	-3.364348	73.792000
0.635904	1.090606	-3.346782	73.892000
0.632659	1.092131	-3.346927	73.992000
0.629510	1.094734	-3.363720	74.092000
0.626054	1.097400	-3.384834	74.192000
0.622810	1.097103	-3.391938	74.292000
0.619444	1.092599	-3.387400	74.392000
0.616099	1.089746	-3.391353	74.492000
0.612851	1.088312	-3.388594	74.592000
0.609483	1.090906	-3.390232	74.692000
0.606331	1.089189	-3.393582	74.792000
0.602825	1.087758	-3.386996	74.893000
0.599387	1.086948	-3.365818	74.993000
0.596472	1.085376	-3.347919	75.092000
0.592858	1.085919	-3.351735	75.192000
0.589525	1.086972	-3.360431	75.292000
0.586425	1.089404	-3.362594	75.392000
0.582903	1.089496	-3.362661	75.492000
0.579641	1.087755	-3.370915	75.592000
0.576274	1.086639	-3.370323	75.692000
0.572834	1.085690	-3.377544	75.792000
0.569629	1.087254	-3.361672	75.892000
0.566377	1.088012	-3.348033	75.992000
0.562877	1.089229	-3.352991	76.092000
0.559542	1.087130	-3.359001	76.192000
0.556258	1.085549	-3.363158	76.292000
0.552923	1.085041	-3.361988	76.393000
0.549548	1.081432	-3.361386	76.492000
0.546247	1.079848	-3.368725	76.593000
0.542771	1.078491	-3.378071	76.692000
0.539296	1.081497	-3.373249	76.793000
0.536179	1.080915	-3.361472	76.892000
0.532717	1.081254	-3.360434	76.992000
0.529210	1.080192	-3.366741	77.092000
0.525778	1.078231	-3.371883	77.192000
0.522408	1.076552	-3.372914	77.292000
0.519102	1.074630	-3.351879	77.392000
0.515667	1.077285	-3.338524	77.492000
0.512242	1.076796	-3.348461	77.592000
0.508789	1.075382	-3.368476	77.693000
0.505291	1.072218	-3.373722	77.792000
0.502094	1.073895	-3.375366	77.892000
0.498842	1.075507	-3.370886	77.992000
0.495370	1.074872	-3.358283	78.092000
0.491824	1.077659	-3.352022	78.192000
0.488494	1.075150	-3.355574	78.292000
0.484925	1.071458	-3.361409	78.392000
0.481478	1.072638	-3.378303	78.492000
0.478121	1.077061	-3.383770	78.592000
0.474824	1.079080	-3.369345	78.692000
0.471611	1.078455	-3.366554	78.792000
0.468101	1.075017	-3.364968	78.892000
0.464548	1.070151	-3.376870	78.992000
0.461302	1.068151	-3.386099	79.092000
0.457833	1.067506	-3.393959	79.192000
0.454752	1.069495	-3.396182	79.292000
0.451075	1.067445	-3.385480	79.392000
0.447717	1.062673	-3.376736	79.492000
0.444269	1.061055	-3.375170	79.592000
0.441036	1.060984	-3.369177	79.692000
0.437524	1.065145	-3.363731	79.792000
0.434086	1.066646	-3.363557	79.892000
0.430705	1.064837	-3.363638	79.992000
0.427221	1.065440	-3.364981	80.092000
0.423916	1.067444	-3.369195	80.192000
0.420388	1.069858	-3.363677	80.293000
0.416852	1.069370	-3.355611	80.392000
0.413245	1.067049	-3.374194	80.492000
0.409819	1.067405	-3.383483	80.592000
0.406373	1.066959	-3.391036	80.692000
0.402723	1.069741	-3.385399	80.792000
0.399462	1.068733	-3.379691	80.892000
0.396035	1.065224	-3.388630	80.992000
0.392568	1.064387	-3.395956	81.092000
0.389377	1.064262	-3.388556	81.192000
0.386057	1.063846	-3.373661	81.292000
0.382281	1.057647	-3.370389	81.392000
0.378758	1.055860	-3.362834	81.492000
0.375504	1.059793	-3.364957	81.592000
0.371649	1.061830	-3.371387	81.692000
0.368256	1.063072	-3.379714	81.792000
0.364709	1.062395	-3.387517	81.892000
0.361252	1.057548	-3.390201	81.992000
0.357996	1.053482	-3.388091	82.092000
0.354372	1.049274	-3.379185	82.192000
0.350995	1.049772	-3.374547	82.292000
0.347538	1.057888	-3.379346	82.392000
0.344131	1.060485	-3.382383	82.492000
0.340405	1.059914	-3.384828	82.592000
0.337031	1.060048	-3.383532	82.692000
0.333656	1.056860	-3.372972	82.792000
0.330156	1.055024	-3.367275	82.892000
0.326740	1.055762	-3.379119	82.993000
0.323459	1.053840	-3.381023	83.092000
0.319689	1.056251	-3.378352	83.192000
0.316471	1.054044	-3.367634	83.292000
0.313082	1.051881	-3.355690	83.392000
0.309384	1.051709	-3.365198	83.492000
0.305927	1.051598	-3.373057	83.592000
0.302660	1.052900	-3.365734	83.692000
0.298966	1.048935	-3.368710	83.792000
0.295661	1.046660	-3.376686	83.892000
0.292164	1.049092	-3.390973	83.993000
0.288332	1.049874	-3.391599	84.092000
0.284859	1.048616	-3.386561	84.192000
0.281245	1.044871	-3.382736	84.292000
0.277905	1.044962	-3.398550	84.392000
0.274376	1.045089	-3.402084	84.492000
0.271059	1.040491	-3.407996	84.592000
0.267302	1.040349	-3.403142	84.692000
0.263987	1.040807	-3.399732	84.793000
0.260469	1.040799	-3.390470	84.892000
0.256989	1.038941	-3.384870	84.992000
0.253544	1.042323	-3.384679	85.092000
0.250246	1.043658	-3.382446	85.192000
0.246533	1.041658	-3.380861	85.292000
0.243093	1.039808	-3.372356	85.392000
0.239509	1.041152	-3.366716	85.492000
0.236166	1.042736	-3.366469	85.592000
0.232734	1.048876	-3.369024	85.692000
0.229248	1.050543	-3.373429	85.792000
0.225745	1.047760	-3.381062	85.892000
0.222388	1.047411	-3.385654	85.992000
0.218479	1.047699	-3.387766	86.092000
0.215123	1.046272	-3.387165	86.192000
0.211819	1.046520	-3.391652	86.292000
0.208112	1.043031	-3.397816	86.393000
0.204515	1.040875	-3.403775	86.492000
0.201080	1.041215	-3.398141	86.592000
0.197442	1.042723	-3.388930	86.692000
0.193845	1.040149	-3.383901	86.793000
0.190318	1.039093	-3.381359	86.892000
0.186738	1.040392	-3.370726	86.992000
0.183192	1.041035	-3.381823	87.092000
0.179707	1.035695	-3.394295	87.192000
0.176289	1.032339	-3.399888	87.292000
0.172837	1.034353	-3.403531	87.392000
0.169105	1.034029	-3.404269	87.493000
0.165583	1.031694	-3.409291	87.592000
0.162079	1.034381	-3.400285	87.692000
0.158396	1.040700	-3.392507	87.792000
0.154814	1.045228	-3.387047	87.892000
0.151491	1.041796	-3.390102	87.993000
0.147882	1.037901	-3.392588	88.092000
0.144201	1.037941	-3.397793	88.192000
0.140913	1.037120	-3.407931	88.292000
0.137400	1.033513	-3.421872	88.392000
0.133884	1.032281	-3.431899	88.493000
0.130298	1.030143	-3.423518	88.592000
0.126805	1.026807	-3.407628	88.692000
0.123285	1.026761	-3.392333	88.792000
0.119601	1.025808	-3.383930	88.893000
0.116184	1.024142	-3.385124	88.993000
0.112540	1.025256	-3.381162	89.092000
0.109199	1.029331	-3.398950	89.192000
0.105595	1.026730	-3.430788	89.292000
0.102161	1.026791	-3.438873	89.392000
0.098706	1.025754	-3.422167	89.492000
0.095081	1.026716	-3.404767	89.592000
0.091598	1.028488	-3.417761	89.692000
0.088068	1.028772	-3.429216	89.792000
0.084398	1.028227	-3.420303	89.893000
0.080773	1.027146	-3.406403	89.992000
0.077246	1.029268	-3.394769	90.092000
0.073366	1.031994	-3.385090	90.192000
0.070054	1.029883	-3.381709	90.292000
0.066463	1.030178	-3.377291	90.392000
0.063033	1.033709	-3.377228	90.492000
0.059441	1.040527	-3.393342	90.592000
0.055894	1.065832	-3.428083	90.692000
0.052649	1.113426	-3.508926	90.792000
0.048942	1.144667	-3.593585	90.892000
0.045577	1.101583	-3.602461	90.992000
0.042041	0.967959	-3.493875	91.092000
0.038639	0.784768	-3.277621	91.193000
0.035080	0.616039	-3.022038	91.292000
0.031505	0.498174	-2.822027	91.392000
0.027917	0.428836	-2.687871	91.492000
0.024398	0.393825	-2.600739	91.592000
0.020991	0.382689	-2.556077	91.692000
0.017501	0.378806	-2.523486	91.792000
0.013796	0.372974	-2.484818	91.893000
0.010350	0.371337	-2.475434	91.992000
0.006854	0.369945	-2.482831	92.092000
0.003228	0.369994	-2.481903	92.192000
-0.000319	0.373157	-2.456674	92.293000
-0.004085	0.394910	-2.438977	92.392000
-0.007530	0.471442	-2.509264	92.492000
-0.011213	0.619736	-2.793683	92.592000
-0.014878	0.813658	-3.193630	92.692000
-0.018452	0.985229	-3.479207	92.792000
-0.022042	1.080629	-3.593884	92.892000
-0.025430	1.105551	-3.593267	92.992000
-0.028766	1.090145	-3.549440	93.092000
-0.032533	1.063538	-3.500077	93.192000
-0.036105	1.048106	-3.461330	93.293000
-0.039599	1.039175	-3.430939	93.393000
-0.043002	1.033428	-3.417093	93.493000
-0.046606	1.026929	-3.408634	93.592000
-0.050190	1.023960	-3.397653	93.692000
-0.053563	1.028988	-3.391028	93.792000
-0.057171	1.033317	-3.386177	93.893000
-0.060755	1.033670	-3.389962	93.992000
-0.064266	1.032719	-3.401292	94.092000
-0.067777	1.034628	-3.411388	94.192000
-0.071269	1.039333	-3.408185	94.292000
-0.074660	1.041716	-3.400256	94.392000
-0.078338	1.040552	-3.397473	94.492000
-0.081972	1.033334	-3.401164	94.592000
-0.085376	1.032806	-3.393611	94.692000
-0.088791	1.033397	-3.385802	94.792000
-0.092393	1.033115	-3.375350	94.893000
-0.095776	1.031828	-3.370895	94.992000
-0.099408	1.029755	-3.364843	95.092000
-0.102940	1.029994	-3.357272	95.192000
-0.106608	1.030046	-3.370383	95.292000
-0.110036	1.028844	-3.382001	95.393000
-0.113618	1.030986	-3.393340	95.492000
-0.117078	1.033665	-3.404199	95.592000
-0.120653	1.034945	-3.411468	95.693000
-0.124328	1.034500	-3.406000	95.792000
-0.127909	1.031202	-3.398454	95.892000
-0.131728	1.027919	-3.386640	95.992000
-0.135391	1.027775	-3.379576	96.092000
-0.138906	1.029074	-3.374568	96.192000
-0.142515	1.028774	-3.378313	96.292000
-0.146095	1.028113	-3.382479	96.392000
-0.149649	1.025048	-3.387050	96.492000
-0.153067	1.025741	-3.389037	96.592000
-0.156798	1.026461	-3.390290	96.692000
-0.160167	1.029423	-3.388180	96.792000
-0.164119	1.028052	-3.381987	96.892000
-0.167550	1.033444	-3.373942	96.992000
-0.171269	1.037259	-3.382913	97.092000
-0.175024	1.038924	-3.396419	97.192000
-0.178596	1.037390	-3.403282	97.292000
-0.182143	1.036964	-3.394998	97.392000
-0.185788	1.035600	-3.386633	97.492000
-0.189241	1.032511	-3.356958	97.592000
-0.192969	1.035255	-3.339417	97.692000
-0.196508	1.039433	-3.341566	97.792000
-0.199894	1.042389	-3.348881	97.893000
-0.203564	1.040643	-3.365265	97.992000
-0.207274	1.037469	-3.382539	98.092000
-0.210719	1.036919	-3.391797	98.192000
-0.214504	1.039690	-3.401587	98.292000
-0.218239	1.043738	-3.397177	98.392000
-0.221855	1.048515	-3.387886	98.492000
-0.225390	1.046171	-3.391818	98.592000
-0.229012	1.042888	-3.399864	98.692000
-0.232525	1.039577	-3.401526	98.792000
-0.236237	1.037988	-3.387656	98.892000
-0.239998	1.043698	-3.381022	98.992000
-0.243735	1.046132	-3.380014	99.092000
-0.247144	1.047381	-3.385538	99.192000
-0.250471	1.044773	-3.381615	99.292000
-0.254076	1.041303	-3.383279	99.392000
-0.257976	1.041379	-3.385820	99.492000
-0.261860	1.044691	-3.385826	99.592000
-0.265211	1.044493	-3.381037	99.692000
-0.269033	1.048759	-3.381820	99.792000
-0.272660	1.049252	-3.377438	99.892000
-0.276032	1.048182	-3.371264	99.992000
-0.279837	1.048897	-3.365513	100.092000
-0.283241	1.050868	-3.362537	100.192000
-0.286764	1.049819	-3.361429	100.293000
-0.290293	1.045722	-3.361044	100.392000
-0.293870	1.048298	-3.374953	100.493000
-0.297480	1.053741	-3.382417	100.592000
-0.301501	1.053579	-3.383972	100.692000
-0.304988	1.052384	-3.387531	100.792000
-0.308492	1.051829	-3.379888	100.892000
-0.311988	1.048817	-3.381013	100.993000
-0.315896	1.049303	-3.390045	101.092000
-0.319563	1.049580	-3.392086	101.192000
-0.322826	1.050993	-3.391665	101.293000
-0.326718	1.051897	-3.381220	101.392000
-0.330227	1.053067	-3.381057	101.492000
-0.333778	1.055775	-3.390855	101.592000
-0.337128	1.058324	-3.385393	101.692000
-0.341051	1.060274	-3.375533	101.792000
-0.344752	1.061157	-3.375536	101.892000
-0.348497	1.062789	-3.382981	101.992000
-0.352073	1.061327	-3.387704	102.092000
-0.355687	1.057895	-3.385939	102.192000
-0.359460	1.057556	-3.381145	102.292000
-0.362885	1.058454	-3.380824	102.392000
-0.366554	1.061379	-3.390909	102.493000
-0.370173	1.065257	-3.393743	102.592000
-0.373544	1.068047	-3.394077	102.692000
-0.377085	1.068775	-3.389171	102.793000
-0.380952	1.066360	-3.376018	102.893000
-0.384384	1.066642	-3.363872	102.992000
-0.388025	1.064503	-3.352287	103.093000
-0.391745	1.066808	-3.347534	103.192000
-0.395261	1.072172	-3.351764	103.292000
-0.398654	1.071035	-3.361962	103.392000
-0.402349	1.070698	-3.375854	103.492000
-0.406103	1.071178	-3.380408	103.592000
-0.409632	1.071834	-3.385439	103.692000
-0.412974	1.069965	-3.387898	103.793000
-0.416613	1.066903	-3.383343	103.892000
-0.420184	1.066420	-3.369865	103.993000
-0.423844	1.066739	-3.366050	104.092000
-0.427444	1.067447	-3.378185	104.192000
-0.430990	1.069058	-3.388336	104.292000
-0.434546	1.069379	-3.391060	104.393000
-0.437990	1.071433	-3.388063	104.493000
-0.441777	1.074262	-3.388334	104.592000
-0.445408	1.075447	-3.396833	104.692000
-0.448968	1.074265	-3.403385	104.792000
-0.452417	1.073616	-3.392810	104.892000
-0.456042	1.073797	-3.388578	104.993000
-0.459655	1.076459	-3.391634	105.092000
-0.463034	1.077091	-3.391549	105.192000
-0.466692	1.077032	-3.385294	105.292000
-0.470371	1.079086	-3.369923	105.393000
-0.474472	1.083745	-3.364863	105.492000
-0.478137	1.087190	-3.373778	105.592000
-0.481559	1.080634	-3.367455	105.692000
-0.485317	1.075837	-3.360112	105.792000
-0.488968	1.075839	-3.349790	105.893000
-0.492584	1.075636	-3.355517	105.993000
-0.496131	1.079085	-3.365623	106.092000
-0.499812	1.079336	-3.365888	106.192000
-0.503423	1.076291	-3.372138	106.292000
-0.506793	1.074571	-3.379603	106.392000
-0.510466	1.074261	-3.389086	106.492000
-0.514360	1.076793	-3.389214	106.592000
-0.517920	1.084408	-3.391852	106.692000
-0.521691	1.088903	-3.391081	106.792000
-0.525152	1.090643	-3.392537	106.892000
-0.528817	1.088051	-3.392814	106.992000
-0.532538	1.084751	-3.386326	107.092000
-0.536333	1.082289	-3.370968	107.192000
-0.539895	1.080665	-3.365653	107.292000
-0.543421	1.080603	-3.354601	107.393000
-0.547097	1.081604	-3.339252	107.492000
-0.550721	1.081131	-3.339948	107.592000
-0.554182	1.079450	-3.351637	107.692000
-0.558098	1.080126	-3.370636	107.792000
-0.561874	1.080180	-3.382323	107.892000
-0.565270	1.078611	-3.367800	107.993000
-0.568937	1.079850	-3.359483	108.092000
-0.572582	1.082157	-3.362625	108.192000
-0.576172	1.080658	-3.383939	108.293000
-0.579792	1.082795	-3.384300	108.392000
-0.582987	1.081915	-3.370597	108.492000
-0.586585	1.081603	-3.356644	108.592000
-0.590432	1.086035	-3.347845	108.693000
-0.594169	1.090684	-3.351383	108.792000
-0.597631	1.091151	-3.354095	108.892000
-0.601395	1.091733	-3.350701	108.992000
-0.605097	1.091086	-3.357880	109.092000
-0.608866	1.091191	-3.368210	109.192000
-0.612196	1.094312	-3.375158	109.292000
-0.615964	1.092002	-3.363484	109.392000
-0.619681	1.093324	-3.352166	109.492000
-0.623247	1.095694	-3.358242	109.592000
-0.626879	1.099723	-3.361062	109.692000
-0.630233	1.100018	-3.352429	109.792000
-0.633841	1.094801	-3.350672	109.892000
-0.637433	1.091138	-3.352716	109.992000
-0.641169	1.090300	-3.346194	110.092000
-0.645168	1.095303	-3.342527	110.192000
-0.648700	1.099439	-3.341315	110.292000
-0.652104	1.102662	-3.336131	110.392000
-0.655792	1.099030	-3.346759	110.492000
-0.659707	1.094187	-3.355290	110.592000
-0.663161	1.092589	-3.350151	110.692000
-0.667010	1.092732	-3.343355	110.793000
-0.670350	1.093819	-3.344867	110.892000
-0.674008	1.095684	-3.345976	110.993000
-0.677607	1.096039	-3.346743	111.093000
-0.681170	1.099449	-3.346158	111.192000
-0.684916	1.101513	-3.348134	111.292000
-0.688827	1.100890	-3.345286	111.393000
-0.692305	1.100344	-3.329543	111.493000
-0.695945	1.099433	-3.328299	111.592000
-0.699657	1.099493	-3.331071	111.692000
-0.703068	1.099412	-3.339290	111.792000
-0.706847	1.099197	-3.331656	111.892000
-0.710431	1.101867	-3.315274	111.992000
-0.713950	1.103381	-3.308079	112.092000
-0.717762	1.102555	-3.307183	112.192000
-0.721187	1.102604	-3.318428	112.292000
-0.725059	1.103612	-3.340486	112.392000
-0.728734	1.105382	-3.359185	112.493000
-0.732335	1.106342	-3.356167	112.592000
-0.735628	1.108131	-3.336074	112.692000
-0.739238	1.107783	-3.324100	112.792000
-0.742753	1.108748	-3.321608	112.892000
-0.746526	1.112951	-3.331159	112.992000
-0.750093	1.114325	-3.340841	113.092000
-0.753546	1.113720	-3.350358	113.192000
-0.757062	1.114737	-3.350619	113.292000
-0.760691	1.115692	-3.335162	113.392000
-0.764322	1.120607	-3.325518	113.492000
-0.767850	1.120920	-3.336552	113.592000
-0.771447	1.118042	-3.343300	113.692000
-0.774663	1.116167	-3.338076	113.792000
-0.776179	1.114303	-3.333505	113.892000
-0.777534	1.112379	-3.334968	113.993000
-0.778854	1.110377	-3.335993	114.092000
-0.779558	1.109744	-3.336106	114.192000
-0.780641	1.108674	-3.339328	114.292000
-0.781273	1.108906	-3.332470	114.392000
-0.781912	1.112377	-3.312998	114.492000
-0.782705	1.114665	-3.304022	114.592000
-0.783308	1.118685	-3.315719	114.692000
-0.783803	1.120165	-3.337695	114.793000
-0.784257	1.121587	-3.352889	114.892000
-0.784610	1.122871	-3.350379	114.993000
-0.785237	1.123079	-3.355700	115.093000
-0.785279	1.120662	-3.354865	115.192000
-0.785924	1.115012	-3.347996	115.292000
-0.786185	1.110314	-3.339021	115.392000
-0.786551	1.109882	-3.340133	115.492000
-0.786787	1.113376	-3.339466	115.592000
-0.787132	1.115150	-3.338514	115.692000
-0.787278	1.114623	-3.331594	115.792000
-0.787642	1.114479	-3.327544	115.892000
-0.787765	1.112052	-3.331040	115.992000
-0.788168	1.113828	-3.336754	116.092000
-0.788260	1.115329	-3.338819	116.192000
-0.788660	1.114907	-3.330731	116.292000
-0.788764	1.115344	-3.316620	116.392000
-0.788969	1.113178	-3.304531	116.492000
-0.789211	1.107945	-3.302557	116.592000
-0.789127	1.107132	-3.309622	116.692000
-0.789329	1.109333	-3.323419	116.792000
-0.789513	1.113711	-3.340575	116.893000
-0.789688	1.116659	-3.350796	116.992000
-0.789916	1.112560	-3.343277	117.092000
-0.790209	1.109362	-3.335319	117.192000
-0.790128	1.107856	-3.332273	117.292000
-0.790218	1.110316	-3.334742	117.392000
-0.790417	1.111619	-3.331201	117.493000
-0.790477	1.110722	-3.323646	117.592000
-0.790721	1.110548	-3.318958	117.692000
-0.790798	1.109304	-3.320647	117.793000
-0.790834	1.111316	-3.322977	117.892000
-0.791025	1.111698	-3.325760	117.993000
-0.791068	1.110841	-3.336363	118.092000
-0.791264	1.107840	-3.350924	118.192000
-0.791404	1.107660	-3.360588	118.293000
-0.791403	1.111520	-3.342159	118.392000
-0.791611	1.117594	-3.336121	118.492000
-0.791553	1.120085	-3.342153	118.592000
-0.791733	1.117759	-3.341547	118.692000
-0.791857	1.117611	-3.336566	118.793000
-0.791991	1.115343	-3.331386	118.892000
-0.791873	1.116071	-3.320451	118.992000
-0.791913	1.117925	-3.323284	119.092000
-0.792267	1.119806	-3.334980	119.192000
-0.792337	1.117499	-3.336736	119.292000
-0.792586	1.112249	-3.331468	119.392000
-0.792534	1.112519	-3.324883	119.492000
-0.792563	1.113849	-3.311695	119.593000
-0.792543	1.115014	-3.322174	119.692000
-0.792737	1.116336	-3.331494	119.793000
-0.792641	1.119276	-3.332879	119.893000
-0.792631	1.119029	-3.337827	119.992000
-0.792765	1.118193	-3.338587	120.092000
-0.792733	1.121240	-3.339186	120.192000
-0.792560	1.120054	-3.340255	120.293000
-0.792931	1.116545	-3.340735	120.392000
-0.792925	1.112676	-3.341666	120.492000
-0.792898	1.111587	-3.340473	120.592000
-0.792979	1.112801	-3.333444	120.692000
-0.793176	1.111976	-3.335796	120.792000
-0.793160	1.113282	-3.334737	120.892000
-0.793229	1.114069	-3.337830	120.993000
-0.793357	1.114492	-3.349429	121.092000
-0.793227	1.114908	-3.349819	121.192000
-0.793323	1.119317	-3.346097	121.292000
-0.793371	1.120066	-3.327612	121.393000
-0.793420	1.117744	-3.321354	121.492000
-0.793362	1.114404	-3.319319	121.592000
-0.793385	1.113386	-3.315738	121.692000
-0.793480	1.110915	-3.314105	121.792000
-0.793298	1.110872	-3.321997	121.892000
-0.793437	1.114125	-3.326743	121.993000
-0.793407	1.119145	-3.333358	122.092000
-0.793381	1.119754	-3.324910	122.192000
-0.793293	1.119421	-3.314975	122.292000
-0.793276	1.120861	-3.296174	122.393000
-0.793182	1.119233	-3.290230	122.492000
-0.793276	1.117980	-3.308621	122.592000
-0.793557	1.114073	-3.323306	122.692000
-0.793284	1.114576	-3.331843	122.793000
-0.793455	1.118312	-3.338266	122.892000
-0.793474	1.115611	-3.342664	122.992000
-0.793694	1.112366	-3.344927	123.092000
-0.793801	1.109469	-3.341068	123.192000
-0.793446	1.109895	-3.341594	123.293000
-0.793784	1.110772	-3.337430	123.392000
-0.793669	1.110196	-3.335164	123.492000
-0.793491	1.106770	-3.338220	123.592000
-0.793480	1.110106	-3.338703	123.692000
-0.793681	1.115779	-3.332623	123.792000
-0.793605	1.120588	-3.325178	123.892000
-0.793705	1.119951	-3.327198	123.992000
-0.793684	1.117522	-3.331438	124.092000
-0.793541	1.115923	-3.344236	124.192000
-0.793600	1.113933	-3.347679	124.292000
-0.793443	1.117299	-3.342784	124.392000
-0.793627	1.121819	-3.334768	124.492000
