-0.815441	1.116473	-3.320666	8.887000
-0.813672	1.118980	-3.325486	8.987000
-0.813337	1.123405	-3.340822	9.087000
-0.813483	1.122018	-3.353646	9.187000
-0.813394	1.121418	-3.355979	9.287000
-0.813607	1.120588	-3.354879	9.387000
-0.813405	1.121938	-3.363461	9.487000
-0.813419	1.121320	-3.360229	9.587000
-0.813303	1.120281	-3.349002	9.687000
-0.813265	1.119931	-3.342074	9.787000
-0.813459	1.119628	-3.348005	9.887000
-0.813359	1.117248	-3.358474	9.987000
-0.813245	1.114407	-3.349726	10.087000
-0.813360	1.116245	-3.328168	10.188000
-0.813313	1.119395	-3.314000	10.287000
-0.813309	1.118396	-3.310495	10.387000
-0.813382	1.119176	-3.311166	10.487000
-0.813377	1.119626	-3.311701	10.587000
-0.813453	1.118462	-3.310813	10.688000
-0.813361	1.114617	-3.314453	10.787000
-0.813488	1.114423	-3.325566	10.887000
-0.813263	1.115459	-3.335191	10.987000
-0.813378	1.114207	-3.345969	11.087000
-0.813398	1.115381	-3.351825	11.187000
-0.812387	1.115475	-3.335012	11.287000
-0.810227	1.116134	-3.327373	11.387000
-0.807844	1.120844	-3.326274	11.487000
-0.805177	1.125013	-3.322416	11.587000
-0.802518	1.123507	-3.323440	11.687000
-0.799961	1.120265	-3.327018	11.787000
-0.797175	1.118625	-3.328890	11.887000
-0.794372	1.119752	-3.320995	11.987000
-0.791773	1.117984	-3.328542	12.087000
-0.788635	1.116837	-3.343530	12.187000
-0.785936	1.117252	-3.343511	12.287000
-0.782879	1.114932	-3.347135	12.387000
-0.780263	1.114178	-3.343955	12.487000
-0.777200	1.118041	-3.332288	12.587000
-0.774206	1.114911	-3.333521	12.687000
-0.771132	1.111773	-3.334155	12.787000
-0.767974	1.112194	-3.341376	12.887000
-0.765135	1.112150	-3.344275	12.987000
-0.762231	1.108312	-3.356051	13.087000
-0.759059	1.110616	-3.368407	13.187000
-0.755944	1.111357	-3.359438	13.287000
-0.752781	1.109113	-3.346530	13.387000
-0.749821	1.106889	-3.334462	13.488000
-0.747047	1.110944	-3.334109	13.587000
-0.743588	1.108725	-3.343246	13.687000
-0.740342	1.107155	-3.352309	13.787000
-0.737139	1.106471	-3.354131	13.887000
-0.733955	1.106460	-3.352973	13.987000
-0.731022	1.105929	-3.356330	14.087000
-0.727873	1.108643	-3.364012	14.187000
-0.724874	1.109468	-3.371022	14.288000
-0.721613	1.106204	-3.360735	14.387000
-0.718518	1.106106	-3.353367	14.487000
-0.715397	1.108183	-3.357080	14.587000
-0.712059	1.110103	-3.361534	14.687000
-0.708908	1.110001	-3.354934	14.787000
-0.705882	1.109923	-3.342772	14.887000
-0.702474	1.107439	-3.339618	14.988000
-0.699143	1.104478	-3.343115	15.087000
-0.695982	1.103290	-3.349701	15.187000
-0.692712	1.099667	-3.355385	15.287000
-0.689643	1.097999	-3.356607	15.387000
-0.686467	1.097307	-3.362638	15.488000
-0.683084	1.101194	-3.374147	15.587000
-0.680166	1.105704	-3.373189	15.687000
-0.676945	1.109481	-3.371168	15.787000
-0.673665	1.107270	-3.368668	15.888000
-0.670384	1.102817	-3.360994	15.987000
-0.666895	1.098731	-3.345824	16.087000
-0.663536	1.098815	-3.345390	16.187000
-0.660294	1.096795	-3.351570	16.287000
-0.656961	1.095883	-3.367081	16.387000
-0.653813	1.094593	-3.368435	16.488000
-0.650619	1.096109	-3.364144	16.587000
-0.647351	1.100077	-3.354381	16.687000
-0.644144	1.103035	-3.353833	16.788000
-0.640767	1.098686	-3.353797	16.887000
-0.637744	1.095992	-3.355175	16.987000
-0.634374	1.090609	-3.349448	17.087000
-0.631003	1.092184	-3.346602	17.187000
-0.627525	1.092017	-3.355156	17.287000
-0.623856	1.091495	-3.372006	17.387000
-0.620707	1.092380	-3.361549	17.487000
-0.617444	1.094827	-3.353299	17.587000
-0.614397	1.095503	-3.355563	17.687000
-0.610999	1.095212	-3.358631	17.787000
-0.607821	1.095611	-3.354316	17.887000
-0.604443	1.095500	-3.347214	17.987000
-0.600979	1.096856	-3.340912	18.087000
-0.597863	1.094643	-3.344488	18.187000
-0.594502	1.094054	-3.343574	18.287000
-0.591261	1.091251	-3.335119	18.387000
-0.588017	1.089377	-3.326375	18.487000
-0.584529	1.091846	-3.327658	18.588000
-0.581069	1.094518	-3.331806	18.687000
-0.577877	1.092719	-3.343805	18.788000
-0.574586	1.087136	-3.349433	18.887000
-0.571356	1.086006	-3.345589	18.987000
-0.568052	1.084403	-3.349907	19.087000
-0.564848	1.082103	-3.374874	19.187000
-0.561479	1.083068	-3.400629	19.287000
-0.558083	1.082107	-3.409611	19.387000
-0.554920	1.081164	-3.398234	19.487000
-0.551376	1.081727	-3.378997	19.587000
-0.547905	1.081852	-3.365543	19.687000
-0.544348	1.082253	-3.365607	19.787000
-0.541090	1.080206	-3.366748	19.887000
-0.537636	1.081171	-3.367969	19.987000
-0.534396	1.079901	-3.369748	20.087000
-0.531379	1.083801	-3.368581	20.187000
-0.528092	1.089261	-3.373672	20.287000
-0.524494	1.090565	-3.379906	20.387000
-0.521256	1.091187	-3.392442	20.487000
-0.517944	1.091576	-3.394542	20.587000
-0.514667	1.094730	-3.382336	20.687000
-0.511370	1.091646	-3.365507	20.787000
-0.508053	1.090226	-3.365194	20.887000
-0.504760	1.087677	-3.379980	20.987000
-0.501327	1.080632	-3.386173	21.087000
-0.497651	1.078549	-3.387223	21.187000
-0.494686	1.078210	-3.392381	21.287000
-0.491301	1.076852	-3.387865	21.388000
-0.487946	1.077007	-3.382274	21.487000
-0.484726	1.080739	-3.386383	21.587000
-0.481330	1.082525	-3.399170	21.688000
-0.478019	1.079177	-3.401068	21.787000
-0.474503	1.073745	-3.397860	21.887000
-0.471239	1.071210	-3.397848	21.987000
-0.467802	1.071485	-3.397999	22.087000
-0.464359	1.068883	-3.397320	22.187000
-0.460937	1.069694	-3.402583	22.287000
-0.457467	1.074663	-3.396649	22.387000
-0.454538	1.074380	-3.401068	22.487000
-0.450715	1.074613	-3.398915	22.587000
-0.447348	1.075228	-3.386913	22.687000
-0.443998	1.076194	-3.385813	22.787000
-0.440882	1.076259	-3.393332	22.887000
-0.437531	1.077119	-3.391042	22.987000
-0.434227	1.075729	-3.380831	23.088000
-0.430447	1.071935	-3.374790	23.187000
-0.426932	1.069326	-3.374526	23.287000
-0.423694	1.069219	-3.386341	23.387000
-0.420043	1.067565	-3.394581	23.487000
-0.416954	1.065818	-3.396438	23.587000
-0.413343	1.068253	-3.388145	23.687000
-0.410168	1.068993	-3.387931	23.787000
-0.406837	1.068788	-3.396416	23.887000
-0.403358	1.071239	-3.415542	23.987000
-0.400081	1.070967	-3.416846	24.087000
-0.396732	1.064334	-3.405966	24.187000
-0.393218	1.060384	-3.404823	24.288000
-0.389371	1.060390	-3.402479	24.387000
-0.386034	1.062846	-3.398005	24.487000
-0.382742	1.064057	-3.405616	24.587000
-0.379123	1.062534	-3.407542	24.687000
-0.375954	1.062578	-3.395275	24.787000
-0.372587	1.061283	-3.388428	24.887000
-0.369154	1.059237	-3.381718	24.987000
-0.365628	1.060147	-3.375004	25.087000
-0.362287	1.058108	-3.383746	25.187000
-0.358653	1.055759	-3.387687	25.287000
-0.355297	1.051511	-3.392469	25.387000
-0.351932	1.051239	-3.389067	25.487000
-0.348197	1.052662	-3.387127	25.587000
-0.344825	1.051702	-3.387034	25.688000
-0.341437	1.043873	-3.388142	25.787000
-0.337884	1.041278	-3.392794	25.887000
-0.334581	1.046195	-3.400244	25.988000
-0.331081	1.051895	-3.407753	26.087000
-0.327858	1.054650	-3.417283	26.187000
-0.324220	1.053925	-3.417963	26.287000
-0.320778	1.055655	-3.413988	26.387000
-0.317570	1.055127	-3.402085	26.487000
-0.313842	1.053325	-3.394898	26.587000
-0.310506	1.051179	-3.390747	26.687000
-0.306837	1.050263	-3.372377	26.787000
-0.303595	1.049398	-3.371737	26.887000
-0.300033	1.049716	-3.385024	26.987000
-0.296525	1.050043	-3.391548	27.087000
-0.293160	1.050850	-3.395761	27.187000
-0.289817	1.049530	-3.386823	27.287000
-0.286189	1.049372	-3.380456	27.387000
-0.282704	1.049396	-3.383727	27.487000
-0.279505	1.048133	-3.391470	27.587000
-0.275875	1.046670	-3.410788	27.687000
-0.272436	1.050888	-3.422077	27.787000
-0.268728	1.053609	-3.432789	27.887000
-0.265349	1.049593	-3.446973	27.987000
-0.261849	1.043397	-3.444603	28.087000
-0.258456	1.041664	-3.429489	28.187000
-0.254938	1.044997	-3.441580	28.287000
-0.251622	1.048456	-3.454310	28.387000
-0.248116	1.049065	-3.454548	28.487000
-0.244645	1.046531	-3.437700	28.587000
-0.241194	1.043854	-3.407017	28.687000
-0.237704	1.044259	-3.386830	28.787000
-0.234098	1.043165	-3.386824	28.887000
-0.230633	1.043814	-3.396476	28.987000
-0.227130	1.048540	-3.403627	29.087000
-0.223416	1.050592	-3.396869	29.187000
-0.219936	1.045932	-3.401124	29.287000
-0.216468	1.045870	-3.409625	29.387000
-0.213088	1.048372	-3.427484	29.487000
-0.209508	1.044205	-3.442507	29.587000
-0.206148	1.044783	-3.443026	29.687000
-0.202799	1.045712	-3.432978	29.787000
-0.199173	1.040161	-3.420106	29.887000
-0.195804	1.035255	-3.409243	29.987000
-0.192320	1.033058	-3.402222	30.087000
-0.188785	1.032229	-3.399243	30.188000
-0.185411	1.034831	-3.398860	30.287000
-0.181991	1.034958	-3.406105	30.387000
-0.178655	1.033491	-3.419514	30.488000
-0.175133	1.033371	-3.420218	30.587000
-0.171526	1.036315	-3.412858	30.687000
-0.168312	1.043510	-3.411275	30.787000
-0.164782	1.045463	-3.416511	30.887000
-0.161298	1.038777	-3.431027	30.987000
-0.157704	1.036840	-3.435216	31.087000
-0.154205	1.038531	-3.427586	31.187000
-0.150808	1.042265	-3.420104	31.287000
-0.147291	1.039521	-3.408938	31.387000
-0.143805	1.037705	-3.407236	31.487000
-0.140257	1.039148	-3.411268	31.587000
-0.136787	1.039463	-3.412328	31.688000
-0.133267	1.040824	-3.416592	31.787000
-0.129918	1.037901	-3.401947	31.887000
-0.126305	1.034590	-3.395926	31.987000
-0.122910	1.032687	-3.392670	32.087000
-0.119456	1.031697	-3.393632	32.187000
-0.115815	1.029390	-3.383480	32.287000
-0.112445	1.030339	-3.370981	32.388000
-0.109069	1.029563	-3.389018	32.487000
-0.105508	1.026669	-3.403047	32.587000
-0.101857	1.027593	-3.418229	32.687000
-0.098224	1.030872	-3.431294	32.787000
-0.094424	1.031793	-3.430915	32.888000
-0.091022	1.027847	-3.422792	32.987000
-0.087600	1.029279	-3.414096	33.087000
-0.084148	1.026999	-3.408905	33.187000
-0.080546	1.023720	-3.400357	33.287000
-0.077177	1.022153	-3.391866	33.387000
-0.073629	1.025443	-3.391232	33.488000
-0.070081	1.029563	-3.387987	33.587000
-0.066543	1.032324	-3.392837	33.687000
-0.063117	1.030459	-3.405039	33.787000
-0.059789	1.028508	-3.423940	33.887000
-0.056260	1.024508	-3.443767	33.988000
-0.052783	1.030727	-3.456941	34.087000
-0.049183	1.082865	-3.498623	34.187000
-0.045766	1.174027	-3.602026	34.287000
-0.042317	1.237594	-3.694669	34.387000
-0.038929	1.183862	-3.664380	34.487000
-0.035338	1.001123	-3.506276	34.587000
-0.031921	0.777527	-3.285286	34.687000
-0.028381	0.594294	-3.050451	34.787000
-0.024611	0.485275	-2.844236	34.887000
-0.021132	0.426298	-2.689002	34.987000
-0.017338	0.393584	-2.586919	35.087000
-0.013884	0.378015	-2.569184	35.187000
-0.010491	0.372417	-2.601768	35.287000
-0.006768	0.370541	-2.620476	35.387000
-0.003151	0.372850	-2.599191	35.488000
0.000135	0.371069	-2.538458	35.587000
0.003671	0.371778	-2.489226	35.687000
0.007230	0.371445	-2.456937	35.787000
0.010793	0.371998	-2.454873	35.887000
0.014372	0.372510	-2.479737	35.987000
0.017525	0.374364	-2.519116	36.087000
0.021221	0.372552	-2.535138	36.187000
0.024760	0.365677	-2.546561	36.287000
0.028364	0.364287	-2.540467	36.387000
0.032113	0.369891	-2.514431	36.488000
0.035663	0.371258	-2.484317	36.587000
0.039225	0.366471	-2.511534	36.687000
0.042541	0.364704	-2.527553	36.787000
0.046294	0.371088	-2.499217	36.888000
0.049701	0.407528	-2.505140	36.987000
0.053290	0.516870	-2.655896	37.087000
0.056779	0.726887	-3.077294	37.187000
0.060205	0.974055	-3.530338	37.287000
0.063844	1.149858	-3.766648	37.387000
0.067351	1.195531	-3.805625	37.487000
0.071138	1.158725	-3.725273	37.587000
0.074566	1.107946	-3.606708	37.687000
0.078253	1.069316	-3.504327	37.787000
0.081779	1.048128	-3.444856	37.887000
0.085345	1.036559	-3.413591	37.987000
0.088722	1.030539	-3.404483	38.087000
0.092515	1.026395	-3.397245	38.187000
0.096109	1.024421	-3.404770	38.287000
0.099593	1.026752	-3.409542	38.387000
0.103209	1.028530	-3.411950	38.487000
0.106728	1.025555	-3.406781	38.587000
0.110582	1.024949	-3.408045	38.687000
0.114256	1.024794	-3.421639	38.787000
0.117828	1.025358	-3.429800	38.888000
0.121458	1.020805	-3.425738	38.987000
0.125013	1.021335	-3.416322	39.087000
0.128436	1.027847	-3.413885	39.187000
0.132012	1.030078	-3.413090	39.287000
0.135699	1.034268	-3.412875	39.388000
0.139280	1.034734	-3.410783	39.487000
0.142823	1.031972	-3.410613	39.587000
0.146326	1.030500	-3.412802	39.687000
0.149929	1.035677	-3.429090	39.787000
0.153697	1.039192	-3.437433	39.887000
0.157175	1.037675	-3.422698	39.987000
0.160789	1.034560	-3.417494	40.087000
0.164413	1.033664	-3.400239	40.187000
0.167864	1.035923	-3.374578	40.287000
0.171366	1.036546	-3.362094	40.387000
0.174950	1.034454	-3.368342	40.487000
0.178730	1.033215	-3.381089	40.587000
0.182161	1.030243	-3.395107	40.687000
0.185794	1.032405	-3.400017	40.787000
0.189281	1.034783	-3.413110	40.887000
0.193212	1.034236	-3.418270	40.987000
0.197117	1.035416	-3.422080	41.087000
0.200655	1.037998	-3.436257	41.187000
0.204358	1.035132	-3.434437	41.287000
0.207944	1.029155	-3.425421	41.387000
0.211416	1.028686	-3.413371	41.487000
0.214950	1.031329	-3.400435	41.587000
0.218523	1.036468	-3.388981	41.688000
0.222125	1.036969	-3.387352	41.787000
0.225714	1.035251	-3.391287	41.887000
0.229304	1.038575	-3.396683	41.987000
0.233082	1.043788	-3.404464	42.087000
0.236365	1.049331	-3.404225	42.187000
0.240198	1.044102	-3.408261	42.287000
0.243798	1.037858	-3.410127	42.387000
0.247395	1.032979	-3.407740	42.487000
0.250892	1.034458	-3.387723	42.587000
0.254402	1.037358	-3.366971	42.687000
0.257854	1.036563	-3.385129	42.787000
0.261370	1.039058	-3.393365	42.887000
0.264904	1.044724	-3.390908	42.987000
0.268705	1.047425	-3.392333	43.087000
0.272179	1.044125	-3.397703	43.187000
0.275784	1.044503	-3.401895	43.287000
0.279746	1.045766	-3.410836	43.387000
0.283261	1.047353	-3.416986	43.487000
0.286921	1.047989	-3.410758	43.587000
0.290659	1.051457	-3.418523	43.687000
0.294374	1.050186	-3.419296	43.787000
0.297731	1.048563	-3.410484	43.887000
0.301758	1.047353	-3.392061	43.987000
0.305402	1.045548	-3.387969	44.087000
0.308818	1.044455	-3.400079	44.187000
0.312496	1.049052	-3.406518	44.287000
0.316146	1.052494	-3.393730	44.387000
0.319731	1.053989	-3.384335	44.487000
0.323777	1.050700	-3.397282	44.588000
0.327430	1.051170	-3.413633	44.687000
0.330996	1.054676	-3.425479	44.788000
0.334435	1.056004	-3.420078	44.887000
0.338152	1.058297	-3.411405	44.987000
0.341822	1.054698	-3.403021	45.087000
0.345298	1.052443	-3.413816	45.187000
0.348865	1.056559	-3.410449	45.287000
0.352753	1.057476	-3.407007	45.387000
0.356145	1.054802	-3.394244	45.488000
0.360019	1.050614	-3.389122	45.587000
0.363593	1.049254	-3.390872	45.687000
0.367560	1.052699	-3.387076	45.787000
0.371229	1.054443	-3.394308	45.887000
0.375010	1.056756	-3.405211	45.987000
0.378489	1.056539	-3.393428	46.087000
0.382393	1.058923	-3.377356	46.188000
0.385877	1.059645	-3.378617	46.287000
0.389554	1.060449	-3.381062	46.387000
0.393209	1.062193	-3.384731	46.487000
0.396808	1.057891	-3.396998	46.587000
0.400301	1.056338	-3.410641	46.687000
0.403818	1.055736	-3.426450	46.787000
0.407701	1.057458	-3.428757	46.887000
0.411628	1.056655	-3.421938	46.987000
0.415278	1.061868	-3.412838	47.087000
0.418941	1.068791	-3.404070	47.187000
0.422502	1.066525	-3.402966	47.287000
0.426348	1.062407	-3.416271	47.387000
0.429921	1.059345	-3.417158	47.487000
0.433729	1.059579	-3.422664	47.588000
0.437244	1.062289	-3.422574	47.687000
0.440757	1.062446	-3.414897	47.787000
0.444490	1.062560	-3.397830	47.887000
0.447965	1.066583	-3.388368	47.987000
0.451916	1.069405	-3.387037	48.087000
0.455651	1.065975	-3.397143	48.187000
0.459248	1.066093	-3.405114	48.287000
0.462896	1.066048	-3.407645	48.388000
0.466788	1.062046	-3.402207	48.487000
0.470379	1.065175	-3.400295	48.588000
0.473968	1.067788	-3.400133	48.687000
0.477435	1.069509	-3.386228	48.787000
0.480970	1.068305	-3.369716	48.887000
0.484770	1.066850	-3.365724	48.987000
0.488471	1.071325	-3.370924	49.087000
0.492041	1.074315	-3.383940	49.187000
0.495573	1.073182	-3.386362	49.288000
0.499291	1.068417	-3.392244	49.387000
0.502833	1.065388	-3.402958	49.487000
0.506691	1.066587	-3.415277	49.588000
0.510174	1.069952	-3.411829	49.687000
0.514120	1.069342	-3.410288	49.787000
0.517557	1.069678	-3.396792	49.887000
0.521026	1.076194	-3.390721	49.987000
0.524768	1.082905	-3.402617	50.088000
0.528630	1.084579	-3.408891	50.187000
0.532430	1.082850	-3.400693	50.287000
0.536154	1.084132	-3.391725	50.387000
0.539789	1.085892	-3.375405	50.487000
0.543093	1.085467	-3.361805	50.587000
0.546812	1.084201	-3.352785	50.687000
0.550314	1.081948	-3.348242	50.787000
0.554188	1.078113	-3.363257	50.887000
0.557804	1.076889	-3.366346	50.987000
0.561398	1.076063	-3.362357	51.088000
0.565201	1.079545	-3.360233	51.187000
0.568749	1.082605	-3.353950	51.287000
0.572414	1.083035	-3.356901	51.387000
0.576089	1.079308	-3.365216	51.487000
0.579716	1.080033	-3.377941	51.587000
0.583531	1.079150	-3.382294	51.687000
0.587205	1.078137	-3.369665	51.787000
0.590824	1.080823	-3.368043	51.887000
0.594623	1.086722	-3.391342	51.987000
0.598088	1.089334	-3.403411	52.087000
0.601846	1.088642	-3.402806	52.187000
0.605457	1.085881	-3.399946	52.287000
0.609298	1.085776	-3.384392	52.388000
0.612754	1.090282	-3.361205	52.487000
0.616678	1.091523	-3.350612	52.587000
0.620195	1.091306	-3.341636	52.688000
0.623882	1.089304	-3.340438	52.787000
0.627748	1.088001	-3.347250	52.887000
0.631604	1.091064	-3.363204	52.988000
0.635372	1.090307	-3.364356	53.087000
0.638896	1.088200	-3.351005	53.187000
0.642998	1.087804	-3.334897	53.287000
0.646505	1.084052	-3.326277	53.387000
0.650158	1.085391	-3.338197	53.487000
0.653910	1.087297	-3.354823	53.587000
0.657544	1.090814	-3.360925	53.688000
0.661368	1.095428	-3.353751	53.787000
0.664966	1.097210	-3.351694	53.887000
0.668635	1.097267	-3.355061	53.987000
0.672358	1.098797	-3.357402	54.087000
0.676236	1.098860	-3.358747	54.188000
0.679842	1.099700	-3.377953	54.287000
0.683351	1.103025	-3.384250	54.387000
0.687185	1.102666	-3.378099	54.487000
0.690896	1.095911	-3.369848	54.587000
0.694596	1.096429	-3.370362	54.688000
0.698199	1.103386	-3.382631	54.787000
0.701732	1.103342	-3.386777	54.887000
0.705739	1.101295	-3.388326	54.987000
0.709526	1.102011	-3.386028	55.087000
0.713050	1.100564	-3.378584	55.188000
0.717098	1.102760	-3.376410	55.287000
0.720969	1.104721	-3.378615	55.387000
0.724613	1.106842	-3.387085	55.487000
0.728326	1.107555	-3.377117	55.587000
0.732086	1.106814	-3.355005	55.687000
0.735592	1.107127	-3.339964	55.787000
0.739369	1.108921	-3.347107	55.887000
0.743230	1.108671	-3.352515	55.987000
0.746921	1.110929	-3.371143	56.087000
0.750698	1.108761	-3.385539	56.187000
0.754336	1.110364	-3.386300	56.287000
0.757925	1.111536	-3.384932	56.387000
0.761973	1.109591	-3.376601	56.487000
0.765706	1.107894	-3.364621	56.587000
0.769401	1.106656	-3.355301	56.687000
0.773030	1.108228	-3.351626	56.787000
0.776864	1.111763	-3.342692	56.887000
0.780538	1.114996	-3.330422	56.987000
0.784176	1.117041	-3.316243	57.087000
0.787758	1.118453	-3.317793	57.187000
0.791546	1.116616	-3.339649	57.287000
0.795328	1.116923	-3.353624	57.388000
0.798760	1.116366	-3.366936	57.487000
0.802781	1.114980	-3.385964	57.587000
0.806802	1.112090	-3.393808	57.687000
0.810401	1.111643	-3.387258	57.787000
0.814076	1.113703	-3.376373	57.887000
0.818110	1.116468	-3.377937	57.987000
0.821613	1.119332	-3.373958	58.087000
0.825398	1.118243	-3.373106	58.187000
0.829337	1.112685	-3.374792	58.287000
0.832752	1.109677	-3.369335	58.387000
0.836440	1.111679	-3.350221	58.487000
0.840149	1.117619	-3.336589	58.587000
0.843836	1.120853	-3.326881	58.687000
0.847551	1.120806	-3.335858	58.787000
0.851337	1.121111	-3.332381	58.887000
0.855124	1.122147	-3.324967	58.987000
0.858810	1.123796	-3.316732	59.087000
0.862500	1.122244	-3.318368	59.187000
0.866411	1.120340	-3.329117	59.288000
0.870212	1.120670	-3.340036	59.387000
0.873620	1.124328	-3.344659	59.487000
0.877145	1.125411	-3.364420	59.587000
0.881145	1.120677	-3.385358	59.687000
0.884653	1.116627	-3.375658	59.787000
0.888455	1.118043	-3.355917	59.887000
0.892211	1.120684	-3.354353	59.987000
0.895848	1.120891	-3.350829	60.087000
0.899420	1.126084	-3.337510	60.187000
0.903023	1.129297	-3.318910	60.287000
0.906861	1.129659	-3.313130	60.388000
0.910823	1.128832	-3.321760	60.487000
0.914267	1.124603	-3.343320	60.587000
0.918150	1.121757	-3.355713	60.688000
0.922012	1.119999	-3.343239	60.787000
0.925674	1.120115	-3.323665	60.887000
0.929439	1.123746	-3.315488	60.987000
0.933209	1.125465	-3.322558	61.087000
0.936907	1.126355	-3.332836	61.187000
0.938345	1.129365	-3.333194	61.287000
0.938020	1.132469	-3.323164	61.387000
0.936928	1.131539	-3.311352	61.487000
0.935712	1.133867	-3.310148	61.588000
0.934035	1.136497	-3.311963	61.687000
0.932305	1.135318	-3.320272	61.787000
0.930213	1.134142	-3.326823	61.887000
0.928346	1.134298	-3.329413	61.987000
0.926101	1.137430	-3.322282	62.087000
0.923609	1.135057	-3.327162	62.187000
0.921577	1.130307	-3.336828	62.287000
0.918867	1.128147	-3.329935	62.387000
0.916469	1.126619	-3.318617	62.487000
0.914207	1.127384	-3.319152	62.588000
0.911452	1.127435	-3.319228	62.687000
0.908949	1.126651	-3.318656	62.787000
0.906233	1.128718	-3.318482	62.887000
0.903409	1.131194	-3.323330	62.987000
0.900986	1.128453	-3.333420	63.087000
0.898102	1.124408	-3.342359	63.187000
0.895361	1.123889	-3.347216	63.287000
0.892443	1.124570	-3.360235	63.387000
0.889888	1.124981	-3.362488	63.487000
0.886806	1.127557	-3.358771	63.587000
0.884188	1.128562	-3.356177	63.687000
0.881164	1.126296	-3.360237	63.787000
0.878470	1.123446	-3.367629	63.887000
0.875422	1.126877	-3.376074	63.987000
0.872318	1.132739	-3.378695	64.087000
0.869539	1.131115	-3.363087	64.187000
0.866749	1.126141	-3.344275	64.287000
0.863633	1.125455	-3.341486	64.387000
0.860633	1.123960	-3.345811	64.487000
0.857634	1.123551	-3.341932	64.587000
0.854365	1.123959	-3.338068	64.687000
0.851474	1.123061	-3.342398	64.787000
0.848250	1.120682	-3.343023	64.887000
0.845073	1.124037	-3.338393	64.988000
0.841924	1.123665	-3.336911	65.087000
0.838717	1.117702	-3.336947	65.187000
0.835655	1.115099	-3.340105	65.287000
0.832596	1.116854	-3.346399	65.387000
0.829333	1.118558	-3.346139	65.487000
0.826292	1.117890	-3.332686	65.588000
0.823090	1.116256	-3.325329	65.687000
0.819896	1.117503	-3.322097	65.787000
0.816887	1.118827	-3.329527	65.888000
0.813675	1.121412	-3.338810	65.988000
0.810348	1.123431	-3.343969	66.087000
0.806973	1.119178	-3.354994	66.187000
0.803856	1.113546	-3.359829	66.287000
0.800965	1.110364	-3.354696	66.388000
0.797610	1.108378	-3.349306	66.487000
0.794639	1.108895	-3.346830	66.587000
0.791377	1.111680	-3.325726	66.687000
0.788199	1.112321	-3.321749	66.787000
0.785148	1.112795	-3.326159	66.887000
0.781784	1.118635	-3.337891	66.987000
0.778678	1.121100	-3.342307	67.087000
0.775458	1.121055	-3.344195	67.187000
0.771935	1.118166	-3.353019	67.287000
0.768697	1.115558	-3.363092	67.387000
0.765454	1.113532	-3.369380	67.488000
0.762403	1.112368	-3.363149	67.587000
0.759310	1.109807	-3.355965	67.688000
0.756329	1.112762	-3.360052	67.787000
0.752910	1.115313	-3.364514	67.887000
0.749649	1.112395	-3.357762	67.987000
0.746490	1.110607	-3.357279	68.087000
0.743138	1.110430	-3.369165	68.187000
0.740112	1.109438	-3.370976	68.287000
0.736747	1.109339	-3.375409	68.387000
0.733445	1.112263	-3.379670	68.488000
0.730267	1.110896	-3.375777	68.588000
0.726982	1.107668	-3.373613	68.687000
0.723584	1.108562	-3.382172	68.787000
0.720413	1.107389	-3.388520	68.887000
0.717287	1.104507	-3.388682	68.987000
0.714122	1.105594	-3.381872	69.087000
0.710740	1.104184	-3.367849	69.187000
0.707384	1.100538	-3.358832	69.287000
0.704169	1.101032	-3.355933	69.387000
0.701016	1.098687	-3.344103	69.487000
0.697850	1.093413	-3.333797	69.587000
0.694173	1.094822	-3.329979	69.687000
0.691031	1.098705	-3.329315	69.787000
0.687501	1.100991	-3.349602	69.887000
0.684185	1.099888	-3.370610	69.987000
0.680768	1.096829	-3.384394	70.087000
0.677184	1.093087	-3.377964	70.187000
0.674030	1.095742	-3.359636	70.287000
0.670738	1.093758	-3.346821	70.387000
0.667430	1.092529	-3.344674	70.487000
0.663959	1.093918	-3.352019	70.587000
0.660951	1.096815	-3.359408	70.688000
0.657010	1.096507	-3.362416	70.787000
0.653861	1.091288	-3.364908	70.887000
0.650478	1.089859	-3.370828	70.987000
0.647212	1.089592	-3.370539	71.087000
0.643814	1.089663	-3.363663	71.187000
0.640590	1.088397	-3.362174	71.287000
0.637278	1.086884	-3.350982	71.387000
0.634070	1.084632	-3.342359	71.487000
0.630624	1.085831	-3.339500	71.587000
0.627343	1.088051	-3.352029	71.687000
0.624186	1.090711	-3.369028	71.787000
0.620728	1.093850	-3.372273	71.887000
0.617422	1.096508	-3.364629	71.987000
0.614210	1.094739	-3.357788	72.087000
0.610623	1.089569	-3.354778	72.187000
0.607347	1.088182	-3.359790	72.287000
0.604079	1.086957	-3.360738	72.387000
0.600715	1.086256	-3.360744	72.487000
0.597438	1.086564	-3.363544	72.587000
0.594031	1.086879	-3.360659	72.687000
0.590668	1.086732	-3.358985	72.787000
0.587640	1.085219	-3.366655	72.887000
0.584111	1.083166	-3.372513	72.987000
0.580951	1.083784	-3.371037	73.087000
0.577351	1.082379	-3.376277	73.187000
0.573802	1.080716	-3.380853	73.287000
0.570480	1.083957	-3.370982	73.387000
0.567167	1.083048	-3.378262	73.487000
0.563653	1.083106	-3.392582	73.587000
0.560205	1.081179	-3.383292	73.687000
0.556979	1.080943	-3.370913	73.787000
0.553738	1.081686	-3.372972	73.887000
0.550349	1.080431	-3.371616	73.987000
0.546981	1.080459	-3.366529	74.087000
0.543678	1.079556	-3.362388	74.187000
0.540170	1.083064	-3.374373	74.287000
0.536642	1.084333	-3.373644	74.387000
0.533382	1.081782	-3.368344	74.487000
0.529845	1.078113	-3.372027	74.587000
0.526448	1.074862	-3.384301	74.687000
0.523137	1.073792	-3.388021	74.788000
0.519950	1.074841	-3.386946	74.887000
0.516417	1.076011	-3.384700	74.987000
0.512903	1.073440	-3.375683	75.087000
0.509675	1.074321	-3.363617	75.187000
0.506198	1.075202	-3.362948	75.287000
0.502842	1.074422	-3.364472	75.387000
0.499499	1.078352	-3.357032	75.487000
0.495826	1.083318	-3.354706	75.587000
0.492466	1.078287	-3.353603	75.688000
0.489105	1.076367	-3.349071	75.787000
0.485788	1.074933	-3.349174	75.887000
0.482182	1.069557	-3.357108	75.987000
0.479071	1.066864	-3.366685	76.087000
0.475546	1.067839	-3.370099	76.187000
0.472282	1.069498	-3.387984	76.287000
0.468917	1.066112	-3.396556	76.387000
0.465400	1.064896	-3.406268	76.487000
0.461990	1.070207	-3.411408	76.588000
0.458509	1.073282	-3.402275	76.687000
0.454929	1.072513	-3.387344	76.787000
0.451501	1.068610	-3.383445	76.887000
0.448000	1.065691	-3.372124	76.987000
0.444599	1.065741	-3.354329	77.087000
0.441181	1.064691	-3.353382	77.187000
0.437892	1.062019	-3.372879	77.287000
0.434274	1.059022	-3.391074	77.387000
0.430771	1.059428	-3.392444	77.487000
0.427470	1.062091	-3.383844	77.587000
0.424095	1.065321	-3.381340	77.687000
0.420384	1.064925	-3.382738	77.787000
0.417103	1.065732	-3.382855	77.887000
0.413460	1.067515	-3.384267	77.987000
0.409797	1.069158	-3.391114	78.087000
0.406421	1.069156	-3.387361	78.188000
0.402927	1.062789	-3.382554	78.287000
0.399524	1.061118	-3.371266	78.387000
0.396149	1.060716	-3.368087	78.488000
0.392698	1.062311	-3.384453	78.587000
0.389268	1.064531	-3.391580	78.687000
0.385759	1.066577	-3.393131	78.787000
0.382140	1.064917	-3.391489	78.887000
0.378894	1.062357	-3.389002	78.987000
0.375301	1.059886	-3.386779	79.087000
0.371746	1.060924	-3.386152	79.187000
0.368252	1.062994	-3.381266	79.287000
0.364946	1.058829	-3.381287	79.387000
0.361142	1.056811	-3.376068	79.487000
0.357983	1.055839	-3.382993	79.587000
0.354674	1.058059	-3.390915	79.687000
0.351225	1.056852	-3.402682	79.787000
0.347538	1.055931	-3.410103	79.887000
0.344158	1.051378	-3.401249	79.987000
0.340611	1.049374	-3.384600	80.087000
0.337132	1.049113	-3.364437	80.188000
0.333705	1.050127	-3.360072	80.287000
0.330160	1.049581	-3.376332	80.387000
0.326745	1.054262	-3.388852	80.487000
0.323409	1.056730	-3.395562	80.587000
0.319863	1.058428	-3.399961	80.687000
0.316640	1.060045	-3.403299	80.787000
0.313177	1.059084	-3.395935	80.887000
0.309738	1.059532	-3.392036	80.987000
0.306131	1.055488	-3.399368	81.087000
0.302978	1.051238	-3.404947	81.188000
0.299253	1.051353	-3.401655	81.288000
0.295954	1.051669	-3.394479	81.387000
0.292193	1.053159	-3.390930	81.487000
0.288907	1.054210	-3.383621	81.587000
0.285451	1.050992	-3.377760	81.687000
0.281909	1.047427	-3.376905	81.787000
0.278669	1.046353	-3.384833	81.887000
0.274862	1.046886	-3.388953	81.988000
0.271601	1.043859	-3.389471	82.087000
0.268042	1.044373	-3.386239	82.187000
0.264593	1.045872	-3.381643	82.287000
0.261013	1.045890	-3.374298	82.387000
0.257820	1.046003	-3.387267	82.488000
0.254290	1.043187	-3.397474	82.587000
0.250675	1.045026	-3.399230	82.687000
0.247336	1.041172	-3.398833	82.787000
0.244015	1.038652	-3.387212	82.887000
0.240383	1.041576	-3.385114	82.987000
0.236995	1.041938	-3.389560	83.087000
0.233518	1.042446	-3.387227	83.187000
0.229855	1.041946	-3.384073	83.287000
0.226557	1.041176	-3.376482	83.387000
0.223042	1.043768	-3.376436	83.487000
0.219589	1.042788	-3.392443	83.588000
0.215828	1.039856	-3.401993	83.687000
0.212561	1.037205	-3.391545	83.787000
0.208509	1.036766	-3.389652	83.887000
0.205061	1.033679	-3.392327	83.988000
0.201728	1.031600	-3.394463	84.087000
0.198100	1.031836	-3.393904	84.187000
0.194663	1.031683	-3.397495	84.287000
0.191102	1.031680	-3.399561	84.387000
0.187351	1.033079	-3.416069	84.487000
0.184089	1.034376	-3.409237	84.587000
0.180346	1.034546	-3.397985	84.687000
0.176887	1.034644	-3.401255	84.787000
0.173356	1.035851	-3.399479	84.887000
0.169915	1.032542	-3.396198	84.987000
0.166069	1.030733	-3.394160	85.087000
0.162448	1.026325	-3.396756	85.187000
0.158815	1.026638	-3.394853	85.287000
0.155416	1.029542	-3.393731	85.387000
0.151958	1.031783	-3.398280	85.487000
0.148201	1.031355	-3.407821	85.587000
0.144898	1.033432	-3.405230	85.687000
0.141584	1.036698	-3.398464	85.787000
0.138122	1.033991	-3.400909	85.887000
0.134520	1.033013	-3.420535	85.987000
0.131014	1.032942	-3.436600	86.088000
0.127480	1.034977	-3.438200	86.188000
0.123984	1.035720	-3.433557	86.287000
0.120322	1.031656	-3.424204	86.388000
0.116695	1.029688	-3.414370	86.487000
0.113034	1.031015	-3.414955	86.587000
0.109755	1.032000	-3.401242	86.687000
0.106182	1.033213	-3.393398	86.787000
0.102671	1.033531	-3.397345	86.887000
0.099177	1.034406	-3.403245	86.988000
0.095727	1.034381	-3.403686	87.087000
0.092137	1.035277	-3.409920	87.187000
0.088584	1.035890	-3.416102	87.287000
0.085160	1.033753	-3.418184	87.387000
0.081444	1.032131	-3.417056	87.487000
0.077948	1.030936	-3.401938	87.587000
0.074365	1.029689	-3.390896	87.687000
0.070922	1.029601	-3.391909	87.787000
0.067201	1.036643	-3.409152	87.887000
0.063564	1.071259	-3.452735	87.988000
0.060047	1.135676	-3.552110	88.087000
0.056599	1.176375	-3.655581	88.187000
0.053088	1.124962	-3.652500	88.287000
0.049796	0.971498	-3.496912	88.387000
0.046176	0.775474	-3.281536	88.487000
0.042506	0.603936	-3.066648	88.587000
0.039242	0.487890	-2.881071	88.687000
0.035417	0.423058	-2.745683	88.788000
0.032172	0.391380	-2.619422	88.887000
0.028667	0.373241	-2.536387	88.987000
0.024992	0.366031	-2.490021	89.087000
0.021577	0.362911	-2.471105	89.187000
0.018083	0.360888	-2.464986	89.287000
0.014473	0.358701	-2.484315	89.387000
0.010863	0.360337	-2.493795	89.487000
0.007555	0.364321	-2.498346	89.587000
0.003916	0.370220	-2.517433	89.687000
0.000084	0.373710	-2.537449	89.787000
-0.003589	0.373341	-2.539807	89.887000
-0.007140	0.369506	-2.533930	89.987000
-0.010678	0.385028	-2.503492	90.087000
-0.014181	0.458705	-2.516400	90.187000
-0.017846	0.615329	-2.747341	90.287000
-0.021590	0.827221	-3.181914	90.387000
-0.024970	1.022214	-3.520551	90.487000
-0.028611	1.130312	-3.646934	90.588000
-0.032191	1.145429	-3.646754	90.687000
-0.035706	1.117840	-3.603981	90.787000
-0.039197	1.079958	-3.549151	90.887000
-0.042983	1.052519	-3.495057	90.987000
-0.045940	1.035034	-3.458258	91.087000
-0.049987	1.028821	-3.431044	91.187000
-0.053400	1.026965	-3.410652	91.287000
-0.057011	1.023070	-3.407478	91.387000
-0.060597	1.022389	-3.417706	91.488000
-0.064133	1.023173	-3.431101	91.587000
-0.067636	1.023435	-3.423570	91.687000
-0.070972	1.026100	-3.410713	91.787000
-0.074642	1.029171	-3.412824	91.887000
-0.077934	1.029102	-3.412470	91.987000
-0.081519	1.028590	-3.402551	92.087000
-0.085026	1.031378	-3.392585	92.187000
-0.088479	1.031909	-3.386789	92.287000
-0.092038	1.031670	-3.395135	92.387000
-0.095662	1.031120	-3.397144	92.487000
-0.099219	1.028476	-3.395008	92.587000
-0.102773	1.031051	-3.396173	92.687000
-0.106499	1.031761	-3.396266	92.787000
-0.109792	1.029825	-3.396560	92.887000
-0.113271	1.024671	-3.389350	92.987000
-0.116821	1.021750	-3.388457	93.087000
-0.120544	1.027565	-3.400607	93.187000
-0.124077	1.032631	-3.409599	93.287000
-0.127877	1.033271	-3.396438	93.387000
-0.131500	1.039544	-3.393196	93.487000
-0.134901	1.041198	-3.399107	93.587000
-0.138675	1.035296	-3.399330	93.687000
-0.142063	1.031211	-3.395445	93.787000
-0.145737	1.031768	-3.397344	93.887000
-0.149322	1.033505	-3.400381	93.987000
-0.152668	1.035778	-3.394120	94.087000
-0.156683	1.035086	-3.389059	94.187000
-0.159959	1.035375	-3.387097	94.287000
-0.163559	1.037219	-3.391170	94.387000
-0.167018	1.038889	-3.393408	94.487000
-0.170885	1.038954	-3.399321	94.587000
-0.174449	1.039486	-3.397515	94.687000
-0.178054	1.036926	-3.402845	94.787000
-0.181730	1.036828	-3.394250	94.887000
-0.185339	1.038720	-3.389545	94.988000
-0.188912	1.039286	-3.398350	95.087000
-0.192597	1.034465	-3.407517	95.187000
-0.196119	1.033824	-3.410780	95.287000
-0.199663	1.037755	-3.397982	95.387000
-0.203388	1.043851	-3.385840	95.488000
-0.206602	1.047422	-3.387399	95.587000
-0.210492	1.047750	-3.392595	95.688000
-0.214289	1.047786	-3.392663	95.787000
-0.217930	1.046547	-3.388084	95.887000
-0.221485	1.043352	-3.381428	95.987000
-0.225328	1.042277	-3.386722	96.087000
-0.228867	1.041049	-3.390018	96.187000
-0.232423	1.045110	-3.390360	96.287000
-0.235948	1.043880	-3.393048	96.387000
-0.239750	1.045457	-3.395315	96.487000
-0.242989	1.049041	-3.391488	96.587000
-0.246736	1.049789	-3.391471	96.687000
-0.250355	1.047214	-3.381738	96.787000
-0.254226	1.043560	-3.373987	96.887000
-0.257707	1.043568	-3.379253	96.987000
-0.261479	1.047619	-3.390325	97.087000
-0.265038	1.046665	-3.399542	97.187000
-0.268817	1.044478	-3.396305	97.287000
-0.272268	1.042840	-3.388989	97.387000
-0.275934	1.047147	-3.390302	97.487000
-0.279111	1.051037	-3.382051	97.587000
-0.282841	1.054082	-3.367627	97.687000
-0.286541	1.051432	-3.355832	97.787000
-0.290157	1.050491	-3.354539	97.887000
-0.293659	1.054546	-3.372737	97.987000
-0.297312	1.058349	-3.400490	98.087000
-0.301178	1.059584	-3.415629	98.188000
-0.304715	1.059151	-3.407064	98.288000
-0.308381	1.054714	-3.409032	98.388000
-0.312113	1.051649	-3.407874	98.487000
-0.315525	1.052115	-3.395025	98.587000
-0.319309	1.054944	-3.395091	98.687000
-0.322980	1.056553	-3.408336	98.787000
-0.326580	1.052788	-3.407251	98.887000
-0.330253	1.053145	-3.396847	98.987000
-0.333877	1.054946	-3.388676	99.087000
-0.337507	1.059051	-3.375128	99.187000
-0.340933	1.060383	-3.383965	99.288000
-0.344969	1.062048	-3.388685	99.387000
-0.348484	1.061202	-3.387403	99.487000
-0.352050	1.059360	-3.379753	99.587000
-0.355435	1.060307	-3.379311	99.687000
-0.359437	1.064952	-3.368173	99.787000
-0.362840	1.067536	-3.351132	99.887000
-0.366600	1.069398	-3.368789	99.987000
-0.370059	1.067244	-3.391770	100.087000
-0.373741	1.068691	-3.387816	100.187000
-0.377009	1.066794	-3.385125	100.287000
-0.380733	1.060519	-3.381511	100.387000
-0.384468	1.060051	-3.387635	100.487000
-0.388234	1.062559	-3.390834	100.587000
-0.391632	1.064521	-3.387532	100.687000
-0.395383	1.068071	-3.380408	100.787000
-0.398950	1.071479	-3.382560	100.887000
-0.402570	1.070808	-3.393802	100.987000
-0.406281	1.066184	-3.415401	101.087000
-0.409660	1.064292	-3.423870	101.187000
-0.413182	1.067343	-3.411694	101.287000
-0.416715	1.067952	-3.389619	101.387000
-0.420327	1.066461	-3.369597	101.487000
-0.424020	1.066079	-3.373677	101.587000
-0.427818	1.068897	-3.388833	101.687000
-0.431129	1.072900	-3.388100	101.787000
-0.434869	1.071960	-3.386393	101.887000
-0.438372	1.068844	-3.384506	101.988000
-0.441916	1.068359	-3.391218	102.087000
-0.445680	1.071632	-3.396125	102.187000
-0.449400	1.073494	-3.385245	102.288000
-0.452736	1.072792	-3.378072	102.387000
-0.456323	1.073299	-3.379142	102.487000
-0.460139	1.071511	-3.372707	102.587000
-0.463651	1.072789	-3.378862	102.687000
-0.467289	1.071707	-3.393978	102.787000
-0.471081	1.067943	-3.393803	102.887000
-0.474814	1.070662	-3.394674	102.987000
-0.478399	1.074432	-3.420646	103.087000
-0.482003	1.072982	-3.444403	103.187000
-0.485719	1.072702	-3.439888	103.287000
-0.489333	1.073751	-3.409258	103.387000
-0.492968	1.074726	-3.382013	103.487000
-0.496482	1.073872	-3.370120	103.588000
-0.500046	1.074361	-3.370278	103.688000
-0.503733	1.074984	-3.383643	103.787000
-0.507401	1.077432	-3.405925	103.887000
-0.511096	1.079945	-3.404063	103.987000
-0.514856	1.078529	-3.378125	104.087000
-0.518428	1.077241	-3.354393	104.187000
-0.521915	1.077177	-3.356915	104.287000
-0.525817	1.077545	-3.363930	104.387000
-0.529218	1.078660	-3.365134	104.487000
-0.532942	1.080478	-3.372152	104.587000
-0.536582	1.085361	-3.386225	104.687000
-0.540380	1.085713	-3.370680	104.787000
-0.543733	1.084737	-3.363905	104.887000
-0.547174	1.086069	-3.365187	104.987000
-0.550989	1.085697	-3.370668	105.087000
-0.554644	1.083697	-3.364574	105.187000
-0.558516	1.086449	-3.347122	105.287000
-0.562248	1.087117	-3.339974	105.387000
-0.565947	1.085580	-3.340380	105.487000
-0.569731	1.087001	-3.348235	105.587000
-0.573163	1.089147	-3.368187	105.687000
-0.576785	1.088077	-3.374122	105.787000
-0.580328	1.090232	-3.358871	105.887000
-0.584028	1.092896	-3.349496	105.987000
-0.587507	1.093504	-3.353292	106.088000
-0.591167	1.093802	-3.371468	106.187000
-0.594761	1.093140	-3.382221	106.287000
-0.598394	1.093655	-3.376178	106.388000
-0.602425	1.091880	-3.373547	106.487000
-0.605878	1.092378	-3.379781	106.587000
-0.609523	1.094700	-3.369748	106.687000
-0.613242	1.096861	-3.360868	106.788000
-0.616910	1.094062	-3.366782	106.887000
-0.620445	1.089972	-3.375702	106.987000
-0.624286	1.087826	-3.391498	107.087000
-0.627844	1.094335	-3.393457	107.187000
-0.631295	1.103275	-3.378125	107.287000
-0.634938	1.104919	-3.349355	107.387000
-0.638570	1.101616	-3.332271	107.487000
-0.642279	1.099146	-3.334121	107.587000
-0.646151	1.094224	-3.345860	107.687000
-0.649788	1.095007	-3.359669	107.787000
-0.653178	1.099050	-3.376931	107.887000
-0.656798	1.103090	-3.392859	107.987000
-0.660569	1.103977	-3.414454	108.087000
-0.664216	1.102887	-3.416269	108.187000
-0.667928	1.103345	-3.406642	108.287000
-0.671287	1.105849	-3.398947	108.387000
-0.674892	1.109355	-3.381582	108.488000
-0.678755	1.111668	-3.374248	108.587000
-0.682236	1.111276	-3.361281	108.688000
-0.686134	1.108478	-3.337175	108.787000
-0.689855	1.103208	-3.327148	108.887000
-0.693500	1.102884	-3.319168	108.987000
-0.697171	1.108563	-3.319377	109.087000
-0.700566	1.109469	-3.330795	109.187000
-0.704487	1.106916	-3.341214	109.287000
-0.707884	1.106104	-3.353176	109.387000
-0.711716	1.103968	-3.371206	109.487000
-0.715326	1.107885	-3.384837	109.587000
-0.718898	1.108448	-3.373049	109.688000
-0.722430	1.106035	-3.352225	109.787000
-0.726254	1.105283	-3.335037	109.887000
-0.729793	1.105976	-3.318529	109.987000
-0.733237	1.108295	-3.313156	110.087000
-0.737033	1.109409	-3.313418	110.187000
-0.740526	1.112069	-3.316951	110.287000
-0.744304	1.111765	-3.332309	110.387000
-0.748226	1.111660	-3.336906	110.487000
-0.751590	1.111335	-3.331361	110.587000
-0.755135	1.112005	-3.327810	110.687000
-0.758799	1.111846	-3.338271	110.787000
-0.762282	1.109875	-3.364485	110.887000
-0.765836	1.113792	-3.380216	110.987000
-0.769572	1.117083	-3.372471	111.087000
-0.773438	1.116417	-3.360188	111.187000
-0.775657	1.117231	-3.352551	111.288000
-0.777161	1.118972	-3.352108	111.387000
-0.778499	1.117883	-3.357200	111.487000
-0.779492	1.116655	-3.365775	111.587000
-0.780233	1.114821	-3.378993	111.687000
-0.781127	1.115230	-3.389008	111.788000
-0.781941	1.110513	-3.386547	111.887000
-0.782445	1.110574	-3.385971	111.987000
-0.783189	1.114856	-3.388021	112.087000
-0.783568	1.116502	-3.384360	112.187000
-0.784116	1.112943	-3.374606	112.287000
-0.784554	1.116302	-3.371692	112.388000
-0.785050	1.117043	-3.374864	112.487000
-0.785430	1.116498	-3.371879	112.587000
-0.785883	1.117439	-3.362883	112.687000
-0.786376	1.118892	-3.353656	112.787000
-0.786802	1.118940	-3.347342	112.887000
-0.786811	1.120904	-3.342599	112.988000
-0.787201	1.121275	-3.343823	113.087000
-0.787646	1.119619	-3.350229	113.188000
-0.787777	1.119935	-3.354418	113.287000
-0.788145	1.115648	-3.355820	113.387000
-0.788274	1.112886	-3.346901	113.488000
-0.788234	1.111412	-3.350804	113.587000
-0.788397	1.118121	-3.350417	113.688000
-0.788799	1.123559	-3.342684	113.788000
-0.788891	1.120079	-3.330848	113.887000
-0.789294	1.121406	-3.320973	113.987000
-0.789371	1.124685	-3.320592	114.087000
-0.789641	1.123219	-3.315840	114.187000
-0.789836	1.121280	-3.334251	114.287000
-0.789714	1.120279	-3.358115	114.387000
-0.790127	1.123716	-3.350841	114.487000
-0.790295	1.123693	-3.340256	114.587000
-0.790415	1.118878	-3.339199	114.687000
-0.790540	1.114470	-3.346475	114.787000
-0.790757	1.114917	-3.353628	114.887000
-0.790816	1.115423	-3.358146	114.987000
-0.790954	1.113684	-3.365637	115.087000
-0.791022	1.115306	-3.364667	115.188000
-0.791182	1.116410	-3.355082	115.288000
-0.791308	1.114856	-3.341906	115.387000
-0.791383	1.115452	-3.351772	115.487000
-0.791394	1.114884	-3.371843	115.587000
-0.791433	1.114691	-3.376391	115.687000
-0.791545	1.117110	-3.369652	115.787000
-0.791773	1.118133	-3.364975	115.887000
-0.791817	1.117918	-3.368232	115.987000
-0.791985	1.115076	-3.356750	116.087000
-0.791881	1.116265	-3.335384	116.187000
-0.791990	1.117834	-3.332894	116.288000
-0.792233	1.115128	-3.340194	116.387000
-0.792372	1.113796	-3.347537	116.487000
-0.792268	1.114368	-3.348219	116.587000
-0.792359	1.115026	-3.352378	116.687000
-0.792455	1.111603	-3.357263	116.787000
-0.792667	1.112895	-3.374250	116.887000
-0.792705	1.114038	-3.390011	116.987000
-0.792782	1.112785	-3.382455	117.088000
-0.792742	1.113365	-3.360572	117.187000
-0.792834	1.113967	-3.345085	117.287000
-0.792833	1.117807	-3.332963	117.387000
-0.792753	1.122327	-3.324549	117.487000
-0.793072	1.123708	-3.323726	117.587000
-0.792813	1.121716	-3.315112	117.687000
-0.793091	1.121520	-3.310356	117.787000
-0.793033	1.118848	-3.311038	117.887000
-0.793236	1.115318	-3.312027	117.987000
-0.793102	1.113464	-3.306373	118.087000
-0.793149	1.117056	-3.305123	118.187000
-0.793060	1.120161	-3.294147	118.287000
-0.793203	1.121288	-3.302857	118.387000
-0.793363	1.118220	-3.327633	118.487000
-0.793185	1.114369	-3.348357	118.587000
-0.793436	1.115348	-3.362923	118.687000
-0.793537	1.120319	-3.379655	118.787000
-0.793364	1.120336	-3.388138	118.887000
-0.793401	1.117164	-3.390008	118.987000
-0.793213	1.117720	-3.381790	119.087000
-0.793447	1.113796	-3.377488	119.187000
-0.793463	1.114775	-3.376470	119.287000
-0.793426	1.117320	-3.382970	119.387000
-0.793571	1.116561	-3.378127	119.488000
-0.793310	1.118731	-3.365784	119.587000
-0.793639	1.120792	-3.346240	119.687000
-0.793630	1.121503	-3.337743	119.787000
-0.793789	1.120671	-3.339594	119.887000
-0.793636	1.117254	-3.328596	119.987000
-0.793660	1.113246	-3.336422	120.087000
-0.793645	1.112478	-3.343773	120.187000
-0.793701	1.114267	-3.348232	120.287000
-0.793822	1.115113	-3.351744	120.387000
-0.793836	1.116867	-3.360106	120.487000
-0.793631	1.116743	-3.365762	120.587000
-0.793696	1.113900	-3.362848	120.687000
-0.793751	1.113733	-3.354520	120.787000
-0.793585	1.114266	-3.350171	120.887000
-0.793728	1.114766	-3.348776	120.987000
-0.793871	1.115057	-3.349211	121.087000
-0.793737	1.112982	-3.340130	121.188000
-0.793760	1.114285	-3.346035	121.287000
-0.793772	1.115417	-3.353420	121.387000
-0.793954	1.111888	-3.363643	121.487000
-0.793917	1.111491	-3.368961	121.588000
-0.793732	1.108875	-3.349665	121.688000
-0.793966	1.107645	-3.339328	121.787000
-0.793926	1.111229	-3.340503	121.887000
-0.794213	1.115589	-3.323220	121.987000
-0.793874	1.116875	-3.300963	122.088000
-0.793983	1.116338	-3.293330	122.187000
-0.793855	1.115915	-3.303287	122.287000
-0.794088	1.114465	-3.322722	122.387000
-0.794074	1.109759	-3.345882	122.487000
-0.794132	1.109487	-3.359053	122.587000
-0.794110	1.112905	-3.354068	122.687000
-0.794080	1.115801	-3.342014	122.787000
-0.794194	1.118607	-3.338066	122.887000
-0.794114	1.115391	-3.329651	122.987000
-0.794201	1.110493	-3.325235	123.087000
-0.794296	1.108874	-3.329086	123.187000
-0.794511	1.107123	-3.343773	123.288000
-0.794300	1.107317	-3.350478	123.387000
-0.794108	1.109706	-3.339960	123.487000
-0.794245	1.115546	-3.335864	123.587000
-0.794190	1.117014	-3.338657	123.687000
-0.794365	1.117972	-3.354833	123.787000
-0.794171	1.117526	-3.364094	123.887000
-0.794318	1.118868	-3.360085	123.987000
-0.794091	1.117203	-3.359064	124.087000
-0.794376	1.115933	-3.353001	124.187000
-0.794426	1.112790	-3.332264	124.287000
-0.794505	1.114123	-3.334676	124.388000
-0.794175	1.114403	-3.342217	124.487000
-0.794221	1.114415	-3.339804	124.587000
-0.794368	1.112591	-3.341020	124.687000
-0.794171	1.108671	-3.350506	124.787000
-0.794359	1.109548	-3.355778	124.887000
-0.794117	1.108219	-3.351558	124.987000
-0.794132	1.110278	-3.343914	125.088000
-0.794309	1.115819	-3.352341	125.187000
-0.794239	1.116423	-3.357777	125.287000
-0.794487	1.114833	-3.357821	125.388000
-0.794092	1.114781	-3.346976	125.487000
-0.794263	1.113895	-3.345470	125.587000
-0.794100	1.114547	-3.343968	125.687000
-0.794497	1.118239	-3.349284	125.787000
-0.794406	1.117429	-3.351507	125.888000
-0.794342	1.119245	-3.349688	125.987000
-0.794365	1.121468	-3.333266	126.087000
-0.794419	1.121222	-3.328006	126.187000
-0.794398	1.118638	-3.326810	126.288000
-0.794517	1.117491	-3.318223	126.387000
-0.794413	1.116861	-3.318604	126.487000
-0.794191	1.117115	-3.328730	126.587000
-0.794432	1.118789	-3.319402	126.687000
-0.794359	1.121176	-3.306550	126.787000
-0.794393	1.120493	-3.315805	126.887000
-0.794516	1.121970	-3.327304	126.987000
