-0.163038	1.221501	-4.380859	13.307000
-0.162438	1.231749	-4.421532	13.407000
-0.162617	1.232338	-4.453764	13.507000
-0.162500	1.224274	-4.416572	13.607000
-0.162511	1.217295	-4.386559	13.707000
-0.162411	1.216716	-4.383549	13.807000
-0.162473	1.216722	-4.375155	13.907000
-0.162491	1.223145	-4.355648	14.007000
-0.162573	1.227408	-4.358869	14.107000
-0.162500	1.233154	-4.375858	14.207000
-0.162606	1.237485	-4.389147	14.307000
-0.162493	1.236973	-4.386328	14.407000
-0.162623	1.229400	-4.364787	14.507000
-0.162571	1.223409	-4.378038	14.607000
-0.162507	1.211621	-4.389037	14.707000
-0.162476	1.195414	-4.394198	14.807000
-0.162423	1.198954	-4.401798	14.907000
-0.162577	1.223860	-4.415673	15.007000
-0.162611	1.228593	-4.414552	15.107000
-0.162463	1.232441	-4.396894	15.208000
-0.162528	1.237499	-4.386014	15.307000
-0.161445	1.231768	-4.380815	15.407000
-0.159504	1.227791	-4.379916	15.507000
-0.157291	1.217573	-4.379263	15.607000
-0.154984	1.222913	-4.397449	15.707000
-0.152628	1.231596	-4.399787	15.807000
-0.150024	1.236607	-4.393789	15.907000
-0.147579	1.234422	-4.413479	16.007000
-0.144951	1.221597	-4.401519	16.107000
-0.142285	1.216431	-4.375365	16.207000
-0.139291	1.212470	-4.363059	16.307000
-0.136740	1.214050	-4.354623	16.407000
-0.133955	1.223797	-4.354484	16.507000
-0.131166	1.227255	-4.362771	16.607000
-0.128398	1.228463	-4.368773	16.707000
-0.125571	1.232024	-4.371861	16.808000
-0.122617	1.236632	-4.377337	16.907000
-0.119727	1.231381	-4.382478	17.007000
-0.116931	1.221242	-4.383065	17.108000
-0.113920	1.211551	-4.374417	17.207000
-0.110884	1.212774	-4.352895	17.308000
-0.107976	1.223936	-4.322955	17.407000
-0.104833	1.230212	-4.318102	17.507000
-0.101865	1.225295	-4.332369	17.607000
-0.098929	1.223831	-4.352192	17.707000
-0.095794	1.234176	-4.367260	17.807000
-0.092608	1.239123	-4.359523	17.907000
-0.089602	1.238453	-4.348183	18.008000
-0.086413	1.232592	-4.363099	18.107000
-0.083278	1.219020	-4.356021	18.207000
-0.080396	1.208752	-4.347059	18.307000
-0.077254	1.206768	-4.367554	18.407000
-0.074513	1.212163	-4.354612	18.507000
-0.071403	1.221453	-4.350455	18.607000
-0.068097	1.222810	-4.354078	18.707000
-0.065122	1.223048	-4.357860	18.808000
-0.062238	1.218826	-4.377640	18.907000
-0.058675	1.214338	-4.387423	19.007000
-0.055483	1.217138	-4.388865	19.107000
-0.052256	1.221257	-4.385404	19.207000
-0.049182	1.225897	-4.381621	19.307000
-0.046020	1.221021	-4.380388	19.407000
-0.042905	1.217592	-4.353740	19.507000
-0.039882	1.218482	-4.346842	19.607000
-0.036790	1.225282	-4.350684	19.707000
-0.033596	1.230763	-4.349729	19.807000
-0.030319	1.230147	-4.367853	19.907000
-0.027177	1.232221	-4.381495	20.007000
-0.023877	1.240332	-4.420274	20.107000
-0.020694	1.232397	-4.409320	20.207000
-0.017427	1.221976	-4.390350	20.307000
-0.014268	1.224004	-4.374241	20.407000
-0.010842	1.229867	-4.361614	20.507000
-0.007622	1.232585	-4.361211	20.607000
-0.004348	1.229975	-4.376364	20.708000
-0.001365	1.233923	-4.386048	20.807000
0.001983	1.244098	-4.391890	20.907000
0.004952	1.234560	-4.413194	21.007000
0.008218	1.223930	-4.388655	21.107000
0.011367	1.221722	-4.367685	21.207000
0.014566	1.221713	-4.374095	21.307000
0.018065	1.221836	-4.387289	21.407000
0.021583	1.232953	-4.381843	21.507000
0.024768	1.236825	-4.369675	21.607000
0.027943	1.234869	-4.365493	21.707000
0.031138	1.238114	-4.357992	21.807000
0.034447	1.248205	-4.351711	21.908000
0.037717	1.243868	-4.350099	22.007000
0.040922	1.235888	-4.352287	22.107000
0.044154	1.225186	-4.350884	22.207000
0.047309	1.215076	-4.347516	22.307000
0.050612	1.212348	-4.339971	22.407000
0.053730	1.212753	-4.342941	22.508000
0.057423	1.210494	-4.345920	22.607000
0.060560	1.217963	-4.339937	22.707000
0.063788	1.228268	-4.361409	22.807000
0.067146	1.237379	-4.380401	22.907000
0.070528	1.239962	-4.396859	23.007000
0.073684	1.239018	-4.410937	23.107000
0.076808	1.229306	-4.403222	23.207000
0.080103	1.209653	-4.374535	23.307000
0.083415	1.206673	-4.342042	23.407000
0.086644	1.214569	-4.331423	23.507000
0.089767	1.218549	-4.329091	23.607000
0.093325	1.218756	-4.321657	23.707000
0.096656	1.222598	-4.320307	23.807000
0.100134	1.231843	-4.316143	23.907000
0.103525	1.233148	-4.337594	24.008000
0.106632	1.232223	-4.354102	24.107000
0.109983	1.228586	-4.353094	24.207000
0.113124	1.227410	-4.370889	24.307000
0.116686	1.227493	-4.382952	24.407000
0.119804	1.226683	-4.394364	24.507000
0.123184	1.221041	-4.402429	24.607000
0.126345	1.211990	-4.387924	24.707000
0.129640	1.208483	-4.366107	24.807000
0.132975	1.213132	-4.342889	24.907000
0.136394	1.223637	-4.351471	25.007000
0.139590	1.216476	-4.370973	25.107000
0.142799	1.214759	-4.391153	25.207000
0.146088	1.223185	-4.411427	25.307000
0.149302	1.224448	-4.429297	25.407000
0.152518	1.229880	-4.411532	25.507000
0.155980	1.239873	-4.381787	25.607000
0.159320	1.241096	-4.368292	25.707000
0.162598	1.226048	-4.371784	25.807000
0.165783	1.211158	-4.370569	25.907000
0.169081	1.210878	-4.365238	26.007000
0.172582	1.220205	-4.346875	26.107000
0.175726	1.230107	-4.340911	26.207000
0.179110	1.229315	-4.355674	26.307000
0.182312	1.225985	-4.378667	26.407000
0.185699	1.226461	-4.382646	26.507000
0.188735	1.223417	-4.366247	26.607000
0.192250	1.219668	-4.370806	26.707000
0.195387	1.215454	-4.383508	26.807000
0.198910	1.216221	-4.371759	26.907000
0.202082	1.220587	-4.357418	27.007000
0.205454	1.221061	-4.370014	27.108000
0.208791	1.219007	-4.375010	27.207000
0.212391	1.219621	-4.365490	27.307000
0.215760	1.222427	-4.370661	27.407000
0.219125	1.227063	-4.389767	27.507000
0.222649	1.220843	-4.402749	27.608000
0.226128	1.219012	-4.394649	27.707000
0.229226	1.222382	-4.373404	27.807000
0.232502	1.226993	-4.363838	27.907000
0.235851	1.230940	-4.367453	28.007000
0.239227	1.234402	-4.369806	28.107000
0.242460	1.232919	-4.387170	28.207000
0.245677	1.230640	-4.385464	28.307000
0.249132	1.237212	-4.363165	28.407000
0.252805	1.244329	-4.363209	28.507000
0.256208	1.238942	-4.350074	28.607000
0.259567	1.235864	-4.330803	28.707000
0.262989	1.236113	-4.341559	28.807000
0.266330	1.231785	-4.360349	28.907000
0.269754	1.223350	-4.351032	29.007000
0.272946	1.222479	-4.337953	29.108000
0.276498	1.235823	-4.336810	29.207000
0.279936	1.243566	-4.348310	29.307000
0.283328	1.239602	-4.376069	29.407000
0.286669	1.231734	-4.379765	29.507000
0.290020	1.223548	-4.382287	29.607000
0.293622	1.217651	-4.379160	29.707000
0.296867	1.228235	-4.373177	29.807000
0.300328	1.230219	-4.373346	29.907000
0.303772	1.227911	-4.377050	30.007000
0.307313	1.222301	-4.365947	30.107000
0.310542	1.224317	-4.336522	30.207000
0.313956	1.232873	-4.333665	30.307000
0.317336	1.237682	-4.344708	30.407000
0.320722	1.238618	-4.349362	30.507000
0.324158	1.234846	-4.352265	30.607000
0.327487	1.224885	-4.354272	30.708000
0.330956	1.220725	-4.365449	30.807000
0.334455	1.217787	-4.380942	30.907000
0.337955	1.216559	-4.389636	31.007000
0.341324	1.216736	-4.405261	31.107000
0.344904	1.218075	-4.399361	31.207000
0.348347	1.221198	-4.405627	31.307000
0.351549	1.217529	-4.390507	31.407000
0.355068	1.219129	-4.385384	31.507000
0.358589	1.225680	-4.400825	31.607000
0.361784	1.233867	-4.411018	31.707000
0.365111	1.231489	-4.390756	31.807000
0.368641	1.222858	-4.371911	31.907000
0.372015	1.225135	-4.366937	32.007000
0.375741	1.231571	-4.357974	32.107000
0.379223	1.230056	-4.356433	32.207000
0.382789	1.222452	-4.353912	32.307000
0.386192	1.217578	-4.337652	32.407000
0.389493	1.225858	-4.337822	32.507000
0.393085	1.227243	-4.346962	32.607000
0.396336	1.232474	-4.357843	32.707000
0.399673	1.243651	-4.372689	32.807000
0.403205	1.260985	-4.369227	32.907000
0.406562	1.273141	-4.383452	33.007000
0.409951	1.277844	-4.411553	33.107000
0.413491	1.293543	-4.427994	33.208000
0.417079	1.310535	-4.425071	33.307000
0.420658	1.317230	-4.422952	33.407000
0.424033	1.328518	-4.406453	33.507000
0.427728	1.355076	-4.420946	33.607000
0.431118	1.383404	-4.469721	33.708000
0.434667	1.410182	-4.510536	33.808000
0.438017	1.441318	-4.525909	33.907000
0.441454	1.481392	-4.554607	34.007000
0.444821	1.543689	-4.620950	34.107000
0.448062	1.624429	-4.716389	34.207000
0.451852	1.753488	-4.853225	34.308000
0.454949	1.931270	-5.032727	34.407000
0.458261	2.212440	-5.277932	34.507000
0.461652	2.698694	-5.589225	34.607000
0.464971	3.714510	-6.021414	34.707000
0.468444	5.891746	-6.379195	34.807000
0.471553	9.419120	-6.630923	34.907000
0.474801	10.239352	-7.481515	35.007000
0.478382	10.239383	-6.187076	35.107000
0.481722	10.239417	-6.256614	35.207000
0.485076	8.927885	-6.831765	35.307000
0.488565	5.997552	-6.350878	35.407000
0.492242	4.500811	-5.703896	35.507000
0.495903	3.924700	-5.183445	35.607000
0.499076	3.720142	-4.870063	35.707000
0.502709	3.644498	-4.713154	35.807000
0.506144	3.611143	-4.647440	35.907000
0.509680	3.609320	-4.613445	36.007000
0.512990	3.621309	-4.588126	36.107000
0.516489	3.623881	-4.587595	36.207000
0.519840	3.615209	-4.588361	36.307000
0.523294	3.616247	-4.575827	36.407000
0.526972	3.622390	-4.566512	36.507000
0.530404	3.626028	-4.566155	36.607000
0.533760	3.629047	-4.576068	36.707000
0.537502	3.627551	-4.582602	36.807000
0.540966	3.624376	-4.586590	36.907000
0.544428	3.612216	-4.600205	37.007000
0.547819	3.607442	-4.603465	37.107000
0.551410	3.615795	-4.600814	37.207000
0.554965	3.618726	-4.595314	37.307000
0.558319	3.616034	-4.587584	37.407000
0.561720	3.610511	-4.583617	37.507000
0.565162	3.607312	-4.586309	37.607000
0.568621	3.611413	-4.587438	37.708000
0.571863	3.621773	-4.589170	37.807000
0.575579	3.632189	-4.587796	37.907000
0.579104	3.633715	-4.592856	38.008000
0.582577	3.634146	-4.591336	38.107000
0.585940	3.636410	-4.588279	38.208000
0.589523	3.638669	-4.580211	38.307000
0.592836	3.634622	-4.575532	38.407000
0.596088	3.625719	-4.578041	38.507000
0.599478	3.623381	-4.586404	38.607000
0.603132	3.613538	-4.588391	38.707000
0.606561	3.614334	-4.590033	38.807000
0.610114	3.614508	-4.589071	38.907000
0.613532	3.609591	-4.586596	39.007000
0.616844	3.601346	-4.585208	39.108000
0.620670	3.609809	-4.577908	39.207000
0.624225	3.624237	-4.576649	39.307000
0.627899	3.629870	-4.578960	39.407000
0.631335	3.624101	-4.586162	39.507000
0.634671	3.613448	-4.589957	39.608000
0.638295	3.614219	-4.592258	39.707000
0.641746	3.619330	-4.593584	39.807000
0.645294	3.613232	-4.591215	39.907000
0.648729	3.614169	-4.587767	40.008000
0.652241	3.621030	-4.579171	40.107000
0.655655	3.627425	-4.579029	40.207000
0.659256	3.621602	-4.585112	40.307000
0.662732	3.621539	-4.585781	40.407000
0.666093	3.624870	-4.589012	40.508000
0.669773	3.625240	-4.590361	40.607000
0.673307	3.617881	-4.596185	40.707000
0.676763	3.614565	-4.598862	40.808000
0.680206	3.617856	-4.598525	40.907000
0.683969	3.631494	-4.601127	41.007000
0.687292	3.643327	-4.604217	41.107000
0.690726	3.640326	-4.599599	41.207000
0.694430	3.626684	-4.596880	41.307000
0.697849	3.611718	-4.598325	41.407000
0.701384	3.600019	-4.598988	41.507000
0.705228	3.592971	-4.590502	41.607000
0.708724	3.599967	-4.594584	41.707000
0.712160	3.603708	-4.590816	41.808000
0.715754	3.603455	-4.582891	41.907000
0.719275	3.606631	-4.570451	42.007000
0.722755	3.609147	-4.567620	42.108000
0.726284	3.615582	-4.569850	42.208000
0.729725	3.625033	-4.567640	42.307000
0.733289	3.624617	-4.580795	42.407000
0.736791	3.620438	-4.585677	42.507000
0.740426	3.614341	-4.578903	42.608000
0.744072	3.614933	-4.579170	42.707000
0.747849	3.617287	-4.577183	42.808000
0.751481	3.619726	-4.574447	42.907000
0.754930	3.614065	-4.573555	43.008000
0.758312	3.607798	-4.580233	43.107000
0.762019	3.610796	-4.587995	43.207000
0.765218	3.608612	-4.580517	43.307000
0.768782	3.613970	-4.576743	43.408000
0.772040	3.617858	-4.575128	43.507000
0.775488	3.614415	-4.575667	43.607000
0.778932	3.615466	-4.584409	43.708000
0.782476	3.607359	-4.586652	43.807000
0.786269	3.602124	-4.583485	43.907000
0.789568	3.608990	-4.583291	44.007000
0.793253	3.609629	-4.581787	44.108000
0.797004	3.616662	-4.577996	44.207000
0.800453	3.630015	-4.586830	44.307000
0.804011	3.629744	-4.597321	44.407000
0.807430	3.626303	-4.594414	44.507000
0.810986	3.623737	-4.589760	44.607000
0.814692	3.619296	-4.594282	44.707000
0.818298	3.612898	-4.597162	44.807000
0.821873	3.621777	-4.587645	44.907000
0.825339	3.638373	-4.581379	45.007000
0.829084	3.646607	-4.576413	45.107000
0.832579	3.634945	-4.575284	45.207000
0.836306	3.626532	-4.575727	45.307000
0.839873	3.613145	-4.573797	45.407000
0.843256	3.608867	-4.577328	45.508000
0.846851	3.608883	-4.577581	45.607000
0.850517	3.604888	-4.577420	45.707000
0.853931	3.606958	-4.574110	45.807000
0.857487	3.615354	-4.573474	45.907000
0.861117	3.616249	-4.577830	46.007000
0.864682	3.617318	-4.576398	46.107000
0.868213	3.624957	-4.576574	46.207000
0.871704	3.626181	-4.578981	46.307000
0.875422	3.624344	-4.575188	46.408000
0.879077	3.611152	-4.572062	46.507000
0.882760	3.609666	-4.572975	46.608000
0.886245	3.618182	-4.578698	46.707000
0.889518	3.630903	-4.582175	46.807000
0.893219	3.639724	-4.589946	46.907000
0.896791	3.639192	-4.589295	47.007000
0.900400	3.626820	-4.580386	47.107000
0.903822	3.627641	-4.568942	47.208000
0.907289	3.633201	-4.564610	47.308000
0.911022	3.636774	-4.566521	47.407000
0.914768	3.633489	-4.575908	47.507000
0.918413	3.635873	-4.592466	47.607000
0.921977	3.624379	-4.595752	47.708000
0.925611	3.615022	-4.591846	47.807000
0.929205	3.612555	-4.583956	47.907000
0.932984	3.613045	-4.569600	48.007000
0.936318	3.613049	-4.560151	48.107000
0.939827	3.607133	-4.568484	48.207000
0.943460	3.607547	-4.576641	48.308000
0.947007	3.603732	-4.576262	48.407000
0.950759	3.605770	-4.568313	48.507000
0.954002	3.610677	-4.563888	48.607000
0.957997	3.605929	-4.561780	48.708000
0.961686	3.607371	-4.569315	48.807000
0.965306	3.602492	-4.582880	48.907000
0.968772	3.602630	-4.594119	49.007000
0.972392	3.609405	-4.588540	49.107000
0.975920	3.627584	-4.587264	49.207000
0.979697	3.634523	-4.586940	49.307000
0.983041	3.640074	-4.584876	49.407000
0.986653	3.631717	-4.590123	49.507000
0.990147	3.621381	-4.593375	49.607000
0.993831	3.620900	-4.590813	49.708000
0.997457	3.627059	-4.584572	49.807000
1.001153	3.626210	-4.581558	49.907000
1.005028	3.623598	-4.582686	50.007000
1.008363	3.630288	-4.581041	50.107000
1.012227	3.627697	-4.591055	50.207000
1.015653	3.625594	-4.597590	50.307000
1.019145	3.623128	-4.603333	50.407000
1.023126	3.609413	-4.598009	50.507000
1.026504	3.605298	-4.592292	50.608000
1.030165	3.606208	-4.589029	50.707000
1.033689	3.611979	-4.587601	50.807000
1.037346	3.606592	-4.589083	50.907000
1.041194	3.619675	-4.596334	51.007000
1.044914	3.629388	-4.596722	51.108000
1.048443	3.632464	-4.596232	51.207000
1.052158	3.626831	-4.588530	51.307000
1.055666	3.627030	-4.573516	51.407000
1.059057	3.630225	-4.570815	51.508000
1.062844	3.612286	-4.579746	51.607000
1.066473	3.600982	-4.584007	51.707000
1.070078	3.606297	-4.585248	51.807000
1.073616	3.617962	-4.580917	51.907000
1.077284	3.622611	-4.572150	52.007000
1.080670	3.625603	-4.570289	52.107000
1.084709	3.619366	-4.582351	52.207000
1.088118	3.605810	-4.586024	52.308000
1.091733	3.590702	-4.581389	52.407000
1.095561	3.584725	-4.574358	52.508000
1.099087	3.597964	-4.576669	52.607000
1.102656	3.615606	-4.582633	52.708000
1.106292	3.626522	-4.583704	52.808000
1.109649	3.639164	-4.586782	52.907000
1.113234	3.640184	-4.579702	53.007000
1.116945	3.636347	-4.574888	53.107000
1.120721	3.621781	-4.580786	53.207000
1.124521	3.633479	-4.595638	53.307000
1.127672	3.644026	-4.601139	53.408000
1.131695	3.643380	-4.595356	53.507000
1.135025	3.622169	-4.590927	53.607000
1.138716	3.612189	-4.587168	53.707000
1.142303	3.615862	-4.584446	53.807000
1.145978	3.619524	-4.585622	53.908000
1.149695	3.623868	-4.590636	54.007000
1.153000	3.627095	-4.591493	54.107000
1.156470	3.630014	-4.589038	54.207000
1.160267	3.630389	-4.585822	54.307000
1.163906	3.617930	-4.586711	54.407000
1.167315	3.623176	-4.581838	54.507000
1.171103	3.633989	-4.583682	54.607000
1.174731	3.641272	-4.589450	54.707000
1.178212	3.644897	-4.590688	54.807000
1.181743	3.631229	-4.581427	54.907000
1.185507	3.616107	-4.577654	55.007000
1.189271	3.619894	-4.580399	55.107000
1.192705	3.624936	-4.577741	55.207000
1.196265	3.625658	-4.587366	55.307000
1.199760	3.626573	-4.591205	55.407000
1.203497	3.621933	-4.590286	55.507000
1.206979	3.625076	-4.597722	55.607000
1.210986	3.636154	-4.596517	55.707000
1.214654	3.643832	-4.589230	55.807000
1.218331	3.637893	-4.580229	55.907000
1.222094	3.629470	-4.578864	56.008000
1.225878	3.624913	-4.586971	56.107000
1.229267	3.626114	-4.591550	56.207000
1.232977	3.629507	-4.595558	56.307000
1.236680	3.629435	-4.593731	56.407000
1.240201	3.637583	-4.588389	56.507000
1.243589	3.637392	-4.588560	56.607000
1.247331	3.630885	-4.590903	56.707000
1.250986	3.622922	-4.589036	56.807000
1.254452	3.619291	-4.585794	56.907000
1.258741	3.630930	-4.582319	57.007000
1.262097	3.629437	-4.585653	57.107000
1.265951	3.619602	-4.581166	57.207000
1.269725	3.619697	-4.575420	57.307000
1.273084	3.620814	-4.577633	57.407000
1.276812	3.623171	-4.589268	57.507000
1.280410	3.623994	-4.592181	57.607000
1.284075	3.618347	-4.592786	57.707000
1.287398	3.611465	-4.596647	57.807000
1.291280	3.619078	-4.599989	57.907000
1.294912	3.618185	-4.598096	58.007000
1.298387	3.622336	-4.594712	58.107000
1.302342	3.614132	-4.589715	58.207000
1.305732	3.617473	-4.591445	58.307000
1.309389	3.624058	-4.588924	58.407000
1.313089	3.615581	-4.580974	58.507000
1.316949	3.620706	-4.582251	58.607000
1.320320	3.616336	-4.589371	58.707000
1.323879	3.626221	-4.586394	58.807000
1.327851	3.634623	-4.579038	58.907000
1.331096	3.627691	-4.570229	59.008000
1.334652	3.626894	-4.572453	59.107000
1.338682	3.623058	-4.574785	59.207000
1.342351	3.619230	-4.571607	59.307000
1.346396	3.629907	-4.565676	59.407000
1.349760	3.637258	-4.566449	59.507000
1.353547	3.632085	-4.574731	59.608000
1.357114	3.618226	-4.578267	59.708000
1.360864	3.604669	-4.584877	59.807000
1.364516	3.610020	-4.584593	59.907000
1.368222	3.622503	-4.584300	60.007000
1.371953	3.642607	-4.587362	60.107000
1.375409	3.643875	-4.595218	60.207000
1.379083	3.641962	-4.598856	60.307000
1.382884	3.647687	-4.594560	60.407000
1.386491	3.650357	-4.589407	60.507000
1.390263	3.645289	-4.587985	60.607000
1.393746	3.642314	-4.579480	60.707000
1.397632	3.644758	-4.575872	60.807000
1.401352	3.651483	-4.587655	60.907000
1.404892	3.646665	-4.593251	61.007000
1.408503	3.638809	-4.594368	61.107000
1.412216	3.633682	-4.596027	61.207000
1.416019	3.624355	-4.602363	61.307000
1.419812	3.613557	-4.596325	61.407000
1.422562	3.611520	-4.592442	61.507000
1.426301	3.613715	-4.589764	61.607000
1.430916	3.618253	-4.588774	61.708000
1.434553	3.611979	-4.593985	61.807000
1.437833	3.610107	-4.597715	61.907000
1.441292	3.611340	-4.595829	62.007000
1.445215	3.617013	-4.588229	62.107000
1.449438	3.628201	-4.587334	62.207000
1.452408	3.638393	-4.585639	62.308000
1.455523	3.645516	-4.576990	62.407000
1.459408	3.628575	-4.573418	62.507000
1.463432	3.613952	-4.580328	62.607000
1.467470	3.608843	-4.590143	62.707000
1.470268	3.620080	-4.587445	62.807000
1.474339	3.632487	-4.577514	62.907000
1.478248	3.629778	-4.584665	63.007000
1.481424	3.628019	-4.594120	63.108000
1.485394	3.621649	-4.596762	63.207000
1.489137	3.610336	-4.598324	63.307000
1.492430	3.604339	-4.596064	63.407000
1.496313	3.607309	-4.602098	63.507000
1.499979	3.616432	-4.598793	63.608000
1.503638	3.621935	-4.595679	63.707000
1.507109	3.623704	-4.590197	63.808000
1.510815	3.614549	-4.587868	63.907000
1.514518	3.619280	-4.587088	64.007000
1.518106	3.625662	-4.587765	64.107000
1.521525	3.624265	-4.587501	64.207000
1.525278	3.624066	-4.584688	64.308000
1.528921	3.622507	-4.585411	64.407000
1.532590	3.620686	-4.594274	64.507000
1.536156	3.617317	-4.601713	64.607000
1.539966	3.616579	-4.594554	64.707000
1.543449	3.599890	-4.584228	64.807000
1.547432	3.589525	-4.575380	64.907000
1.550869	3.600242	-4.572926	65.007000
1.554822	3.609584	-4.578145	65.107000
1.558322	3.618464	-4.580178	65.207000
1.562016	3.623894	-4.577714	65.307000
1.563422	3.624969	-4.569487	65.407000
1.563088	3.623039	-4.570215	65.507000
1.562308	3.618303	-4.567356	65.607000
1.560796	3.608657	-4.569761	65.707000
1.558780	3.611107	-4.572668	65.808000
1.558038	3.624140	-4.574430	65.907000
1.555794	3.616826	-4.573000	66.007000
1.553733	3.607561	-4.570429	66.107000
1.552226	3.603192	-4.569988	66.208000
1.548513	3.601885	-4.571505	66.308000
1.547699	3.610079	-4.574219	66.408000
1.544275	3.621305	-4.581856	66.507000
1.542063	3.637827	-4.583572	66.608000
1.539537	3.642410	-4.591469	66.707000
1.536983	3.640226	-4.591912	66.807000
1.534204	3.626908	-4.586973	66.907000
1.532088	3.621158	-4.582606	67.007000
1.529137	3.629995	-4.580509	67.107000
1.526351	3.629313	-4.581074	67.207000
1.523557	3.617132	-4.579303	67.307000
1.521094	3.610437	-4.576672	67.407000
1.518009	3.611848	-4.578080	67.507000
1.515235	3.613567	-4.580973	67.607000
1.512428	3.612279	-4.590462	67.707000
1.509689	3.611056	-4.586884	67.807000
1.506628	3.614009	-4.572675	67.908000
1.503610	3.620318	-4.568386	68.008000
1.500855	3.623895	-4.571554	68.107000
1.498072	3.619005	-4.578948	68.207000
1.494896	3.616010	-4.579472	68.307000
1.492060	3.611480	-4.581726	68.407000
1.489265	3.614146	-4.579036	68.507000
1.486115	3.623418	-4.586833	68.607000
1.483232	3.622344	-4.587522	68.707000
1.480009	3.624387	-4.573645	68.807000
1.477403	3.618176	-4.571744	68.907000
1.473825	3.607191	-4.576312	69.008000
1.470906	3.607878	-4.585719	69.107000
1.467622	3.606027	-4.593823	69.207000
1.464813	3.598511	-4.589715	69.307000
1.461439	3.601452	-4.586571	69.407000
1.458210	3.616091	-4.588117	69.507000
1.455306	3.622840	-4.585165	69.607000
1.452569	3.618660	-4.579639	69.707000
1.449584	3.615831	-4.577043	69.807000
1.446112	3.603242	-4.579253	69.907000
1.442842	3.594510	-4.582189	70.007000
1.439970	3.588865	-4.585006	70.107000
1.436696	3.592343	-4.575591	70.207000
1.433344	3.609996	-4.572962	70.307000
1.430163	3.630986	-4.577044	70.413000
1.427193	3.641526	-4.583150	70.507000
1.424116	3.643816	-4.589675	70.607000
1.420715	3.651287	-4.586634	70.707000
1.417883	3.647916	-4.580314	70.807000
1.414799	3.629020	-4.580450	70.907000
1.411606	3.617273	-4.582361	71.007000
1.408300	3.613016	-4.588471	71.107000
1.405129	3.622052	-4.589802	71.207000
1.402015	3.619429	-4.590569	71.308000
1.398459	3.618914	-4.582232	71.407000
1.395093	3.630041	-4.577984	71.507000
1.391863	3.639203	-4.570627	71.607000
1.388826	3.637242	-4.562946	71.707000
1.385484	3.637414	-4.569177	71.808000
1.382439	3.637869	-4.584998	71.907000
1.378983	3.627823	-4.587561	72.007000
1.375751	3.617792	-4.583181	72.107000
1.372394	3.617891	-4.580527	72.207000
1.369156	3.619271	-4.582195	72.307000
1.365868	3.613770	-4.580967	72.407000
1.362745	3.610506	-4.583555	72.507000
1.359708	3.621644	-4.588706	72.607000
1.356376	3.627205	-4.589354	72.707000
1.352912	3.620092	-4.591881	72.807000
1.349868	3.603667	-4.583623	72.907000
1.346794	3.607321	-4.576200	73.007000
1.343114	3.613814	-4.569855	73.107000
1.340041	3.616623	-4.569594	73.207000
1.337011	3.612873	-4.574340	73.307000
1.333605	3.609316	-4.580027	73.407000
1.330243	3.612051	-4.591007	73.507000
1.327084	3.613226	-4.597383	73.608000
1.323761	3.621186	-4.595365	73.707000
1.320451	3.627274	-4.588965	73.808000
1.317049	3.627764	-4.586008	73.907000
1.313839	3.638868	-4.585703	74.008000
1.310399	3.642130	-4.586666	74.107000
1.307043	3.641000	-4.589567	74.207000
1.303979	3.638779	-4.590039	74.307000
1.300594	3.631536	-4.597475	74.407000
1.297425	3.618714	-4.597911	74.507000
1.293720	3.614423	-4.593718	74.607000
1.290498	3.626317	-4.590490	74.708000
1.287284	3.630016	-4.585047	74.807000
1.283877	3.620144	-4.591552	74.907000
1.280938	3.608132	-4.597372	75.007000
1.277342	3.609685	-4.602862	75.107000
1.273681	3.618374	-4.603374	75.207000
1.270780	3.625958	-4.594377	75.308000
1.267511	3.634395	-4.585596	75.407000
1.263978	3.638180	-4.579990	75.507000
1.260843	3.637031	-4.578096	75.607000
1.257494	3.635183	-4.580807	75.707000
1.254163	3.632445	-4.583867	75.807000
1.250916	3.637124	-4.586476	75.907000
1.247540	3.641784	-4.587752	76.007000
1.244492	3.633047	-4.590374	76.108000
1.240922	3.621242	-4.584011	76.207000
1.237508	3.614952	-4.575591	76.307000
1.234489	3.610977	-4.578250	76.407000
1.230764	3.614549	-4.582867	76.507000
1.227535	3.626896	-4.593357	76.607000
1.224319	3.631655	-4.606837	76.707000
1.221298	3.625524	-4.609934	76.807000
1.217805	3.610608	-4.612587	76.907000
1.214407	3.603849	-4.602025	77.007000
1.210990	3.607998	-4.575565	77.107000
1.207864	3.617588	-4.566234	77.207000
1.204334	3.619112	-4.565722	77.307000
1.201104	3.623833	-4.564749	77.407000
1.197773	3.630976	-4.558460	77.508000
1.194513	3.637212	-4.563288	77.607000
1.191087	3.627401	-4.568715	77.707000
1.187775	3.622991	-4.566334	77.807000
1.184499	3.622550	-4.566730	77.907000
1.181018	3.621877	-4.568543	78.007000
1.177683	3.621393	-4.573925	78.108000
1.174200	3.614557	-4.576815	78.207000
1.171012	3.610905	-4.582499	78.307000
1.167422	3.614887	-4.587019	78.407000
1.163935	3.625713	-4.589436	78.507000
1.160646	3.633029	-4.595105	78.608000
1.157311	3.625907	-4.587205	78.707000
1.153869	3.623770	-4.580123	78.807000
1.150603	3.629120	-4.576577	78.908000
1.147031	3.622984	-4.580971	79.007000
1.143951	3.629965	-4.576238	79.107000
1.140444	3.643209	-4.576105	79.207000
1.137077	3.646426	-4.579289	79.307000
1.133666	3.642769	-4.580629	79.407000
1.130257	3.631475	-4.587972	79.508000
1.127160	3.620879	-4.589683	79.607000
1.123740	3.615993	-4.590791	79.707000
1.120055	3.620339	-4.590220	79.807000
1.116542	3.624683	-4.587490	79.907000
1.113202	3.625559	-4.578103	80.007000
1.109889	3.633644	-4.576511	80.107000
1.106399	3.637385	-4.577359	80.207000
1.103090	3.629957	-4.581692	80.307000
1.099624	3.624729	-4.588609	80.407000
1.096177	3.623331	-4.590097	80.507000
1.092420	3.628669	-4.582206	80.607000
1.089322	3.618814	-4.579228	80.708000
1.085947	3.618079	-4.574109	80.807000
1.082238	3.623506	-4.574620	80.907000
1.078672	3.617368	-4.578518	81.007000
1.075324	3.611555	-4.579913	81.107000
1.071736	3.619585	-4.584495	81.207000
1.068424	3.623506	-4.592738	81.307000
1.064862	3.616467	-4.587258	81.407000
1.061494	3.612577	-4.577612	81.507000
1.058193	3.614037	-4.575763	81.607000
1.054731	3.614421	-4.587825	81.707000
1.051452	3.612451	-4.593808	81.807000
1.047937	3.613043	-4.590001	81.907000
1.044397	3.605232	-4.580142	82.007000
1.040574	3.605647	-4.577411	82.107000
1.036964	3.613633	-4.578960	82.207000
1.033950	3.624897	-4.584890	82.308000
1.030425	3.630615	-4.580833	82.407000
1.027025	3.631686	-4.576349	82.507000
1.023683	3.639161	-4.574901	82.607000
1.020178	3.638385	-4.575298	82.707000
1.016722	3.642181	-4.575903	82.807000
1.013252	3.640023	-4.580991	82.907000
1.009763	3.632722	-4.585536	83.007000
1.006344	3.620861	-4.594048	83.107000
1.002822	3.612053	-4.598538	83.207000
0.999393	3.614471	-4.594837	83.307000
0.995758	3.625166	-4.590819	83.407000
0.992270	3.629183	-4.592792	83.508000
0.988782	3.631331	-4.590628	83.608000
0.985384	3.636441	-4.589706	83.707000
0.982052	3.640487	-4.590823	83.807000
0.978550	3.648324	-4.587411	83.908000
0.975251	3.654182	-4.591966	84.007000
0.971494	3.644138	-4.600419	84.107000
0.968312	3.622613	-4.602059	84.207000
0.964784	3.607845	-4.598386	84.307000
0.961528	3.607829	-4.594291	84.407000
0.957754	3.613970	-4.596876	84.507000
0.954576	3.625364	-4.598085	84.607000
0.951171	3.639594	-4.597397	84.707000
0.947509	3.641374	-4.597260	84.807000
0.944099	3.628481	-4.599209	84.907000
0.940729	3.624331	-4.602973	85.007000
0.937281	3.620513	-4.604953	85.107000
0.933768	3.622144	-4.596519	85.207000
0.930518	3.627299	-4.601790	85.307000
0.926941	3.628040	-4.604915	85.407000
0.923301	3.613843	-4.597505	85.507000
0.919872	3.605367	-4.594534	85.607000
0.916286	3.608939	-4.587517	85.707000
0.912733	3.619908	-4.580175	85.808000
0.909097	3.623168	-4.572576	85.907000
0.905820	3.615603	-4.569581	86.008000
0.902265	3.610688	-4.565728	86.107000
0.898825	3.614776	-4.567398	86.207000
0.895343	3.605459	-4.558298	86.307000
0.891747	3.598353	-4.556385	86.407000
0.888384	3.601775	-4.570514	86.507000
0.884733	3.612888	-4.570969	86.607000
0.881360	3.621191	-4.568821	86.707000
0.877891	3.621186	-4.572700	86.807000
0.874440	3.619162	-4.584349	86.907000
0.871017	3.631682	-4.590725	87.007000
0.867497	3.627186	-4.583087	87.107000
0.863904	3.618892	-4.577750	87.207000
0.860297	3.604787	-4.581577	87.307000
0.857014	3.600334	-4.578627	87.407000
0.853555	3.601107	-4.580109	87.507000
0.850079	3.611116	-4.588387	87.607000
0.846622	3.618170	-4.594031	87.708000
0.843163	3.621874	-4.588428	87.808000
0.839561	3.626709	-4.581623	87.907000
0.835968	3.625060	-4.582440	88.007000
0.832308	3.621595	-4.588628	88.107000
0.828854	3.617206	-4.587383	88.207000
0.825347	3.609438	-4.592211	88.307000
0.821836	3.610679	-4.607348	88.407000
0.818131	3.615762	-4.610236	88.507000
0.814772	3.613728	-4.599217	88.607000
0.811276	3.611874	-4.608848	88.707000
0.807726	3.606733	-4.619708	88.807000
0.804282	3.607675	-4.612949	88.907000
0.800748	3.616768	-4.608518	89.007000
0.797277	3.624207	-4.600677	89.107000
0.793383	3.623764	-4.596581	89.207000
0.790106	3.612756	-4.601737	89.307000
0.786474	3.604920	-4.584746	89.407000
0.783057	3.605662	-4.575785	89.507000
0.779382	3.605264	-4.583077	89.607000
0.776266	3.601857	-4.584708	89.707000
0.772587	3.600798	-4.588139	89.807000
0.769065	3.593745	-4.592405	89.907000
0.765626	3.597476	-4.587526	90.007000
0.762247	3.600188	-4.584515	90.107000
0.758756	3.608409	-4.592619	90.207000
0.755202	3.622483	-4.592280	90.307000
0.751454	3.629511	-4.588162	90.407000
0.748008	3.617787	-4.580730	90.507000
0.744500	3.613078	-4.578211	90.607000
0.740921	3.611736	-4.583349	90.707000
0.737228	3.620517	-4.579779	90.807000
0.733709	3.638069	-4.574610	90.907000
0.730415	3.635329	-4.582647	91.007000
0.726943	3.638965	-4.589913	91.107000
0.723314	3.625952	-4.588088	91.207000
0.719784	3.624377	-4.590122	91.307000
0.716176	3.621107	-4.586829	91.407000
0.712540	3.609861	-4.572740	91.507000
0.708840	3.609102	-4.573542	91.608000
0.705521	3.615473	-4.583789	91.707000
0.701959	3.614795	-4.579023	91.807000
0.698436	3.618923	-4.574152	91.907000
0.694775	3.624923	-4.575389	92.007000
0.691293	3.629556	-4.575060	92.107000
0.687770	3.635119	-4.575759	92.207000
0.684334	3.621179	-4.576064	92.308000
0.680726	3.613798	-4.582298	92.407000
0.677295	3.607508	-4.589209	92.507000
0.673679	3.605132	-4.587673	92.607000
0.670097	3.598838	-4.584552	92.707000
0.666727	3.599534	-4.581727	92.807000
0.663385	3.608461	-4.589586	92.907000
0.659877	3.617978	-4.584735	93.008000
0.656222	3.633577	-4.582005	93.107000
0.652677	3.639753	-4.592998	93.207000
0.649061	3.630671	-4.595491	93.307000
0.645770	3.615276	-4.593640	93.407000
0.642243	3.609806	-4.584513	93.507000
0.638983	3.613026	-4.575861	93.607000
0.635179	3.622290	-4.588987	93.707000
0.631644	3.631288	-4.611325	93.807000
0.628042	3.631630	-4.620412	93.907000
0.624420	3.631128	-4.618500	94.007000
0.620761	3.628191	-4.613078	94.107000
0.617142	3.616233	-4.607492	94.207000
0.613630	3.608275	-4.596077	94.307000
0.610062	3.605140	-4.585788	94.408000
0.606692	3.612070	-4.591240	94.507000
0.603076	3.633524	-4.595870	94.607000
0.599645	3.645210	-4.600605	94.707000
0.596118	3.637252	-4.597825	94.808000
0.592589	3.620615	-4.598122	94.907000
0.589071	3.609326	-4.595530	95.007000
0.585404	3.603075	-4.586171	95.107000
0.581978	3.599453	-4.576561	95.207000
0.578511	3.600817	-4.571926	95.307000
0.574943	3.604850	-4.578150	95.408000
0.571413	3.601347	-4.587691	95.507000
0.567793	3.596031	-4.586113	95.607000
0.564276	3.601335	-4.580472	95.707000
0.560661	3.604620	-4.572137	95.807000
0.557245	3.601136	-4.564167	95.907000
0.553680	3.601358	-4.564616	96.007000
0.550311	3.611471	-4.575425	96.107000
0.546559	3.618951	-4.586975	96.207000
0.543316	3.631208	-4.600295	96.307000
0.539841	3.633032	-4.598249	96.407000
0.536181	3.637891	-4.588607	96.507000
0.532794	3.640117	-4.579455	96.607000
0.529047	3.631096	-4.577767	96.708000
0.525580	3.623577	-4.575620	96.807000
0.522068	3.628161	-4.570691	96.907000
0.518646	3.626484	-4.569746	97.007000
0.514926	3.632635	-4.572163	97.107000
0.511372	3.638540	-4.569324	97.207000
0.507821	3.641528	-4.575957	97.307000
0.504375	3.628384	-4.590125	97.407000
0.500546	3.597665	-4.597213	97.507000
0.496907	3.584600	-4.590691	97.608000
0.493300	3.593960	-4.582593	97.707000
0.489645	3.612017	-4.577276	97.807000
0.486274	3.620208	-4.578824	97.907000
0.482613	3.618264	-4.575603	98.007000
0.479013	3.712837	-4.788765	98.107000
0.475340	5.244658	-5.649549	98.207000
0.471731	7.250274	-6.071478	98.307000
0.468223	7.644771	-6.212560	98.407000
0.464520	6.624789	-6.218271	98.507000
0.461062	5.144117	-6.120380	98.607000
0.457357	3.842799	-5.939913	98.707000
0.453796	2.933223	-5.672547	98.807000
0.450269	2.349075	-5.382327	98.907000
0.446725	1.976485	-5.117893	99.007000
0.442954	1.743230	-4.911098	99.107000
0.439696	1.597221	-4.743422	99.207000
0.435930	1.510396	-4.615875	99.307000
0.432557	1.451622	-4.533046	99.407000
0.428972	1.397009	-4.477865	99.508000
0.425321	1.353812	-4.445736	99.607000
0.421639	1.322832	-4.421529	99.707000
0.418081	1.307201	-4.390858	99.807000
0.414312	1.296051	-4.359067	99.907000
0.410699	1.279126	-4.356618	100.007000
0.406960	1.259310	-4.363594	100.107000
0.403390	1.253828	-4.373005	100.207000
0.399993	1.258417	-4.366743	100.307000
0.396333	1.257368	-4.373118	100.407000
0.392561	1.257354	-4.382043	100.507000
0.389022	1.255083	-4.385890	100.607000
0.385657	1.240587	-4.360703	100.707000
0.382051	1.223797	-4.351082	100.807000
0.378385	1.225428	-4.362809	100.907000
0.374859	1.238890	-4.383266	101.007000
0.370910	1.248274	-4.400569	101.107000
0.367230	1.252779	-4.396534	101.207000
0.363848	1.237723	-4.391153	101.307000
0.359967	1.226774	-4.382734	101.407000
0.356405	1.227381	-4.375398	101.507000
0.352842	1.237930	-4.358868	101.608000
0.349170	1.240331	-4.331509	101.707000
0.345754	1.235686	-4.340574	101.807000
0.342179	1.227886	-4.353605	101.907000
0.338602	1.221136	-4.342568	102.007000
0.334875	1.218452	-4.327497	102.107000
0.331438	1.213131	-4.309696	102.207000
0.327717	1.214833	-4.304790	102.307000
0.323955	1.226393	-4.322379	102.407000
0.320450	1.230901	-4.364082	102.508000
0.316698	1.231031	-4.380645	102.607000
0.313230	1.230712	-4.393553	102.707000
0.309635	1.237485	-4.420394	102.807000
0.306076	1.234116	-4.424310	102.907000
0.302541	1.220187	-4.414706	103.007000
0.299143	1.212284	-4.389687	103.108000
0.295436	1.209260	-4.352525	103.207000
0.291689	1.208957	-4.341009	103.307000
0.288000	1.213716	-4.369735	103.407000
0.284284	1.220978	-4.377005	103.508000
0.280739	1.226616	-4.378881	103.607000
0.277100	1.229115	-4.365516	103.707000
0.273597	1.226064	-4.353572	103.807000
0.269898	1.231866	-4.320903	103.907000
0.266420	1.237110	-4.325751	104.007000
0.262781	1.231080	-4.364095	104.107000
0.259255	1.224496	-4.381433	104.207000
0.255596	1.229521	-4.396105	104.307000
0.252046	1.231379	-4.408867	104.407000
0.248554	1.221666	-4.419305	104.507000
0.245020	1.209809	-4.408549	104.607000
0.241527	1.221039	-4.381208	104.707000
0.237719	1.228261	-4.374062	104.808000
0.234098	1.231709	-4.375660	104.907000
0.230674	1.238229	-4.372813	105.007000
0.227018	1.236220	-4.378604	105.107000
0.223465	1.229759	-4.387603	105.207000
0.219918	1.227838	-4.386049	105.307000
0.216287	1.234074	-4.379137	105.407000
0.212713	1.235414	-4.374500	105.508000
0.209166	1.231014	-4.344353	105.607000
0.205671	1.228587	-4.350142	105.707000
0.202108	1.227698	-4.358023	105.807000
0.198499	1.231595	-4.372219	105.907000
0.194803	1.238503	-4.387877	106.007000
0.191371	1.246489	-4.391820	106.107000
0.187694	1.242444	-4.384134	106.207000
0.184200	1.235350	-4.383326	106.307000
0.180439	1.237385	-4.367011	106.407000
0.176985	1.247743	-4.380443	106.507000
0.173491	1.241789	-4.395503	106.607000
0.169775	1.231921	-4.396314	106.707000
0.166277	1.226426	-4.398265	106.807000
0.162593	1.223720	-4.398704	106.907000
0.158607	1.229016	-4.392643	107.007000
0.154827	1.236480	-4.381698	107.107000
0.151292	1.234299	-4.358221	107.207000
0.147601	1.232074	-4.357767	107.307000
0.144091	1.230711	-4.359823	107.407000
0.140296	1.226091	-4.381481	107.508000
0.136747	1.217427	-4.385783	107.608000
0.133107	1.218193	-4.370267	107.707000
0.129616	1.229907	-4.356800	107.807000
0.126075	1.231473	-4.350104	107.907000
0.122616	1.240721	-4.366104	108.007000
0.118814	1.243803	-4.394266	108.107000
0.115138	1.230537	-4.400175	108.207000
0.111584	1.220893	-4.389989	108.307000
0.108015	1.221843	-4.388304	108.407000
0.104154	1.224557	-4.378483	108.507000
0.100616	1.220420	-4.365255	108.607000
0.097085	1.220003	-4.372025	108.707000
0.093326	1.225853	-4.369241	108.807000
0.089630	1.226238	-4.381384	108.907000
0.086291	1.225550	-4.390883	109.007000
0.082659	1.229689	-4.398044	109.107000
0.079020	1.222807	-4.419949	109.207000
0.075412	1.225463	-4.412487	109.307000
0.071345	1.234393	-4.403443	109.407000
0.067633	1.229606	-4.409385	109.507000
0.064300	1.224130	-4.400169	109.607000
0.060514	1.218683	-4.405570	109.707000
0.057078	1.215061	-4.420945	109.808000
0.053137	1.208075	-4.422623	109.907000
0.049835	1.211453	-4.397378	110.007000
0.046303	1.222005	-4.377918	110.107000
0.042591	1.235547	-4.378617	110.207000
0.038995	1.237439	-4.362267	110.307000
0.035335	1.237277	-4.332499	110.407000
0.032050	1.232717	-4.336665	110.507000
0.028029	1.223548	-4.341885	110.607000
0.024515	1.217207	-4.352410	110.707000
0.020803	1.216586	-4.361537	110.808000
0.017274	1.217296	-4.374580	110.907000
0.013480	1.223731	-4.385129	111.007000
0.009746	1.226732	-4.404076	111.107000
0.006372	1.224826	-4.393385	111.207000
0.002681	1.222750	-4.363171	111.307000
-0.001150	1.221505	-4.354602	111.413000
-0.004893	1.214953	-4.370827	111.508000
-0.008232	1.212271	-4.364607	111.607000
-0.011957	1.218592	-4.367495	111.707000
-0.015616	1.221012	-4.360797	111.807000
-0.019350	1.224219	-4.338129	111.907000
-0.022840	1.233019	-4.349838	112.007000
-0.026524	1.238267	-4.369228	112.107000
-0.030200	1.241652	-4.355083	112.207000
-0.033890	1.241972	-4.359266	112.307000
-0.037282	1.234781	-4.362399	112.407000
-0.040801	1.224877	-4.356994	112.508000
-0.044449	1.226827	-4.375658	112.607000
-0.048004	1.227219	-4.401519	112.707000
-0.051673	1.223529	-4.393783	112.807000
-0.055293	1.220068	-4.359426	112.907000
-0.059105	1.218160	-4.354195	113.007000
-0.062651	1.225145	-4.369365	113.107000
-0.066302	1.233188	-4.383894	113.208000
-0.069674	1.236941	-4.374787	113.307000
-0.073393	1.232514	-4.352436	113.407000
-0.076973	1.232552	-4.342595	113.507000
-0.080575	1.231072	-4.365302	113.607000
-0.084091	1.230651	-4.391752	113.708000
-0.087632	1.229417	-4.397796	113.808000
