NaN	NaN	NaN	13.463000
-0.166616	0.545561	-3.492267	13.563000
-0.166341	0.544406	-3.488651	13.663000
-0.166630	0.544399	-3.488119	13.763000
-0.166464	0.544251	-3.478549	13.863000
-0.166393	0.544352	-3.473550	13.963000
-0.166557	0.544396	-3.474070	14.063000
-0.166375	0.544323	-3.486702	14.163000
-0.166313	0.544181	-3.487268	14.263000
-0.166482	0.544336	-3.482275	14.363000
-0.166526	0.544412	-3.486913	14.463000
-0.166363	0.544332	-3.500471	14.563000
-0.166339	0.544409	-3.503303	14.663000
-0.166525	0.544709	-3.502334	14.763000
-0.166467	0.544413	-3.497651	14.863000
-0.166460	0.544242	-3.493964	14.963000
-0.166593	0.541953	-3.478123	15.063000
-0.166352	0.543340	-3.471617	15.163000
-0.166562	0.544332	-3.473510	15.263000
-0.166637	0.545859	-3.476494	15.363000
-0.166473	0.545680	-3.476639	15.463000
-0.166619	0.544476	-3.485695	15.563000
-0.166771	0.544306	-3.487919	15.663000
-0.166600	0.544400	-3.480102	15.763000
-0.166690	0.544320	-3.476223	15.863000
-0.166838	0.544391	-3.479555	15.963000
-0.166485	0.544318	-3.485649	16.063000
-0.166409	0.544568	-3.488002	16.163000
-0.166528	0.544463	-3.479233	16.263000
-0.166218	0.544325	-3.473534	16.363000
-0.165752	0.544396	-3.473668	16.463000
-0.164040	0.544234	-3.473378	16.563000
-0.161946	0.544398	-3.474603	16.663000
-0.159665	0.544321	-3.486496	16.763000
-0.157422	0.544402	-3.494546	16.863000
-0.154851	0.544326	-3.503248	16.963000
-0.152453	0.544395	-3.503317	17.063000
-0.149774	0.544553	-3.501093	17.163000
-0.147000	0.544960	-3.489746	17.263000
-0.144267	0.544390	-3.479466	17.363000
-0.141503	0.544363	-3.485253	17.463000
-0.138980	0.544370	-3.489182	17.563000
-0.136104	0.544341	-3.494657	17.663000
-0.133401	0.544343	-3.490843	17.763000
-0.130377	0.544171	-3.491874	17.863000
-0.127469	0.544194	-3.501087	17.963000
-0.124587	0.544326	-3.502762	18.063000
-0.121619	0.544246	-3.503150	18.163000
-0.118912	0.544116	-3.499257	18.263000
-0.116067	0.543703	-3.488716	18.363000
-0.112954	0.543943	-3.494337	18.463000
-0.109996	0.544197	-3.503077	18.563000
-0.107050	0.543131	-3.500088	18.663000
-0.104175	0.541958	-3.495402	18.764000
-0.100848	0.542387	-3.483081	18.863000
-0.097777	0.542126	-3.474504	18.963000
-0.094745	0.541795	-3.480997	19.063000
-0.091471	0.541720	-3.486165	19.163000
-0.088472	0.541796	-3.496345	19.263000
-0.085620	0.540879	-3.492681	19.363000
-0.082271	0.539438	-3.481198	19.463000
-0.079225	0.539361	-3.478160	19.563000
-0.076306	0.540482	-3.482555	19.663000
-0.073096	0.541880	-3.496439	19.763000
-0.070054	0.541807	-3.496361	19.863000
-0.067142	0.541760	-3.496328	19.963000
-0.063743	0.540239	-3.487454	20.063000
-0.060493	0.540163	-3.482488	20.163000
-0.057414	0.541851	-3.492085	20.263000
-0.054078	0.558398	-3.511459	20.363000
-0.050980	0.613315	-3.601668	20.463000
-0.047842	0.686852	-3.779903	20.564000
-0.044777	0.714867	-3.865876	20.664000
-0.041483	0.657306	-3.787693	20.763000
-0.038531	0.535560	-3.613119	20.863000
-0.035236	0.409163	-3.418214	20.963000
-0.031877	0.316729	-3.230097	21.063000
-0.029241	0.263225	-3.058883	21.163000
-0.025471	0.234910	-2.934758	21.263000
-0.022019	0.221793	-2.850365	21.363000
-0.019095	0.215817	-2.814008	21.463000
-0.015810	0.214123	-2.820266	21.563000
-0.012428	0.212051	-2.803815	21.663000
-0.009237	0.211364	-2.798411	21.763000
-0.006002	0.210810	-2.793087	21.863000
-0.002778	0.211391	-2.798427	21.963000
0.000173	0.211219	-2.797032	22.063000
0.003357	0.211137	-2.764480	22.163000
0.006742	0.211302	-2.755755	22.263000
0.009807	0.211854	-2.750001	22.363000
0.013237	0.212811	-2.742633	22.463000
0.016863	0.211559	-2.757841	22.563000
0.019834	0.211946	-2.762668	22.663000
0.023422	0.212580	-2.766866	22.763000
0.026666	0.211470	-2.757104	22.863000
0.029634	0.211376	-2.756429	22.963000
0.032893	0.211369	-2.754915	23.063000
0.036279	0.211306	-2.754458	23.163000
0.039347	0.211309	-2.755726	23.263000
0.042597	0.211280	-2.757033	23.363000
0.045928	0.211288	-2.755747	23.463000
0.049188	0.211288	-2.755737	23.563000
0.052447	0.211283	-2.755723	23.663000
0.055932	0.211297	-2.755746	23.763000
0.059160	0.211215	-2.762804	23.863000
0.062424	0.211031	-2.785675	23.963000
0.065684	0.211309	-2.796447	24.063000
0.068841	0.211389	-2.784070	24.163000
0.072133	0.211480	-2.796577	24.263000
0.075397	0.211451	-2.772621	24.363000
0.078790	0.211389	-2.756394	24.463000
0.081975	0.211460	-2.757112	24.563000
0.085384	0.211313	-2.755724	24.663000
0.088852	0.211314	-2.755719	24.764000
0.092049	0.211309	-2.757065	24.863000
0.095610	0.211887	-2.764637	24.963000
0.098781	0.229824	-2.767415	25.063000
0.102221	0.294272	-2.876251	25.163000
0.105439	0.423107	-3.311380	25.263000
0.108587	0.582357	-3.825927	25.363000
0.111731	0.683872	-4.105261	25.463000
0.115096	0.686199	-4.106583	25.563000
0.118409	0.637999	-3.959186	25.663000
0.121671	0.592839	-3.778756	25.763000
0.125257	0.564704	-3.644566	25.863000
0.128433	0.550713	-3.570774	25.963000
0.131838	0.544641	-3.530454	26.063000
0.135021	0.541200	-3.509403	26.163000
0.138480	0.541750	-3.497239	26.263000
0.141549	0.543965	-3.502337	26.363000
0.144876	0.544174	-3.502924	26.463000
0.148267	0.542948	-3.499646	26.563000
0.151433	0.542540	-3.497116	26.663000
0.154849	0.542558	-3.491878	26.763000
0.158207	0.541820	-3.486359	26.863000
0.161565	0.541953	-3.492889	26.963000
0.164881	0.542871	-3.498455	27.063000
0.168240	0.543337	-3.497464	27.163000
0.171359	0.541803	-3.490572	27.263000
0.174746	0.540543	-3.487463	27.363000
0.178298	0.539805	-3.486253	27.463000
0.181531	0.539877	-3.480194	27.563000
0.184726	0.540954	-3.481182	27.663000
0.187964	0.542695	-3.481201	27.763000
0.191426	0.544185	-3.483466	27.863000
0.194490	0.544249	-3.487903	27.963000
0.198030	0.544181	-3.488184	28.063000
0.201225	0.544100	-3.487920	28.163000
0.204315	0.544088	-3.482987	28.263000
0.208013	0.543620	-3.472673	28.363000
0.211554	0.544339	-3.474729	28.463000
0.214714	0.544333	-3.484077	28.563000
0.218434	0.544336	-3.486676	28.663000
0.221816	0.544348	-3.488495	28.763000
0.224920	0.544359	-3.488526	28.863000
0.228308	0.544392	-3.487172	28.963000
0.231693	0.544589	-3.488993	29.063000
0.235084	0.544867	-3.489564	29.163000
0.238346	0.544189	-3.488122	29.263000
0.241729	0.544184	-3.488104	29.363000
0.245041	0.544416	-3.489546	29.463000
0.248627	0.546649	-3.493197	29.563000
0.252178	0.547529	-3.495301	29.663000
0.255394	0.548160	-3.496483	29.763000
0.258955	0.548366	-3.495528	29.863000
0.262189	0.547056	-3.486744	29.963000
0.265260	0.547889	-3.480535	30.063000
0.268780	0.547919	-3.479723	30.163000
0.272388	0.547211	-3.479187	30.263000
0.275387	0.548057	-3.482354	30.363000
0.279018	0.547247	-3.485282	30.463000
0.282292	0.546533	-3.481627	30.563000
0.285603	0.547110	-3.478516	30.663000
0.289262	0.549138	-3.479881	30.763000
0.292758	0.549383	-3.483658	30.863000
0.296108	0.550096	-3.485159	30.963000
0.299385	0.550199	-3.485412	31.063000
0.303177	0.549323	-3.483098	31.163000
0.306272	0.549326	-3.483002	31.263000
0.309647	0.549595	-3.484120	31.363000
0.313354	0.549264	-3.482451	31.463000
0.316536	0.549252	-3.469503	31.563000
0.319724	0.549360	-3.468636	31.663000
0.323377	0.550873	-3.475492	31.763000
0.326440	0.550731	-3.483115	31.863000
0.329878	0.549374	-3.481803	31.963000
0.333646	0.549245	-3.482405	32.063000
0.337053	0.549321	-3.483483	32.163000
0.340431	0.549310	-3.483487	32.263000
0.343976	0.549343	-3.483520	32.363000
0.347368	0.549386	-3.482342	32.463000
0.350687	0.549303	-3.470926	32.563000
0.354206	0.549392	-3.468729	32.663000
0.357580	0.551732	-3.468392	32.763000
0.360820	0.551670	-3.474442	32.863000
0.364502	0.551681	-3.482562	32.963000
0.367867	0.551622	-3.488337	33.063000
0.371309	0.551995	-3.488095	33.163000
0.374772	0.553455	-3.491923	33.263000
0.378299	0.553719	-3.488410	33.363000
0.381846	0.554726	-3.477361	33.463000
0.385494	0.556405	-3.469485	33.563000
0.388819	0.555461	-3.472965	33.663000
0.392081	0.556067	-3.472217	33.763000
0.395607	0.557168	-3.472348	33.863000
0.398903	0.557170	-3.475522	33.963000
0.402267	0.557452	-3.474186	34.063000
0.405877	0.556859	-3.480604	34.163000
0.409300	0.555008	-3.479981	34.263000
0.412819	0.554329	-3.479400	34.363000
0.416366	0.554260	-3.480720	34.463000
0.420023	0.554332	-3.478491	34.563000
0.423202	0.554250	-3.478816	34.663000
0.426790	0.554327	-3.478446	34.763000
0.430349	0.554437	-3.477764	34.863000
0.433419	0.554485	-3.477387	34.963000
0.436827	0.554840	-3.479597	35.063000
0.440409	0.554786	-3.476911	35.164000
0.443917	0.556760	-3.470201	35.263000
0.447192	0.558529	-3.472683	35.363000
0.450617	0.559349	-3.474018	35.463000
0.454033	0.560299	-3.476043	35.563000
0.457636	0.559179	-3.483393	35.663000
0.461290	0.560728	-3.479266	35.763000
0.464596	0.560416	-3.472858	35.863000
0.468066	0.559008	-3.470322	35.963000
0.471511	0.558507	-3.472296	36.063000
0.475062	0.559051	-3.473367	36.163000
0.478343	0.559190	-3.472289	36.263000
0.481953	0.559316	-3.460593	36.363000
0.485235	0.559690	-3.470991	36.463000
0.488680	0.559600	-3.466641	36.563000
0.492315	0.560334	-3.462810	36.664000
0.495685	0.561392	-3.466173	36.763000
0.499105	0.561216	-3.476108	36.863000
0.502793	0.561380	-3.478328	36.963000
0.505998	0.561466	-3.478475	37.063000
0.509477	0.562424	-3.480310	37.163000
0.513065	0.561730	-3.478999	37.263000
0.516322	0.562550	-3.478405	37.363000
0.519684	0.563821	-3.471939	37.463000
0.523387	0.564093	-3.468755	37.563000
0.526871	0.564222	-3.469122	37.663000
0.530247	0.564062	-3.468662	37.763000
0.533960	0.562218	-3.456349	37.863000
0.537640	0.561570	-3.450665	37.963000
0.541068	0.561807	-3.451870	38.063000
0.544630	0.563635	-3.455272	38.163000
0.548320	0.564168	-3.456260	38.263000
0.551498	0.564004	-3.456347	38.363000
0.554977	0.564081	-3.465865	38.463000
0.558599	0.564095	-3.457702	38.563000
0.562002	0.564165	-3.456239	38.663000
0.565263	0.564311	-3.461139	38.763000
0.569196	0.564188	-3.465468	38.863000
0.572558	0.564147	-3.456227	38.963000
0.575946	0.564452	-3.454497	39.063000
0.579565	0.565950	-3.450256	39.163000
0.582800	0.566425	-3.460792	39.263000
0.586322	0.566702	-3.474781	39.363000
0.589931	0.567368	-3.477339	39.463000
0.593355	0.567683	-3.470795	39.563000
0.596829	0.566631	-3.461561	39.663000
0.600240	0.566734	-3.455478	39.763000
0.603588	0.566557	-3.448309	39.863000
0.607000	0.567344	-3.449880	39.963000
0.610674	0.568673	-3.452375	40.063000
0.613924	0.571064	-3.448510	40.163000
0.617526	0.570895	-3.454532	40.263000
0.621013	0.570964	-3.462680	40.363000
0.624634	0.569470	-3.464627	40.463000
0.628132	0.569300	-3.461917	40.563000
0.631718	0.569298	-3.455325	40.663000
0.635097	0.570045	-3.451198	40.763000
0.638564	0.570753	-3.445843	40.863000
0.641978	0.569231	-3.441315	40.963000
0.645544	0.567164	-3.447281	41.063000
0.648850	0.566783	-3.448788	41.163000
0.652597	0.569075	-3.453106	41.263000
0.656094	0.569524	-3.453450	41.363000
0.659498	0.570689	-3.449474	41.463000
0.663180	0.571660	-3.445917	41.563000
0.666901	0.573709	-3.447789	41.663000
0.670181	0.572463	-3.446648	41.763000
0.673770	0.571647	-3.445918	41.863000
0.677170	0.571505	-3.446672	41.963000
0.680554	0.570870	-3.448571	42.063000
0.684230	0.571755	-3.446880	42.163000
0.687674	0.571210	-3.447983	42.263000
0.691191	0.572571	-3.448814	42.363000
0.694664	0.573596	-3.447707	42.463000
0.698396	0.574202	-3.448361	42.563000
0.701783	0.574256	-3.448500	42.663000
0.705526	0.574337	-3.448644	42.763000
0.709369	0.574278	-3.448511	42.863000
0.712929	0.574358	-3.447863	42.963000
0.716199	0.574205	-3.438523	43.063000
0.719883	0.574634	-3.435022	43.163000
0.723255	0.575334	-3.432885	43.263000
0.726994	0.574314	-3.438957	43.363000
0.730516	0.576738	-3.452880	43.463000
0.734000	0.578417	-3.456013	43.563000
0.737285	0.578918	-3.457805	43.663000
0.740887	0.579116	-3.458205	43.763000
0.744837	0.579324	-3.458641	43.863000
0.748420	0.579261	-3.456444	43.963000
0.752130	0.579364	-3.445916	44.063000
0.755385	0.579259	-3.437004	44.163000
0.758849	0.579268	-3.435052	44.263000
0.762759	0.579210	-3.434859	44.363000
0.766002	0.579348	-3.433526	44.463000
0.769475	0.579197	-3.433379	44.563000
0.773202	0.578819	-3.433078	44.663000
0.776468	0.579272	-3.433456	44.763000
0.780076	0.580728	-3.437524	44.863000
0.783823	0.579749	-3.445112	44.963000
0.787155	0.579274	-3.445133	45.063000
0.790713	0.579331	-3.438078	45.163000
0.794297	0.580234	-3.435715	45.263000
0.798006	0.581664	-3.436327	45.363000
0.801398	0.581657	-3.436610	45.463000
0.805064	0.581756	-3.436831	45.563000
0.808607	0.581666	-3.436198	45.663000
0.811739	0.581729	-3.436426	45.763000
0.815504	0.582349	-3.438159	45.863000
0.819246	0.583906	-3.442879	45.963000
0.822516	0.584124	-3.443168	46.063000
0.826186	0.584191	-3.443250	46.163000
0.829996	0.584318	-3.443369	46.263000
0.833497	0.584290	-3.443305	46.363000
0.837033	0.584822	-3.442122	46.463000
0.840769	0.584643	-3.441980	46.563000
0.844204	0.584133	-3.442445	46.663000
0.847979	0.581910	-3.436527	46.763000
0.851464	0.582526	-3.438584	46.863000
0.854817	0.583740	-3.442028	46.963000
0.858447	0.584568	-3.441523	47.063000
0.862117	0.585647	-3.438050	47.163000
0.865643	0.586700	-3.434374	47.263000
0.868933	0.586098	-3.431396	47.363000
0.872926	0.585345	-3.421044	47.463000
0.876262	0.586083	-3.419898	47.563000
0.879937	0.586693	-3.421487	47.663000
0.883533	0.586867	-3.422307	47.763000
0.887110	0.586776	-3.428908	47.863000
0.890188	0.586870	-3.429245	47.963000
0.894467	0.586783	-3.431704	48.063000
0.897630	0.586624	-3.427253	48.164000
0.901187	0.586770	-3.423541	48.263000
0.904686	0.586869	-3.424214	48.363000
0.907991	0.587378	-3.426680	48.463000
0.911595	0.588739	-3.425216	48.563000
0.915874	0.589296	-3.426307	48.663000
0.919734	0.589301	-3.426296	48.763000
0.923089	0.589050	-3.425838	48.863000
0.926815	0.589244	-3.426187	48.963000
0.930265	0.589780	-3.427327	49.063000
0.933549	0.591114	-3.430087	49.163000
0.937191	0.591442	-3.428016	49.263000
0.940632	0.591614	-3.430448	49.363000
0.944347	0.591669	-3.431078	49.463000
0.948105	0.591676	-3.431090	49.563000
0.951346	0.591688	-3.431083	49.663000
0.955178	0.591671	-3.431054	49.763000
0.959012	0.591866	-3.431239	49.863000
0.962830	0.591887	-3.431325	49.963000
0.966117	0.592558	-3.422154	50.063000
0.969907	0.592567	-3.414546	50.163000
0.973527	0.594103	-3.408806	50.263000
0.977011	0.593758	-3.410148	50.363000
0.980623	0.593672	-3.414876	50.463000
0.984076	0.592803	-3.418079	50.563000
0.987749	0.592154	-3.415656	50.663000
0.991275	0.593021	-3.412755	50.763000
0.994984	0.593994	-3.410298	50.863000
0.998681	0.595878	-3.412573	50.963000
1.002287	0.594711	-3.409716	51.063000
1.006176	0.593776	-3.410544	51.163000
1.009354	0.593420	-3.411158	51.263000
1.013220	0.593322	-3.412685	51.363000
1.016798	0.595238	-3.411566	51.463000
1.020288	0.595839	-3.412095	51.563000
1.023639	0.596282	-3.413037	51.663000
1.027430	0.596226	-3.412393	51.763000
1.031082	0.596380	-3.408456	51.863000
1.034661	0.596564	-3.411321	51.963000
1.038311	0.596531	-3.413524	52.063000
1.041903	0.596504	-3.413507	52.163000
1.045714	0.596581	-3.413641	52.263000
1.049096	0.596663	-3.413838	52.363000
1.052885	0.596804	-3.414089	52.463000
1.056519	0.596657	-3.413808	52.563000
1.060465	0.596821	-3.413645	52.663000
1.063800	0.597984	-3.408292	52.763000
1.067251	0.597701	-3.401829	52.863000
1.071312	0.597043	-3.399362	52.963000
1.074774	0.599127	-3.403155	53.063000
1.078163	0.599124	-3.403556	53.163000
1.081514	0.599538	-3.401761	53.263000
1.084975	0.599128	-3.395724	53.363000
1.088801	0.599091	-3.401885	53.463000
1.092735	0.599224	-3.405036	53.563000
1.096546	0.600723	-3.405214	53.664000
1.099776	0.600550	-3.394823	53.763000
1.103533	0.599493	-3.391914	53.863000
1.107241	0.599112	-3.391416	53.963000
1.110436	0.599384	-3.390510	54.063000
1.114524	0.599802	-3.391252	54.163000
1.117947	0.601241	-3.395882	54.263000
1.121392	0.601645	-3.396662	54.363000
1.125196	0.601317	-3.395705	54.463000
1.128775	0.601341	-3.396066	54.563000
1.132301	0.600372	-3.392446	54.663000
1.136142	0.600481	-3.391562	54.763000
1.139730	0.600797	-3.394942	54.863000
1.143482	0.601474	-3.396280	54.963000
1.147096	0.601515	-3.396440	55.064000
1.150336	0.601582	-3.395065	55.163000
1.153701	0.602372	-3.387017	55.264000
1.157549	0.601494	-3.388823	55.363000
1.161288	0.602083	-3.396533	55.464000
1.164529	0.601405	-3.387578	55.563000
1.168266	0.603457	-3.382798	55.663000
1.171950	0.604150	-3.386674	55.763000
1.175394	0.605326	-3.384143	55.863000
1.179181	0.604187	-3.387542	55.963000
1.182759	0.603587	-3.388085	56.063000
1.186348	0.602583	-3.387537	56.163000
1.189945	0.601828	-3.393924	56.263000
1.193555	0.603454	-3.389569	56.363000
1.197077	0.603729	-3.388219	56.463000
1.200737	0.603345	-3.387085	56.563000
1.204464	0.605866	-3.381811	56.663000
1.208173	0.606411	-3.380938	56.763000
1.211570	0.606386	-3.380957	56.863000
1.215750	0.606174	-3.381260	56.963000
1.219190	0.606105	-3.380373	57.063000
1.222778	0.605035	-3.378191	57.163000
1.226596	0.606480	-3.381122	57.264000
1.230254	0.608075	-3.384241	57.363000
1.233431	0.608789	-3.385680	57.463000
1.237552	0.609116	-3.386312	57.563000
1.241294	0.608336	-3.380223	57.663000
1.244710	0.606600	-3.368207	57.764000
1.248351	0.606585	-3.360828	57.863000
1.251890	0.606647	-3.365128	57.963000
1.255693	0.606558	-3.370786	58.064000
1.259686	0.608298	-3.383867	58.163000
1.263034	0.609133	-3.386292	58.263000
1.266549	0.609928	-3.385796	58.363000
1.270884	0.610745	-3.378980	58.464000
1.273839	0.611296	-3.378093	58.563000
1.277860	0.609247	-3.373904	58.663000
1.281169	0.609191	-3.373785	58.763000
1.284852	0.610318	-3.375745	58.863000
1.288774	0.611206	-3.377536	58.963000
1.292739	0.611626	-3.370071	59.063000
1.296880	0.611780	-3.369657	59.163000
1.300179	0.611526	-3.375006	59.263000
1.303593	0.610989	-3.377481	59.363000
1.306887	0.609715	-3.367061	59.463000
1.310334	0.609611	-3.361985	59.563000
1.314686	0.609418	-3.361560	59.663000
1.317759	0.609442	-3.361594	59.763000
1.321981	0.611052	-3.365074	59.863000
1.325059	0.611291	-3.365585	59.963000
1.329543	0.611372	-3.366120	60.063000
1.332211	0.611451	-3.365884	60.163000
1.336446	0.611075	-3.365113	60.263000
1.339361	0.611388	-3.365734	60.363000
1.344024	0.611292	-3.365559	60.463000
1.347570	0.611528	-3.366044	60.563000
1.351166	0.611539	-3.366062	60.663000
1.354917	0.611925	-3.366800	60.763000
1.358570	0.614461	-3.362312	60.863000
1.362326	0.614112	-3.355790	60.963000
1.365826	0.614782	-3.359972	61.063000
1.369121	0.615231	-3.360967	61.163000
1.373080	0.614496	-3.358572	61.263000
1.376709	0.614176	-3.358277	61.363000
1.380311	0.615880	-3.354632	61.463000
1.384004	0.616571	-3.359268	61.563000
1.387810	0.616557	-3.362508	61.663000
1.391290	0.616636	-3.359508	61.763000
1.395498	0.616482	-3.349006	61.863000
1.398971	0.614753	-3.346582	61.963000
1.402372	0.614080	-3.332490	62.063000
1.406427	0.614827	-3.332650	62.163000
1.409707	0.616702	-3.340245	62.263000
1.413207	0.617579	-3.340145	62.363000
1.417095	0.617197	-3.338984	62.463000
1.421129	0.616569	-3.336923	62.563000
1.424384	0.616704	-3.336853	62.663000
1.428105	0.616798	-3.337964	62.763000
1.431861	0.616611	-3.340348	62.863000
1.435145	0.616603	-3.339341	62.963000
1.439351	0.617195	-3.337429	63.063000
1.442983	0.617570	-3.333506	63.163000
1.445843	0.619527	-3.329623	63.263000
1.450165	0.619934	-3.331281	63.363000
1.454412	0.619268	-3.339325	63.463000
1.456642	0.618898	-3.340840	63.563000
1.460130	0.618978	-3.340635	63.663000
1.464346	0.620938	-3.334382	63.763000
1.468254	0.621332	-3.333442	63.863000
1.471802	0.621416	-3.333640	63.963000
1.474926	0.619847	-3.339087	64.063000
1.477955	0.619675	-3.339179	64.163000
1.482018	0.620672	-3.335235	64.263000
1.486915	0.620860	-3.335484	64.363000
1.489481	0.621367	-3.333894	64.463000
1.493412	0.620954	-3.332673	64.563000
1.496715	0.619430	-3.329804	64.663000
1.501230	0.620681	-3.327444	64.763000
1.504273	0.621333	-3.322536	64.863000
1.507368	0.621511	-3.323278	64.963000
1.511215	0.621584	-3.322168	65.063000
1.515030	0.621416	-3.321127	65.163000
1.518804	0.621513	-3.322192	65.263000
1.522474	0.621418	-3.322951	65.363000
1.526124	0.621509	-3.321285	65.463000
1.529876	0.621437	-3.321151	65.563000
1.533198	0.621579	-3.320649	65.663000
1.536836	0.621728	-3.321382	65.763000
1.540656	0.623293	-3.326376	65.863000
1.544199	0.624249	-3.326682	65.963000
1.547620	0.624075	-3.326366	66.063000
1.551398	0.622451	-3.322034	66.163000
1.555073	0.621817	-3.319960	66.263000
1.558877	0.622369	-3.322569	66.363000
1.561439	0.623002	-3.324273	66.463000
1.561261	0.624638	-3.324171	66.563000
1.560135	0.625977	-3.318283	66.663000
1.559423	0.626012	-3.319049	66.763000
1.558101	0.625369	-3.328986	66.863000
1.555306	0.625501	-3.330410	66.963000
1.554849	0.624108	-3.325928	67.063000
1.551945	0.624363	-3.325103	67.163000
1.549932	0.624000	-3.326135	67.263000
1.548216	0.624338	-3.326897	67.363000
1.545096	0.623939	-3.326067	67.463000
1.543473	0.624076	-3.326353	67.563000
1.540800	0.622795	-3.323869	67.663000
1.538045	0.621896	-3.320877	67.763000
1.535585	0.622196	-3.322681	67.863000
1.533519	0.622683	-3.323645	67.963000
1.530551	0.623413	-3.325488	68.063000
1.528014	0.622318	-3.326148	68.164000
1.525217	0.622545	-3.330343	68.264000
1.522426	0.622335	-3.322946	68.363000
1.519886	0.621482	-3.320915	68.463000
1.516770	0.621885	-3.319752	68.563000
1.513817	0.621332	-3.322986	68.663000
1.510584	0.621493	-3.327833	68.763000
1.508517	0.621396	-3.324264	68.863000
1.506337	0.622588	-3.334722	68.963000
1.502305	0.623972	-3.338504	69.063000
1.499851	0.623154	-3.337367	69.163000
1.497115	0.620494	-3.338167	69.263000
1.493822	0.619098	-3.340929	69.363000
1.490974	0.619503	-3.345051	69.464000
1.488244	0.619689	-3.342889	69.563000
1.485168	0.620668	-3.338698	69.663000
1.482452	0.622811	-3.336784	69.763000
1.479404	0.622479	-3.336033	69.863000
1.475793	0.621555	-3.333919	69.963000
1.472616	0.622368	-3.335465	70.063000
1.469682	0.623664	-3.337885	70.163000
1.466192	0.623607	-3.338889	70.263000
1.463260	0.622698	-3.342277	70.363000
1.460505	0.620642	-3.344082	70.463000
1.457235	0.619047	-3.341168	70.563000
1.453960	0.619710	-3.339406	70.663000
1.451053	0.620978	-3.334994	70.763000
1.447753	0.620112	-3.337380	70.863000
1.444768	0.618963	-3.337661	70.963000
1.441936	0.618974	-3.329921	71.063000
1.438787	0.620242	-3.331192	71.163000
1.435425	0.619105	-3.328766	71.263000
1.432277	0.619115	-3.329942	71.363000
1.429358	0.618655	-3.341203	71.463000
1.425871	0.619115	-3.341369	71.563000
1.423096	0.618386	-3.339063	71.663000
1.419744	0.616917	-3.337402	71.763000
1.416571	0.616819	-3.346860	71.863000
1.413543	0.617118	-3.350269	71.963000
1.410623	0.616722	-3.349100	72.063000
1.407142	0.616705	-3.349076	72.163000
1.403581	0.616629	-3.348845	72.263000
1.400995	0.616574	-3.348622	72.363000
1.396791	0.616550	-3.348608	72.463000
1.394626	0.616890	-3.349581	72.563000
1.390614	0.616558	-3.348621	72.663000
1.386993	0.616698	-3.349048	72.763000
1.384234	0.616541	-3.348624	72.863000
1.381488	0.615609	-3.347836	72.963000
1.378215	0.614252	-3.346091	73.063000
1.374896	0.614089	-3.345953	73.163000
1.371468	0.614997	-3.351621	73.263000
1.367383	0.616221	-3.364454	73.363000
1.365214	0.614770	-3.369434	73.463000
1.361345	0.613119	-3.368020	73.563000
1.358556	0.611853	-3.366669	73.663000
1.355026	0.611520	-3.366427	73.763000
1.352042	0.611615	-3.366203	73.863000
1.348591	0.611526	-3.366066	73.963000
1.345466	0.612060	-3.367119	74.063000
1.341769	0.611623	-3.366229	74.163000
1.338393	0.611437	-3.365876	74.263000
1.335160	0.611753	-3.365724	74.363000
1.332212	0.611539	-3.366063	74.463000
1.328909	0.611864	-3.366681	74.563000
1.325624	0.611771	-3.366533	74.663000
1.322737	0.611697	-3.366362	74.763000
1.318925	0.611612	-3.366210	74.863000
1.315165	0.611442	-3.365878	74.963000
1.312254	0.611541	-3.366060	75.063000
1.308678	0.611530	-3.366026	75.163000
1.305561	0.611437	-3.365874	75.263000
1.302181	0.611306	-3.365578	75.363000
1.299371	0.611289	-3.365479	75.463000
1.295607	0.611241	-3.365494	75.563000
1.292546	0.609501	-3.360893	75.663000
1.289193	0.609134	-3.360871	75.763000
1.285895	0.609128	-3.360864	75.863000
1.282647	0.609206	-3.375001	75.963000
1.279125	0.610268	-3.388623	76.063000
1.275546	0.609350	-3.382326	76.163000
1.272661	0.610029	-3.377025	76.263000
1.269016	0.609273	-3.373944	76.363000
1.265691	0.609112	-3.373620	76.463000
1.262608	0.609258	-3.369624	76.563000
1.259255	0.609120	-3.362499	76.664000
1.255863	0.609100	-3.362351	76.763000
1.252734	0.609171	-3.372250	76.863000
1.249402	0.609115	-3.381448	76.963000
1.245768	0.608733	-3.385558	77.063000
1.243090	0.606900	-3.376556	77.163000
1.239381	0.606660	-3.365372	77.263000
1.235854	0.606539	-3.364194	77.363000
1.232884	0.606572	-3.378196	77.463000
1.229800	0.606606	-3.381437	77.563000
1.226153	0.604988	-3.385899	77.663000
1.222776	0.606228	-3.382209	77.763000
1.219729	0.606124	-3.380680	77.863000
1.216147	0.606315	-3.380766	77.964000
1.212608	0.605902	-3.382369	78.063000
1.209767	0.604062	-3.387914	78.163000
1.205869	0.605937	-3.383114	78.263000
1.202786	0.606706	-3.381532	78.363000
1.199486	0.605186	-3.385418	78.463000
1.196071	0.604733	-3.388860	78.563000
1.192490	0.606791	-3.381842	78.663000
1.189364	0.606573	-3.381254	78.763000
1.185775	0.606480	-3.381461	78.863000
1.182444	0.604406	-3.387249	78.963000
1.179274	0.604132	-3.389265	79.063000
1.175757	0.604043	-3.392738	79.163000
1.172333	0.604049	-3.389455	79.263000
1.169042	0.604371	-3.387402	79.363000
1.165567	0.603889	-3.387454	79.463000
1.162137	0.603211	-3.386067	79.563000
1.158635	0.603138	-3.387702	79.663000
1.155494	0.602995	-3.388224	79.763000
1.151851	0.602580	-3.391323	79.863000
1.148747	0.603741	-3.392622	79.963000
1.145254	0.601416	-3.387095	80.063000
1.141835	0.601462	-3.386570	80.163000
1.138511	0.601384	-3.391152	80.263000
1.135254	0.601254	-3.395585	80.363000
1.131675	0.601719	-3.396856	80.463000
1.128537	0.601800	-3.396992	80.563000
1.125064	0.601729	-3.396856	80.663000
1.121208	0.601548	-3.399524	80.763000
1.117737	0.601642	-3.405103	80.867000
1.114345	0.603617	-3.402132	80.963000
1.110910	0.602719	-3.398752	81.063000
1.107674	0.601807	-3.397000	81.163000
1.104673	0.601335	-3.396057	81.263000
1.100755	0.601005	-3.392663	81.363000
1.097389	0.601170	-3.393189	81.463000
1.094335	0.601091	-3.395627	81.563000
1.090706	0.601372	-3.397010	81.663000
1.087324	0.600568	-3.404993	81.763000
1.083792	0.599055	-3.403771	81.863000
1.080152	0.599113	-3.401898	81.963000
1.076748	0.599032	-3.397601	82.063000
1.073457	0.598973	-3.404091	82.163000
1.069658	0.598745	-3.404517	82.263000
1.066321	0.598146	-3.406075	82.363000
1.063381	0.597506	-3.409391	82.463000
1.059712	0.597489	-3.409404	82.563000
1.056278	0.597080	-3.411993	82.663000
1.052996	0.597472	-3.411754	82.763000
1.049511	0.598762	-3.404956	82.863000
1.046180	0.597462	-3.411281	82.963000
1.042372	0.596759	-3.413997	83.063000
1.039174	0.596726	-3.413483	83.163000
1.035278	0.596724	-3.413952	83.263000
1.032125	0.596590	-3.412729	83.363000
1.028339	0.596666	-3.409221	83.463000
1.024875	0.596361	-3.399904	83.563000
1.021563	0.594808	-3.405463	83.663000
1.018410	0.595656	-3.411747	83.763000
1.014495	0.595805	-3.412052	83.863000
1.011246	0.594909	-3.413926	83.963000
1.007734	0.592436	-3.421418	84.063000
1.004368	0.591743	-3.428660	84.163000
1.000932	0.592315	-3.418027	84.263000
0.997195	0.593758	-3.410216	84.363000
0.993554	0.594309	-3.400081	84.463000
0.990261	0.594686	-3.400357	84.563000
0.986889	0.594624	-3.408588	84.663000
0.983278	0.594445	-3.409220	84.763000
0.980119	0.593466	-3.411056	84.863000
0.976580	0.592210	-3.414350	84.964000
0.973000	0.592501	-3.410087	85.063000
0.969644	0.593553	-3.410876	85.163000
0.966257	0.594094	-3.409203	85.263000
0.962419	0.593984	-3.409875	85.363000
0.959390	0.591838	-3.416234	85.463000
0.955855	0.591789	-3.416482	85.563000
0.952327	0.591655	-3.424331	85.663000
0.948916	0.591759	-3.431158	85.763000
0.945464	0.591690	-3.431106	85.863000
0.941838	0.591597	-3.431305	85.963000
0.938476	0.590854	-3.432147	86.063000
0.935033	0.589463	-3.437119	86.163000
0.931407	0.589954	-3.432954	86.263000
0.927972	0.589429	-3.429545	86.363000
0.924637	0.589285	-3.429255	86.463000
0.921095	0.587660	-3.423084	86.563000
0.917503	0.587086	-3.417508	86.663000
0.913837	0.588018	-3.407980	86.763000
0.910092	0.589041	-3.412591	86.863000
0.906769	0.589198	-3.425697	86.963000
0.903509	0.589380	-3.428784	87.063000
0.899882	0.587335	-3.422777	87.163000
0.896487	0.588937	-3.426006	87.263000
0.893136	0.589339	-3.426767	87.363000
0.889378	0.588814	-3.425384	87.463000
0.886306	0.586787	-3.421363	87.563000
0.882751	0.586318	-3.420384	87.663000
0.878984	0.585611	-3.420889	87.763000
0.875508	0.586435	-3.427168	87.863000
0.872268	0.586544	-3.421223	87.963000
0.868838	0.586774	-3.421303	88.063000
0.865119	0.586838	-3.421437	88.163000
0.861718	0.586769	-3.429168	88.263000
0.858014	0.586589	-3.434294	88.363000
0.854598	0.586456	-3.434364	88.463000
0.851224	0.585869	-3.433075	88.563000
0.847658	0.585496	-3.433235	88.663000
0.844226	0.582398	-3.436811	88.763000
0.840776	0.581817	-3.436692	88.863000
0.837146	0.581657	-3.436217	88.963000
0.833373	0.581810	-3.436245	89.063000
0.829845	0.582078	-3.435987	89.163000
0.826516	0.581593	-3.433659	89.263000
0.822800	0.581342	-3.424990	89.363000
0.819319	0.579596	-3.430843	89.463000
0.816062	0.577937	-3.431029	89.563000
0.812399	0.579011	-3.433085	89.663000
0.808928	0.579397	-3.432921	89.763000
0.805445	0.581435	-3.425181	89.863000
0.801610	0.581111	-3.425889	89.963000
0.798448	0.581286	-3.425761	90.063000
0.794990	0.581433	-3.424683	90.163000
0.791319	0.580382	-3.428973	90.263000
0.787633	0.579877	-3.434114	90.363000
0.784194	0.579431	-3.433614	90.463000
0.780490	0.579251	-3.435839	90.563000
0.777137	0.579212	-3.445495	90.663000
0.773862	0.579309	-3.440836	90.763000
0.770170	0.577971	-3.441192	90.863000
0.766606	0.578430	-3.440774	90.963000
0.763515	0.578657	-3.434314	91.063000
0.759798	0.577992	-3.436542	91.163000
0.756202	0.576899	-3.441367	91.263000
0.752786	0.576888	-3.435137	91.363000
0.749066	0.578505	-3.432116	91.463000
0.745462	0.578953	-3.440188	91.563000
0.742106	0.579194	-3.446243	91.663000
0.738565	0.579345	-3.445989	91.763000
0.734935	0.579174	-3.445104	91.863000
0.731423	0.579263	-3.446309	91.963000
0.727736	0.579013	-3.451304	92.063000
0.724383	0.578540	-3.449029	92.163000
0.721170	0.579033	-3.446814	92.263000
0.717526	0.579108	-3.446060	92.363000
0.714006	0.577654	-3.437035	92.463000
0.710412	0.576987	-3.437582	92.563000
0.706786	0.576969	-3.441474	92.663000
0.702871	0.575657	-3.438846	92.763000
0.699738	0.575061	-3.440290	92.863000
0.695974	0.575502	-3.451030	92.963000
0.692386	0.575869	-3.451790	93.063000
0.689024	0.575257	-3.455806	93.163000
0.685321	0.574823	-3.458269	93.263000
0.681823	0.573675	-3.459627	93.363000
0.678500	0.573656	-3.456141	93.463000
0.674890	0.573807	-3.452055	93.563000
0.671309	0.573811	-3.450526	93.663000
0.667651	0.574265	-3.448528	93.763000
0.664294	0.573072	-3.450133	93.863000
0.660741	0.570267	-3.454235	93.963000
0.657490	0.570861	-3.452730	94.063000
0.653959	0.571585	-3.455251	94.163000
0.650299	0.571137	-3.455175	94.263000
0.646627	0.570651	-3.454978	94.363000
0.643248	0.569998	-3.454305	94.463000
0.639536	0.570764	-3.448901	94.563000
0.636154	0.570260	-3.448824	94.663000
0.632723	0.568381	-3.452943	94.763000
0.628946	0.568564	-3.453851	94.863000
0.625390	0.570804	-3.448398	94.963000
0.621851	0.571562	-3.446160	95.063000
0.618138	0.571252	-3.446270	95.163000
0.614487	0.569034	-3.452205	95.263000
0.611029	0.566839	-3.460467	95.363000
0.607548	0.566621	-3.455990	95.463000
0.603912	0.566216	-3.459537	95.564000
0.600447	0.564941	-3.457817	95.663000
0.597168	0.566137	-3.460554	95.763000
0.593508	0.566534	-3.462354	95.863000
0.590106	0.566619	-3.461126	95.963000
0.586162	0.566787	-3.461436	96.063000
0.582851	0.567247	-3.462386	96.163000
0.579195	0.566780	-3.461449	96.263000
0.575805	0.567103	-3.465103	96.369000
0.571889	0.566894	-3.464134	96.463000
0.568706	0.566944	-3.462752	96.563000
0.565130	0.566700	-3.461766	96.663000
0.561566	0.566434	-3.460820	96.763000
0.558065	0.566535	-3.461946	96.863000
0.554627	0.566460	-3.465069	96.963000
0.550704	0.565976	-3.473345	97.063000
0.547523	0.566378	-3.475381	97.163000
0.543954	0.566227	-3.474993	97.263000
0.540289	0.564717	-3.470638	97.363000
0.537106	0.564153	-3.467800	97.463000
0.533542	0.564134	-3.468759	97.563000
0.529889	0.562878	-3.467654	97.663000
0.526432	0.562889	-3.467676	97.763000
0.522863	0.564156	-3.468976	97.863000
0.519243	0.564392	-3.467321	97.963000
0.515899	0.564079	-3.468876	98.063000
0.512478	0.562750	-3.467391	98.163000
0.508716	0.562625	-3.471105	98.263000
0.505108	0.561457	-3.477678	98.363000
0.501561	0.561150	-3.477261	98.463000
0.497929	0.559327	-3.459938	98.563000
0.494131	0.559576	-3.457419	98.663000
0.490683	0.561622	-3.466247	98.763000
0.486710	0.563709	-3.468879	98.863000
0.483423	0.563494	-3.470529	98.963000
0.479804	0.562661	-3.480793	99.063000
0.476121	0.561368	-3.478776	99.163000
0.472562	0.561301	-3.478192	99.263000
0.469137	0.561215	-3.478032	99.363000
0.465510	0.560852	-3.477254	99.463000
0.461951	0.559176	-3.479176	99.563000
0.458417	0.557557	-3.480282	99.663000
0.454449	0.556669	-3.483808	99.763000
0.450806	0.556412	-3.483985	99.863000
0.447372	0.556887	-3.483974	99.964000
0.443641	0.556063	-3.478394	100.063000
0.439993	0.554540	-3.477637	100.163000
0.436608	0.554780	-3.476275	100.263000
0.433000	0.556575	-3.469300	100.363000
0.429215	0.556635	-3.468562	100.463000
0.425844	0.556593	-3.468400	100.563000
0.422187	0.554919	-3.464963	100.663000
0.418436	0.554484	-3.464081	100.763000
0.415028	0.556179	-3.467586	100.863000
0.411278	0.556943	-3.469108	100.963000
0.407345	0.556584	-3.475583	101.063000
0.404021	0.553806	-3.477899	101.163000
0.400170	0.552006	-3.478812	101.263000
0.396575	0.551671	-3.473993	101.363000
0.393099	0.551758	-3.473702	101.464000
0.389416	0.552749	-3.469417	101.563000
0.385774	0.554010	-3.463613	101.663000
0.382458	0.554326	-3.463776	101.764000
0.378763	0.556530	-3.468286	101.863000
0.375197	0.555607	-3.466566	101.963000
0.371728	0.552643	-3.472586	102.063000
0.367749	0.552099	-3.474285	102.163000
0.364158	0.552238	-3.475021	102.263000
0.360631	0.554273	-3.478143	102.363000
0.356866	0.555768	-3.471694	102.463000
0.353257	0.553201	-3.474243	102.563000
0.349598	0.551768	-3.487734	102.663000
0.346049	0.550082	-3.485102	102.763000
0.342555	0.549895	-3.484699	102.863000
0.339057	0.551441	-3.487943	102.963000
0.335593	0.551705	-3.485189	103.063000
0.331640	0.550372	-3.485291	103.163000
0.328165	0.549399	-3.483651	103.263000
0.324434	0.549410	-3.483645	103.363000
0.320732	0.549394	-3.483596	103.463000
0.317121	0.549329	-3.473808	103.563000
0.313532	0.550500	-3.471925	103.663000
0.309705	0.551695	-3.480319	103.763000
0.306039	0.551781	-3.487627	103.863000
0.302631	0.551551	-3.487278	103.963000
0.298985	0.550047	-3.484970	104.063000
0.295527	0.549338	-3.483553	104.163000
0.292266	0.549307	-3.483881	104.263000
0.288314	0.549122	-3.483098	104.363000
0.284865	0.548927	-3.483102	104.463000
0.281187	0.549179	-3.495227	104.563000
0.277272	0.549105	-3.496927	104.663000
0.273485	0.548380	-3.485723	104.763000
0.270237	0.549177	-3.483175	104.863000
0.266389	0.547598	-3.487566	104.963000
0.262618	0.546641	-3.493173	105.063000
0.259486	0.544976	-3.486401	105.163000
0.255684	0.544433	-3.475494	105.264000
0.252238	0.546473	-3.477631	105.363000
0.248805	0.546881	-3.478484	105.463000
0.244969	0.546766	-3.478188	105.563000
0.241241	0.546925	-3.489027	105.663000
0.237763	0.546958	-3.493764	105.763000
0.234305	0.545702	-3.490096	105.863000
0.230558	0.544331	-3.475383	105.963000
0.226995	0.544608	-3.474027	106.063000
0.223388	0.545958	-3.476646	106.163000
0.219580	0.545542	-3.482169	106.263000
0.216365	0.544360	-3.488471	106.363000
0.212682	0.544503	-3.489236	106.463000
0.208940	0.544324	-3.490766	106.563000
0.205612	0.544336	-3.492151	106.663000
0.201875	0.544306	-3.489546	106.763000
0.198236	0.542360	-3.483656	106.863000
0.194753	0.542688	-3.484337	106.963000
0.191084	0.542490	-3.483341	107.063000
0.187453	0.542197	-3.482523	107.163000
0.184311	0.541814	-3.481023	107.263000
0.180595	0.541811	-3.481370	107.363000
0.176568	0.541703	-3.481121	107.463000
0.173500	0.542610	-3.483655	107.563000
0.169563	0.544026	-3.487683	107.663000
0.165869	0.544173	-3.488146	107.763000
0.162497	0.544255	-3.491500	107.863000
0.158938	0.543774	-3.497197	107.963000
0.155066	0.543024	-3.499796	108.063000
0.151132	0.541569	-3.493624	108.163000
0.147670	0.541136	-3.482575	108.263000
0.143877	0.541730	-3.483126	108.363000
0.140294	0.541972	-3.491353	108.463000
0.136788	0.541245	-3.495032	108.563000
0.133057	0.539442	-3.484134	108.663000
0.129513	0.539372	-3.478392	108.763000
0.126126	0.539453	-3.480404	108.863000
0.122157	0.539355	-3.478151	108.963000
0.118723	0.540457	-3.488345	109.063000
0.115212	0.559276	-3.523159	109.163000
0.111325	0.621615	-3.657844	109.263000
0.107534	0.686246	-3.832045	109.363000
0.104168	0.672950	-3.852164	109.463000
0.100510	0.566902	-3.727824	109.563000
0.096812	0.434560	-3.542168	109.663000
0.093281	0.332846	-3.334983	109.763000
0.089478	0.271971	-3.122639	109.863000
0.086140	0.241001	-2.959785	109.963000
0.082738	0.226866	-2.864298	110.063000
0.078941	0.219131	-2.825895	110.163000
0.075316	0.214720	-2.785926	110.263000
0.071923	0.211591	-2.758066	110.363000
0.067865	0.211433	-2.756793	110.463000
0.063867	0.211141	-2.756789	110.563000
0.060516	0.211227	-2.756249	110.663000
0.056806	0.211607	-2.754661	110.763000
0.052937	0.211453	-2.757106	110.863000
0.049699	0.211395	-2.765268	110.963000
0.046093	0.211460	-2.799102	111.063000
0.042361	0.211439	-2.799078	111.163000
0.038944	0.211472	-2.799142	111.263000
0.035262	0.211517	-2.799530	111.363000
0.031657	0.211288	-2.772671	111.463000
0.028253	0.211217	-2.757576	111.563000
0.024241	0.210002	-2.767799	111.663000
0.020261	0.209140	-2.776174	111.763000
0.017000	0.210107	-2.786059	111.863000
0.013280	0.211382	-2.798432	111.963000
0.009570	0.211278	-2.797787	112.063000
0.006070	0.210989	-2.769613	112.163000
0.002473	0.211296	-2.755711	112.263000
-0.001173	0.211292	-2.755685	112.364000
-0.004697	0.211278	-2.755713	112.463000
-0.008196	0.210116	-2.743718	112.563000
-0.011981	0.210956	-2.752264	112.663000
-0.015610	0.211290	-2.755707	112.763000
-0.019341	0.211058	-2.757402	112.863000
-0.022905	0.211143	-2.756747	112.963000
-0.026664	0.210682	-2.763878	113.063000
-0.030022	0.209600	-2.779598	113.163000
-0.034016	0.209175	-2.774139	113.263000
-0.037564	0.212625	-2.767986	113.363000
-0.040965	0.242773	-2.778013	113.464000
-0.044760	0.329700	-2.991438	113.563000
-0.048230	0.480313	-3.471342	113.663000
-0.051898	0.630541	-3.904627	113.763000
-0.055606	0.690897	-4.072506	113.863000
-0.059213	0.664572	-4.012176	113.963000
-0.062803	0.615919	-3.861051	114.063000
-0.066472	0.578967	-3.705252	114.163000
-0.070040	0.557928	-3.596248	114.263000
-0.073425	0.547834	-3.540192	114.363000
-0.077195	0.543014	-3.513509	114.463000
-0.080916	0.542007	-3.503837	114.563000
-0.084396	0.541194	-3.498056	114.663000
-0.087881	0.540085	-3.494262	114.763000
-0.091621	0.539886	-3.493920	114.863000
-0.094957	0.539871	-3.494211	114.963000
-0.098624	0.540985	-3.495353	115.063000
-0.102336	0.541873	-3.483547	115.163000
-0.105811	0.541803	-3.481831	115.263000
-0.109248	0.541721	-3.487554	115.363000
-0.112862	0.541789	-3.490323	115.463000
-0.116465	0.541882	-3.482531	115.563000
-0.120046	0.541720	-3.481123	115.663000
-0.123817	0.541943	-3.477160	115.763000
-0.127105	0.542149	-3.470105	115.863000
-0.130468	0.541883	-3.468861	115.963000
-0.134196	0.541704	-3.469074	116.063000
-0.137618	0.543043	-3.478431	116.163000
-0.141220	0.543955	-3.486081	116.263000
-0.144899	0.543695	-3.486798	116.363000
-0.147901	0.542473	-3.483302	116.463000
-0.149380	0.543848	-3.489021	116.563000
-0.150852	0.544254	-3.499643	116.663000
-0.151825	0.544419	-3.503310	116.763000
-0.152623	0.544407	-3.502827	116.863000
-0.153694	0.544327	-3.493842	116.963000
-0.154264	0.544248	-3.488316	117.064000
-0.154846	0.544023	-3.480992	117.163000
-0.155742	0.543373	-3.479932	117.263000
-0.156063	0.542930	-3.484651	117.363000
-0.156393	0.543902	-3.487374	117.463000
-0.156987	0.544077	-3.488622	117.563000
-0.157468	0.544380	-3.501930	117.663000
-0.157937	0.544318	-3.503234	117.763000
-0.158241	0.544609	-3.492776	117.863000
-0.158523	0.544436	-3.488713	117.963000
-0.158885	0.544326	-3.487520	118.063000
-0.159399	0.544076	-3.478319	118.163000
-0.159690	0.542122	-3.469373	118.263000
-0.159934	0.542781	-3.470570	118.363000
-0.160284	0.543997	-3.472872	118.463000
-0.160490	0.544405	-3.474130	118.563000
-0.160560	0.544324	-3.479971	118.663000
-0.160748	0.544006	-3.480818	118.763000
-0.161119	0.543579	-3.477030	118.863000
-0.161297	0.544032	-3.472945	118.963000
-0.161426	0.544310	-3.474869	119.063000
-0.161871	0.544344	-3.486831	119.163000
-0.161742	0.544384	-3.489044	119.263000
-0.162014	0.544342	-3.489387	119.363000
-0.162173	0.544387	-3.496090	119.463000
-0.162140	0.544330	-3.503226	119.563000
-0.162348	0.544405	-3.503279	119.663000
-0.162665	0.544327	-3.501303	119.763000
-0.162480	0.544403	-3.501274	119.863000
-0.162587	0.544316	-3.487905	119.963000
-0.162966	0.544403	-3.479233	120.063000
-0.162998	0.544326	-3.478521	120.163000
-0.163152	0.544086	-3.486028	120.263000
-0.163310	0.543842	-3.474106	120.363000
