NaN	NaN	NaN	7.541000
-0.162121	0.611563	-4.381787	7.641000
-0.162064	0.611125	-4.380877	7.741000
-0.162158	0.609382	-4.404771	7.842000
-0.162068	0.606731	-4.397874	7.941000
-0.162205	0.605527	-4.358468	8.041000
-0.162054	0.598835	-4.332286	8.142000
-0.162041	0.595884	-4.329229	8.241000
-0.162077	0.604351	-4.323389	8.341000
-0.162072	0.610746	-4.353172	8.441000
-0.162103	0.608620	-4.387312	8.541000
-0.161823	0.608578	-4.383272	8.641000
-0.161993	0.611127	-4.339468	8.741000
-0.162062	0.618118	-4.328754	8.841000
-0.162046	0.623616	-4.351828	8.941000
-0.161944	0.625274	-4.354619	9.041000
-0.161987	0.626441	-4.325011	9.141000
-0.161831	0.627190	-4.345570	9.241000
-0.160249	0.621514	-4.378415	9.341000
-0.158157	0.621393	-4.388080	9.441000
-0.155822	0.621943	-4.399445	9.542000
-0.153622	0.617522	-4.411195	9.641000
-0.151124	0.615172	-4.405380	9.741000
-0.148694	0.614355	-4.398324	9.841000
-0.146127	0.605681	-4.388683	9.941000
-0.143486	0.598605	-4.378036	10.041000
-0.140608	0.604920	-4.369019	10.141000
-0.137755	0.613700	-4.356360	10.241000
-0.135164	0.612591	-4.335027	10.341000
-0.132560	0.607926	-4.316227	10.441000
-0.129780	0.601979	-4.327616	10.541000
-0.126940	0.594888	-4.358029	10.641000
-0.123828	0.589997	-4.364783	10.742000
-0.121096	0.594821	-4.335834	10.841000
-0.118039	0.600824	-4.322778	10.941000
-0.115208	0.599583	-4.295222	11.041000
-0.112396	0.602014	-4.305565	11.141000
-0.109227	0.609102	-4.327285	11.241000
-0.106250	0.608248	-4.332777	11.341000
-0.103310	0.606077	-4.301460	11.441000
-0.100451	0.608164	-4.294350	11.541000
-0.097221	0.617486	-4.306905	11.644000
-0.094023	0.621349	-4.342651	11.741000
-0.091023	0.617009	-4.370572	11.841000
-0.087926	0.607179	-4.392552	11.941000
-0.084811	0.597688	-4.396799	12.041000
-0.081797	0.599977	-4.368403	12.141000
-0.078936	0.611714	-4.366498	12.241000
-0.075897	0.616788	-4.390979	12.342000
-0.072667	0.613253	-4.390357	12.441000
-0.069653	0.618977	-4.347301	12.541000
-0.066557	0.625165	-4.357296	12.641000
-0.063509	0.626350	-4.373046	12.741000
-0.060438	0.625944	-4.385601	12.841000
-0.056998	0.625550	-4.380745	12.942000
-0.053902	0.625129	-4.382721	13.041000
-0.050711	0.623814	-4.389823	13.141000
-0.047747	0.621749	-4.389866	13.241000
-0.044571	0.614241	-4.417866	13.341000
-0.041412	0.613003	-4.440000	13.442000
-0.038158	0.617938	-4.413871	13.541000
-0.035148	0.617547	-4.401203	13.641000
-0.031807	0.617062	-4.381049	13.741000
-0.028646	0.615789	-4.398776	13.841000
-0.025692	0.611511	-4.421779	13.941000
-0.022351	0.612262	-4.428189	14.041000
-0.018921	0.618922	-4.421974	14.141000
-0.015911	0.618933	-4.414345	14.241000
-0.012517	0.615107	-4.399386	14.341000
-0.009335	0.611627	-4.395697	14.441000
-0.006107	0.612415	-4.405466	14.541000
-0.003161	0.620522	-4.391726	14.641000
0.000052	0.618367	-4.405578	14.741000
0.003289	0.610497	-4.407116	14.841000
0.006635	0.607511	-4.379418	14.942000
0.009629	0.614088	-4.358732	15.041000
0.012863	0.616960	-4.375519	15.141000
0.016267	0.612742	-4.352028	15.241000
0.019518	0.615914	-4.287492	15.341000
0.022867	0.614664	-4.273720	15.441000
0.026268	0.608688	-4.330055	15.541000
0.029441	0.608007	-4.372034	15.641000
0.032579	0.610151	-4.362601	15.741000
0.035798	0.613520	-4.361515	15.842000
0.038920	0.610351	-4.354965	15.942000
0.042330	0.610851	-4.368741	16.041000
0.045724	0.608980	-4.371586	16.141000
0.048725	0.604152	-4.372666	16.241000
0.051975	0.605289	-4.371082	16.341000
0.055472	0.612619	-4.360639	16.441000
0.058730	0.609236	-4.357430	16.542000
0.062220	0.600353	-4.338225	16.642000
0.065448	0.596939	-4.324865	16.741000
0.068568	0.600706	-4.309083	16.841000
0.071862	0.608825	-4.288366	16.941000
0.074651	0.611039	-4.320387	17.041000
0.078121	0.607350	-4.345378	17.141000
0.081480	0.606532	-4.342486	17.241000
0.084584	0.611373	-4.362159	17.341000
0.087985	0.614995	-4.377489	17.441000
0.091165	0.613510	-4.372023	17.542000
0.094753	0.616583	-4.343914	17.641000
0.098190	0.621163	-4.311531	17.741000
0.101419	0.619597	-4.332937	17.841000
0.104886	0.618607	-4.348081	17.941000
0.108148	0.616464	-4.334617	18.041000
0.111319	0.615345	-4.302766	18.141000
0.114555	0.614613	-4.272034	18.241000
0.117936	0.612472	-4.273528	18.341000
0.121174	0.616433	-4.293572	18.441000
0.124686	0.616529	-4.323166	18.541000
0.127787	0.613744	-4.359106	18.641000
0.131014	0.614571	-4.345556	18.741000
0.134256	0.617571	-4.339214	18.841000
0.137631	0.616375	-4.337503	18.941000
0.141067	0.616684	-4.328122	19.041000
0.144187	0.614908	-4.356830	19.141000
0.147788	0.615084	-4.375137	19.242000
0.151001	0.613348	-4.360606	19.341000
0.154259	0.611244	-4.345874	19.441000
0.157575	0.618992	-4.354408	19.541000
0.160750	0.618467	-4.359049	19.641000
0.164183	0.610952	-4.332750	19.741000
0.167435	0.609446	-4.340393	19.841000
0.170747	0.611418	-4.338635	19.941000
0.173974	0.607930	-4.340872	20.041000
0.177296	0.605357	-4.343691	20.142000
0.180578	0.606473	-4.354232	20.241000
0.183959	0.604102	-4.381933	20.342000
0.187234	0.610697	-4.393262	20.441000
0.190491	0.614938	-4.383654	20.541000
0.193789	0.620212	-4.389263	20.641000
0.197200	0.617540	-4.403457	20.741000
0.200522	0.611768	-4.395124	20.841000
0.203902	0.613216	-4.379028	20.941000
0.207302	0.616066	-4.374156	21.041000
0.210473	0.612890	-4.374865	21.141000
0.214254	0.616960	-4.396376	21.241000
0.217599	0.621441	-4.410121	21.341000
0.220984	0.621541	-4.402981	21.441000
0.224191	0.619793	-4.405385	21.541000
0.227558	0.611942	-4.401841	21.642000
0.230934	0.609885	-4.400002	21.741000
0.234116	0.614115	-4.401013	21.841000
0.237670	0.617072	-4.377514	21.941000
0.240909	0.610816	-4.345652	22.042000
0.244380	0.606101	-4.345130	22.141000
0.247850	0.601466	-4.345128	22.241000
0.251285	0.599494	-4.318332	22.341000
0.254668	0.602731	-4.297107	22.441000
0.257988	0.604407	-4.312220	22.541000
0.261342	0.609325	-4.331323	22.641000
0.264648	0.617580	-4.333007	22.741000
0.268027	0.621515	-4.342835	22.841000
0.271350	0.619995	-4.340760	22.941000
0.274959	0.612002	-4.325976	23.041000
0.278222	0.613018	-4.297148	23.141000
0.281495	0.622143	-4.295118	23.241000
0.284723	0.621114	-4.313696	23.341000
0.288118	0.604813	-4.341293	23.441000
0.291685	0.592714	-4.329981	23.541000
0.295349	0.596504	-4.354498	23.641000
0.298645	0.607174	-4.388257	23.741000
0.302115	0.611494	-4.372763	23.842000
0.305338	0.603960	-4.336374	23.941000
0.308805	0.593801	-4.294170	24.041000
0.312123	0.591660	-4.323647	24.141000
0.315505	0.598171	-4.392306	24.241000
0.318971	0.605042	-4.407389	24.341000
0.322438	0.607802	-4.384929	24.441000
0.325641	0.612615	-4.362841	24.541000
0.329141	0.618676	-4.371329	24.641000
0.332652	0.616953	-4.388870	24.741000
0.336093	0.616441	-4.397127	24.841000
0.339562	0.618366	-4.362220	24.941000
0.343014	0.620241	-4.346438	25.041000
0.346395	0.623572	-4.359386	25.141000
0.349649	0.625096	-4.366655	25.241000
0.353186	0.621659	-4.395125	25.342000
0.356502	0.621992	-4.426950	25.441000
0.359958	0.623352	-4.419718	25.541000
0.363210	0.625661	-4.390919	25.641000
0.366690	0.627555	-4.367507	25.741000
0.370070	0.623452	-4.357803	25.841000
0.373589	0.621769	-4.356309	25.941000
0.377063	0.627654	-4.352901	26.041000
0.380732	0.628532	-4.388904	26.141000
0.384121	0.623694	-4.396329	26.241000
0.387633	0.621261	-4.379545	26.342000
0.390826	0.624599	-4.377748	26.441000
0.394231	0.628176	-4.360090	26.541000
0.397624	0.630518	-4.325798	26.641000
0.401079	0.630101	-4.309771	26.741000
0.404816	0.627795	-4.322409	26.841000
0.408142	0.632947	-4.351645	26.941000
0.411493	0.637389	-4.392447	27.041000
0.415217	0.636877	-4.407326	27.141000
0.418748	0.640299	-4.410341	27.241000
0.422127	0.656440	-4.427491	27.341000
0.425621	0.670329	-4.420500	27.441000
0.429052	0.675703	-4.428386	27.541000
0.432370	0.683876	-4.436475	27.641000
0.435881	0.701813	-4.465875	27.741000
0.439298	0.727278	-4.513247	27.841000
0.442667	0.744065	-4.581952	27.941000
0.446237	0.764532	-4.655006	28.041000
0.449542	0.798860	-4.747512	28.141000
0.452922	0.856802	-4.848869	28.241000
0.456212	0.938477	-4.997778	28.341000
0.459488	1.067602	-5.220921	28.441000
0.463062	1.286896	-5.517145	28.541000
0.466330	1.727010	-5.960776	28.641000
0.469755	2.708626	-6.365915	28.742000
0.473085	4.551475	-6.524197	28.842000
0.476333	6.765569	-6.646708	28.941000
0.479797	7.696334	-6.855976	29.041000
0.483132	6.763472	-7.007372	29.141000
0.486519	4.762297	-6.875566	29.241000
0.490227	3.177894	-6.395314	29.342000
0.493726	2.355517	-5.748477	29.441000
0.497299	2.012879	-5.209071	29.541000
0.500755	1.880576	-4.887910	29.641000
0.504122	1.837278	-4.732051	29.741000
0.507590	1.827201	-4.656496	29.841000
0.510934	1.826675	-4.616150	29.941000
0.514421	1.823404	-4.607311	30.041000
0.517993	1.822788	-4.602135	30.141000
0.521332	1.820323	-4.585362	30.242000
0.524829	1.817544	-4.576134	30.341000
0.528358	1.820461	-4.584213	30.441000
0.531720	1.818198	-4.594760	30.541000
0.535140	1.808279	-4.606012	30.641000
0.538897	1.805484	-4.608343	30.741000
0.542408	1.807135	-4.599701	30.842000
0.545901	1.813962	-4.579660	30.941000
0.549497	1.822252	-4.575144	31.041000
0.552833	1.820548	-4.576884	31.141000
0.556361	1.817025	-4.582287	31.242000
0.559919	1.813889	-4.601709	31.342000
0.563278	1.812522	-4.598981	31.442000
0.566743	1.807805	-4.587266	31.541000
0.570159	1.806555	-4.580140	31.642000
0.573592	1.808109	-4.571559	31.741000
0.576904	1.809267	-4.583254	31.841000
0.580380	1.807542	-4.594799	31.941000
0.583823	1.809722	-4.590738	32.041000
0.587300	1.813596	-4.587327	32.141000
0.590645	1.810558	-4.593073	32.241000
0.594292	1.806637	-4.590009	32.341000
0.597590	1.807128	-4.588095	32.441000
0.601120	1.804982	-4.594361	32.541000
0.604532	1.808283	-4.598479	32.641000
0.607968	1.813127	-4.598610	32.741000
0.611529	1.815410	-4.592681	32.842000
0.615103	1.813725	-4.593576	32.941000
0.618586	1.809800	-4.591802	33.041000
0.622063	1.809976	-4.580594	33.142000
0.625739	1.808581	-4.577760	33.241000
0.629321	1.809876	-4.583541	33.341000
0.632819	1.814190	-4.586535	33.441000
0.636017	1.815896	-4.574724	33.541000
0.639701	1.810061	-4.570084	33.641000
0.643267	1.808906	-4.582354	33.741000
0.646690	1.812423	-4.590525	33.842000
0.650279	1.814281	-4.584900	33.942000
0.653687	1.813886	-4.585944	34.041000
0.657089	1.805984	-4.592860	34.141000
0.660848	1.798985	-4.595458	34.241000
0.664216	1.795280	-4.603988	34.341000
0.667547	1.797363	-4.605410	34.441000
0.671219	1.801269	-4.601553	34.541000
0.674730	1.807804	-4.600460	34.641000
0.678010	1.818396	-4.608903	34.741000
0.681533	1.816548	-4.611561	34.841000
0.685198	1.813019	-4.599615	34.941000
0.688422	1.807823	-4.589386	35.041000
0.692044	1.809750	-4.579826	35.141000
0.695592	1.812294	-4.571046	35.241000
0.699083	1.805641	-4.567544	35.341000
0.702862	1.798445	-4.572173	35.441000
0.706292	1.798569	-4.570058	35.541000
0.709898	1.807396	-4.573435	35.641000
0.713445	1.811517	-4.572432	35.741000
0.717048	1.812859	-4.579146	35.841000
0.720306	1.810248	-4.573329	35.941000
0.723951	1.812941	-4.568044	36.041000
0.727349	1.818109	-4.570719	36.141000
0.731082	1.816882	-4.566077	36.241000
0.734307	1.816780	-4.569220	36.341000
0.737983	1.810452	-4.571699	36.442000
0.741662	1.804607	-4.578476	36.541000
0.744983	1.797095	-4.592815	36.641000
0.748744	1.799271	-4.593082	36.741000
0.752374	1.797027	-4.596286	36.841000
0.755887	1.799784	-4.581297	36.942000
0.759479	1.808724	-4.566965	37.041000
0.763054	1.807482	-4.559985	37.141000
0.766452	1.803237	-4.567398	37.241000
0.770019	1.795985	-4.586589	37.342000
0.773517	1.787859	-4.596730	37.441000
0.777262	1.788918	-4.598976	37.541000
0.780745	1.788076	-4.588397	37.641000
0.784226	1.799577	-4.582224	37.741000
0.787977	1.805559	-4.587938	37.841000
0.791498	1.799503	-4.591031	37.941000
0.794877	1.797352	-4.585796	38.041000
0.798493	1.799449	-4.584833	38.141000
0.801955	1.802271	-4.586182	38.241000
0.805461	1.803866	-4.577431	38.341000
0.808980	1.808035	-4.567474	38.442000
0.812516	1.810399	-4.566693	38.541000
0.816080	1.809901	-4.567769	38.641000
0.819614	1.814132	-4.567372	38.741000
0.823137	1.820774	-4.568190	38.841000
0.826575	1.818274	-4.572750	38.941000
0.830445	1.818088	-4.583089	39.041000
0.834244	1.820264	-4.593329	39.141000
0.837795	1.819858	-4.595663	39.241000
0.841517	1.817536	-4.592474	39.341000
0.845154	1.812267	-4.588036	39.441000
0.848336	1.807429	-4.590130	39.541000
0.852106	1.802321	-4.592867	39.641000
0.855469	1.799343	-4.591344	39.742000
0.859006	1.801784	-4.581302	39.841000
0.862628	1.809200	-4.569058	39.941000
0.865940	1.813948	-4.566436	40.041000
0.869567	1.814986	-4.582804	40.141000
0.873184	1.806127	-4.589742	40.241000
0.876723	1.797184	-4.595384	40.341000
0.880242	1.789026	-4.598372	40.441000
0.883785	1.791669	-4.594449	40.541000
0.887376	1.796233	-4.595563	40.641000
0.890681	1.800000	-4.599312	40.741000
0.894553	1.810036	-4.599038	40.841000
0.897794	1.816878	-4.600209	40.941000
0.901381	1.817691	-4.579110	41.041000
0.904946	1.819028	-4.555828	41.142000
0.908556	1.810682	-4.564445	41.241000
0.912076	1.809511	-4.572572	41.342000
0.915889	1.812876	-4.573441	41.441000
0.919762	1.811000	-4.573819	41.541000
0.923147	1.814119	-4.568206	41.641000
0.926768	1.817033	-4.574738	41.741000
0.930381	1.819029	-4.577985	41.841000
0.934026	1.809186	-4.578034	41.941000
0.937325	1.800606	-4.583693	42.042000
0.940906	1.798925	-4.589035	42.141000
0.944518	1.805865	-4.587436	42.241000
0.947958	1.812233	-4.591995	42.341000
0.951550	1.812739	-4.596753	42.441000
0.955357	1.810678	-4.608956	42.541000
0.959093	1.805124	-4.612738	42.641000
0.962768	1.799966	-4.599088	42.741000
0.966380	1.802680	-4.584269	42.841000
0.969824	1.810159	-4.584992	42.941000
0.973373	1.812340	-4.589253	43.041000
0.976893	1.817088	-4.592647	43.141000
0.980619	1.815274	-4.596309	43.241000
0.984326	1.812305	-4.576304	43.341000
0.988016	1.810418	-4.569052	43.441000
0.991496	1.813418	-4.570293	43.541000
0.994877	1.818987	-4.582599	43.641000
0.998799	1.813787	-4.580319	43.741000
1.002126	1.807112	-4.575588	43.841000
1.005898	1.802253	-4.575552	43.941000
1.009453	1.803755	-4.572637	44.041000
1.013030	1.808948	-4.575326	44.141000
1.016760	1.806961	-4.570411	44.241000
1.020338	1.800872	-4.569074	44.341000
1.023720	1.798817	-4.571064	44.442000
1.027331	1.806050	-4.577776	44.541000
1.031046	1.806339	-4.597232	44.641000
1.034555	1.803285	-4.604321	44.741000
1.038092	1.811586	-4.590066	44.841000
1.041541	1.821062	-4.579265	44.941000
1.045478	1.822420	-4.593283	45.041000
1.049007	1.825519	-4.593287	45.141000
1.053076	1.819043	-4.580449	45.241000
1.056264	1.809015	-4.572622	45.342000
1.059742	1.807506	-4.579993	45.441000
1.063704	1.807769	-4.602860	45.542000
1.067241	1.805907	-4.610764	45.641000
1.070697	1.804301	-4.607992	45.741000
1.074426	1.799155	-4.593742	45.841000
1.078195	1.796697	-4.577403	45.941000
1.081943	1.800251	-4.578357	46.041000
1.085414	1.804121	-4.592489	46.141000
1.089095	1.801779	-4.597521	46.241000
1.092834	1.802713	-4.594471	46.341000
1.096017	1.805982	-4.589381	46.441000
1.099799	1.802575	-4.591005	46.541000
1.103472	1.805650	-4.593637	46.641000
1.107145	1.808330	-4.600058	46.742000
1.110801	1.805700	-4.600665	46.841000
1.114337	1.807867	-4.598705	46.941000
1.117817	1.814529	-4.598245	47.041000
1.121654	1.813049	-4.597912	47.142000
1.125325	1.811352	-4.593084	47.241000
1.128765	1.811877	-4.590270	47.341000
1.132451	1.815730	-4.583089	47.442000
1.135924	1.816236	-4.576369	47.541000
1.139496	1.809697	-4.580369	47.641000
1.143154	1.810004	-4.574259	47.741000
1.146674	1.816574	-4.576550	47.841000
1.150400	1.816873	-4.591414	47.941000
1.154048	1.808484	-4.587949	48.041000
1.157545	1.800509	-4.578489	48.141000
1.161236	1.807886	-4.572590	48.241000
1.164476	1.812546	-4.575461	48.341000
1.168224	1.814155	-4.570828	48.442000
1.171873	1.808449	-4.569580	48.541000
1.175353	1.803840	-4.569850	48.642000
1.179003	1.806453	-4.578397	48.742000
1.182823	1.812151	-4.592885	48.841000
1.186452	1.811404	-4.600117	48.942000
1.189963	1.807167	-4.592939	49.041000
1.193412	1.804806	-4.572627	49.141000
1.197010	1.804686	-4.562799	49.241000
1.200473	1.808891	-4.559032	49.341000
1.204201	1.814353	-4.561008	49.441000
1.207756	1.814294	-4.575081	49.541000
1.211511	1.803848	-4.579918	49.641000
1.215239	1.802823	-4.584818	49.741000
1.218991	1.811047	-4.588432	49.841000
1.222433	1.815287	-4.589910	49.941000
1.226405	1.814528	-4.598691	50.041000
1.229975	1.811698	-4.605347	50.142000
1.233463	1.804423	-4.610830	50.241000
1.237185	1.801443	-4.604952	50.341000
1.240796	1.804397	-4.601914	50.441000
1.244251	1.804593	-4.607739	50.541000
1.247849	1.804145	-4.613334	50.641000
1.251965	1.804895	-4.607016	50.741000
1.255432	1.802989	-4.587313	50.841000
1.259302	1.797688	-4.572730	50.941000
1.263038	1.798338	-4.572318	51.042000
1.266466	1.806060	-4.566900	51.141000
1.270433	1.816459	-4.566939	51.241000
1.273805	1.822827	-4.576983	51.341000
1.277352	1.823218	-4.578725	51.441000
1.280871	1.818379	-4.576604	51.541000
1.284710	1.812795	-4.578383	51.641000
1.288380	1.809210	-4.575169	51.741000
1.292085	1.813308	-4.564123	51.841000
1.295275	1.813076	-4.571851	51.941000
1.299048	1.809424	-4.596457	52.041000
1.302592	1.810887	-4.594741	52.142000
1.306398	1.809280	-4.597212	52.241000
1.309895	1.812088	-4.605688	52.341000
1.313605	1.815625	-4.606776	52.442000
1.317200	1.814040	-4.600687	52.541000
1.320571	1.812521	-4.600726	52.641000
1.324210	1.813198	-4.601821	52.741000
1.328091	1.808818	-4.601018	52.841000
1.331609	1.802147	-4.607217	52.941000
1.335379	1.803877	-4.611212	53.041000
1.338767	1.811088	-4.608999	53.141000
1.342496	1.808604	-4.595906	53.241000
1.346212	1.809749	-4.578987	53.341000
1.350169	1.816389	-4.574292	53.441000
1.353837	1.815744	-4.581322	53.541000
1.357906	1.807819	-4.575159	53.645000
1.361402	1.804533	-4.578442	53.741000
1.364665	1.803934	-4.595172	53.841000
1.368561	1.802071	-4.601914	53.941000
1.372071	1.802585	-4.606738	54.041000
1.375617	1.808762	-4.600818	54.141000
1.379126	1.814318	-4.589862	54.241000
1.383248	1.810565	-4.586764	54.341000
1.387110	1.809810	-4.584048	54.441000
1.390706	1.806657	-4.589492	54.542000
1.394187	1.798278	-4.585345	54.641000
1.397650	1.792673	-4.576625	54.741000
1.401592	1.790688	-4.585559	54.841000
1.405319	1.797792	-4.596339	54.942000
1.408464	1.803733	-4.595231	55.041000
1.411671	1.816891	-4.587187	55.141000
1.415620	1.815568	-4.587090	55.241000
1.420148	1.807740	-4.583002	55.341000
1.423130	1.805998	-4.580435	55.441000
1.426976	1.808071	-4.579493	55.541000
1.430308	1.807863	-4.572872	55.641000
1.434359	1.809999	-4.575604	55.741000
1.438604	1.814458	-4.582127	55.841000
1.442436	1.808928	-4.588429	55.941000
1.445476	1.806024	-4.591019	56.042000
1.448661	1.803288	-4.603108	56.141000
1.453191	1.795093	-4.605423	56.241000
1.455821	1.798397	-4.597259	56.342000
1.460233	1.804407	-4.585110	56.441000
1.463619	1.811941	-4.579946	56.541000
1.466993	1.813907	-4.573171	56.641000
1.471362	1.811723	-4.581540	56.741000
1.474499	1.811194	-4.589188	56.841000
1.478185	1.812477	-4.590707	56.941000
1.481852	1.814315	-4.581083	57.041000
1.485474	1.815875	-4.580288	57.141000
1.488982	1.811266	-4.588469	57.241000
1.492653	1.808357	-4.601322	57.341000
1.496406	1.811961	-4.594725	57.441000
1.499928	1.816909	-4.589817	57.541000
1.503486	1.813917	-4.584954	57.641000
1.507222	1.811576	-4.575767	57.741000
1.510837	1.806139	-4.569966	57.841000
1.514262	1.805882	-4.575162	57.941000
1.518008	1.805749	-4.581563	58.041000
1.521652	1.813641	-4.586550	58.141000
1.525092	1.818991	-4.583283	58.241000
1.528742	1.819685	-4.570688	58.341000
1.532351	1.808486	-4.558310	58.441000
1.536086	1.800553	-4.551522	58.541000
1.539701	1.802667	-4.557643	58.641000
1.543363	1.809800	-4.561413	58.741000
1.546828	1.811853	-4.569803	58.841000
1.550591	1.813155	-4.580038	58.941000
1.554261	1.816571	-4.582056	59.041000
1.557998	1.817006	-4.590754	59.141000
1.561454	1.812832	-4.598338	59.241000
1.561026	1.812024	-4.599079	59.341000
1.561538	1.809840	-4.594352	59.441000
1.559786	1.812108	-4.589345	59.541000
1.558443	1.818213	-4.589750	59.641000
1.556554	1.812125	-4.588922	59.741000
1.555170	1.801320	-4.584062	59.847000
1.553279	1.798690	-4.574222	59.941000
1.550294	1.803635	-4.571673	60.041000
1.548812	1.804795	-4.583516	60.141000
1.546244	1.811435	-4.590056	60.242000
1.544005	1.817979	-4.589940	60.341000
1.542039	1.821993	-4.581228	60.441000
1.538669	1.823548	-4.567027	60.541000
1.537310	1.821231	-4.561719	60.641000
1.533663	1.818397	-4.563331	60.741000
1.531397	1.815563	-4.573312	60.842000
1.529285	1.807265	-4.581078	60.941000
1.526463	1.804909	-4.584648	61.041000
1.523736	1.810883	-4.594430	61.141000
1.521121	1.817111	-4.600070	61.241000
1.518210	1.811745	-4.594922	61.341000
1.514966	1.808615	-4.593625	61.441000
1.512149	1.808315	-4.594273	61.541000
1.509776	1.802933	-4.593968	61.641000
1.506512	1.804949	-4.590166	61.741000
1.503968	1.806650	-4.575231	61.841000
1.500948	1.805297	-4.563323	61.941000
1.497906	1.814047	-4.556286	62.041000
1.495036	1.812742	-4.563696	62.141000
1.491987	1.811242	-4.573498	62.241000
1.489166	1.809308	-4.580946	62.341000
1.486347	1.801255	-4.586438	62.441000
1.483404	1.799369	-4.572783	62.541000
1.480232	1.803207	-4.563534	62.641000
1.477108	1.807991	-4.572137	62.741000
1.474144	1.799738	-4.587786	62.841000
1.471047	1.794235	-4.589578	62.941000
1.467736	1.794713	-4.608752	63.042000
1.464712	1.794502	-4.610386	63.142000
1.461523	1.799631	-4.591135	63.241000
1.458567	1.806291	-4.583747	63.341000
1.455632	1.809978	-4.590170	63.441000
1.452459	1.816806	-4.593664	63.541000
1.449518	1.808993	-4.595054	63.641000
1.446055	1.802058	-4.594820	63.741000
1.443285	1.800125	-4.593283	63.841000
1.440208	1.802147	-4.593406	63.941000
1.436931	1.802598	-4.598672	64.041000
1.433784	1.801374	-4.596130	64.142000
1.430535	1.804475	-4.587501	64.241000
1.427224	1.805459	-4.585563	64.341000
1.424068	1.806293	-4.578172	64.441000
1.421018	1.803903	-4.575214	64.541000
1.417753	1.800090	-4.577941	64.641000
1.414880	1.807569	-4.574038	64.741000
1.411472	1.814599	-4.575414	64.842000
1.408455	1.825262	-4.589543	64.941000
1.404999	1.830713	-4.613773	65.041000
1.401862	1.820518	-4.623603	65.141000
1.398814	1.802595	-4.613981	65.241000
1.395412	1.801656	-4.599673	65.341000
1.392222	1.808400	-4.597661	65.441000
1.388936	1.810276	-4.601481	65.541000
1.385652	1.811594	-4.602147	65.641000
1.382477	1.810990	-4.603222	65.741000
1.379229	1.813710	-4.596580	65.841000
1.376102	1.815315	-4.581945	65.941000
1.372760	1.822056	-4.567990	66.042000
1.369575	1.825442	-4.574794	66.141000
1.366317	1.820536	-4.589963	66.241000
1.362936	1.813491	-4.593545	66.341000
1.359828	1.808055	-4.592428	66.441000
1.356733	1.809906	-4.583711	66.541000
1.353304	1.807278	-4.575624	66.641000
1.350029	1.812250	-4.575085	66.741000
1.346872	1.817003	-4.586967	66.841000
1.343536	1.820265	-4.593328	66.941000
1.340186	1.817778	-4.592256	67.041000
1.337119	1.805500	-4.597504	67.141000
1.333841	1.799452	-4.595919	67.241000
1.330717	1.802960	-4.597327	67.341000
1.327321	1.812614	-4.595089	67.441000
1.324083	1.810477	-4.591575	67.541000
1.320470	1.806099	-4.584819	67.641000
1.317146	1.805323	-4.580595	67.741000
1.314060	1.805035	-4.594790	67.841000
1.310441	1.807447	-4.599995	67.941000
1.307339	1.807507	-4.592717	68.041000
1.303852	1.806938	-4.593156	68.141000
1.300749	1.810833	-4.597796	68.241000
1.297456	1.823181	-4.594297	68.341000
1.294285	1.823014	-4.594865	68.441000
1.290754	1.814287	-4.606814	68.541000
1.287616	1.803864	-4.614173	68.641000
1.284349	1.795448	-4.600956	68.741000
1.280809	1.794744	-4.592273	68.841000
1.277657	1.805533	-4.587680	68.941000
1.273959	1.814909	-4.586017	69.041000
1.271034	1.817645	-4.591697	69.141000
1.267471	1.814210	-4.588441	69.241000
1.264313	1.811777	-4.594110	69.341000
1.260991	1.815353	-4.602980	69.441000
1.257344	1.813016	-4.611453	69.541000
1.254184	1.807910	-4.616258	69.641000
1.250899	1.801399	-4.606350	69.741000
1.247909	1.807904	-4.574100	69.841000
1.244352	1.815114	-4.566084	69.941000
1.241000	1.816491	-4.577580	70.041000
1.237877	1.814919	-4.587310	70.142000
1.234517	1.810787	-4.589049	70.241000
1.231193	1.803810	-4.590711	70.341000
1.227922	1.803351	-4.583458	70.441000
1.224677	1.813230	-4.583503	70.541000
1.221285	1.820739	-4.592614	70.641000
1.218027	1.819389	-4.596338	70.741000
1.214723	1.811145	-4.589914	70.841000
1.211354	1.809889	-4.588255	70.941000
1.207994	1.806903	-4.587883	71.041000
1.204654	1.807313	-4.579178	71.141000
1.201230	1.808388	-4.579690	71.241000
1.198195	1.812485	-4.597777	71.341000
1.194755	1.810979	-4.604346	71.441000
1.191334	1.809485	-4.595231	71.541000
1.187968	1.812246	-4.591033	71.641000
1.184477	1.809839	-4.589254	71.741000
1.181180	1.808384	-4.585701	71.842000
1.177848	1.803725	-4.577103	71.941000
1.174433	1.802534	-4.579891	72.041000
1.171224	1.805135	-4.577481	72.141000
1.167672	1.812204	-4.574978	72.241000
1.164276	1.816942	-4.571796	72.341000
1.160835	1.814538	-4.570793	72.441000
1.157684	1.819340	-4.582047	72.541000
1.154136	1.820272	-4.590252	72.641000
1.150643	1.817585	-4.583643	72.741000
1.147657	1.817342	-4.591690	72.842000
1.143863	1.812358	-4.597188	72.942000
1.140566	1.807783	-4.595860	73.042000
1.137271	1.804272	-4.595388	73.141000
1.133964	1.807037	-4.590956	73.242000
1.130448	1.808746	-4.591308	73.341000
1.127201	1.811273	-4.576440	73.441000
1.123718	1.810278	-4.566851	73.541000
1.120423	1.804664	-4.569794	73.642000
1.116787	1.796447	-4.569310	73.741000
1.113327	1.793022	-4.582400	73.841000
1.110070	1.802430	-4.590175	73.941000
1.106795	1.809650	-4.583201	74.041000
1.103103	1.810945	-4.576989	74.141000
1.099893	1.813676	-4.574573	74.242000
1.096305	1.812042	-4.579262	74.348000
1.092985	1.807355	-4.584071	74.442000
1.089627	1.804911	-4.576327	74.541000
1.086288	1.809557	-4.573950	74.641000
1.082795	1.813978	-4.584807	74.741000
1.079258	1.811157	-4.607909	74.841000
1.075538	1.804089	-4.610635	74.941000
1.072287	1.799500	-4.595243	75.041000
1.068925	1.800664	-4.585148	75.141000
1.065346	1.802591	-4.593299	75.241000
1.062004	1.812955	-4.603953	75.341000
1.058521	1.813923	-4.595891	75.441000
1.055070	1.814561	-4.587325	75.542000
1.051749	1.812908	-4.595616	75.642000
1.048252	1.808270	-4.600687	75.741000
1.044956	1.808825	-4.594285	75.841000
1.041447	1.812889	-4.592727	75.941000
1.037548	1.819773	-4.597924	76.041000
1.034442	1.817118	-4.598942	76.141000
1.030913	1.809223	-4.603759	76.241000
1.027375	1.806330	-4.601895	76.341000
1.023911	1.805789	-4.596563	76.441000
1.020601	1.809496	-4.588297	76.541000
1.017207	1.815984	-4.574089	76.641000
1.013579	1.825173	-4.579118	76.741000
1.010280	1.826851	-4.591617	76.841000
1.006986	1.823045	-4.585048	76.941000
1.003462	1.818032	-4.572587	77.041000
0.999709	1.811943	-4.572717	77.141000
0.996445	1.811671	-4.575986	77.241000
0.992902	1.818390	-4.585186	77.341000
0.989404	1.821784	-4.591121	77.441000
0.985957	1.819122	-4.590905	77.541000
0.982498	1.815645	-4.597187	77.641000
0.979079	1.810063	-4.604237	77.741000
0.975658	1.807467	-4.594305	77.841000
0.972108	1.808948	-4.573783	77.941000
0.968779	1.809365	-4.581275	78.041000
0.965064	1.810531	-4.589340	78.141000
0.961708	1.806892	-4.598572	78.241000
0.958387	1.805137	-4.594439	78.341000
0.954783	1.806076	-4.585290	78.441000
0.951459	1.797110	-4.590872	78.541000
0.947940	1.795431	-4.590205	78.641000
0.944563	1.805628	-4.574558	78.741000
0.941118	1.809203	-4.568572	78.841000
0.937725	1.811307	-4.572973	78.941000
0.934404	1.814246	-4.578134	79.041000
0.930834	1.820634	-4.576841	79.141000
0.927396	1.821993	-4.581893	79.241000
0.924054	1.820067	-4.592909	79.341000
0.920382	1.815006	-4.604926	79.442000
0.916785	1.814204	-4.604065	79.541000
0.913208	1.813969	-4.596695	79.642000
0.909685	1.803975	-4.593097	79.741000
0.906156	1.798336	-4.597753	79.841000
0.902749	1.799774	-4.597207	79.941000
0.899235	1.804136	-4.590231	80.041000
0.895825	1.811752	-4.587191	80.141000
0.892336	1.808155	-4.592499	80.241000
0.888812	1.803515	-4.593450	80.341000
0.885378	1.805715	-4.594188	80.441000
0.882098	1.804864	-4.597732	80.541000
0.878384	1.799409	-4.589515	80.641000
0.874924	1.801164	-4.573806	80.741000
0.871507	1.806851	-4.576550	80.841000
0.868056	1.811696	-4.586637	80.941000
0.864631	1.809954	-4.595122	81.041000
0.861097	1.814785	-4.597551	81.141000
0.857595	1.817014	-4.596310	81.241000
0.854006	1.808862	-4.590199	81.341000
0.850683	1.810948	-4.576210	81.441000
0.847274	1.812091	-4.565742	81.541000
0.843862	1.816192	-4.562027	81.642000
0.840381	1.811909	-4.569785	81.741000
0.836688	1.807712	-4.580107	81.841000
0.832856	1.810211	-4.592359	81.941000
0.829344	1.809168	-4.606301	82.041000
0.825975	1.807720	-4.602300	82.141000
0.822389	1.808519	-4.598909	82.241000
0.819178	1.809818	-4.585271	82.341000
0.815701	1.808608	-4.562996	82.441000
0.812064	1.810547	-4.551888	82.541000
0.808725	1.812132	-4.552702	82.641000
0.805184	1.816917	-4.565351	82.741000
0.801522	1.818039	-4.590442	82.841000
0.797786	1.811145	-4.601471	82.941000
0.794220	1.805752	-4.612950	83.041000
0.790489	1.803579	-4.602260	83.141000
0.786951	1.804986	-4.576708	83.241000
0.783395	1.809109	-4.566030	83.341000
0.780020	1.811037	-4.565461	83.441000
0.776444	1.812811	-4.573563	83.541000
0.772822	1.819378	-4.577988	83.641000
0.769475	1.820244	-4.577991	83.741000
0.765928	1.820315	-4.574040	83.841000
0.762639	1.815017	-4.567277	83.941000
0.759305	1.805265	-4.568251	84.041000
0.755723	1.802519	-4.581346	84.141000
0.752165	1.802581	-4.590933	84.241000
0.748711	1.799556	-4.591522	84.341000
0.745180	1.797619	-4.586159	84.441000
0.741862	1.797395	-4.578130	84.541000
0.738366	1.805158	-4.578448	84.641000
0.734825	1.817857	-4.582633	84.741000
0.731184	1.824780	-4.596766	84.841000
0.727951	1.820326	-4.604003	84.941000
0.724250	1.812967	-4.594698	85.041000
0.720596	1.808742	-4.575986	85.141000
0.717156	1.808447	-4.568329	85.241000
0.713726	1.810371	-4.564289	85.341000
0.709998	1.808219	-4.565688	85.442000
0.706513	1.807361	-4.563879	85.541000
0.702973	1.808329	-4.559041	85.641000
0.699299	1.804271	-4.567449	85.741000
0.695800	1.802644	-4.572053	85.841000
0.692391	1.806668	-4.571730	85.941000
0.688877	1.811335	-4.572946	86.041000
0.685503	1.816243	-4.575559	86.141000
0.681841	1.810977	-4.570745	86.241000
0.678289	1.811487	-4.569190	86.341000
0.674821	1.812430	-4.574165	86.441000
0.671214	1.813017	-4.573972	86.541000
0.667843	1.814674	-4.579429	86.642000
0.664318	1.808711	-4.584194	86.741000
0.660935	1.805530	-4.579924	86.841000
0.657224	1.809975	-4.590053	86.941000
0.653737	1.812987	-4.594202	87.041000
0.650101	1.807851	-4.598522	87.141000
0.646293	1.807592	-4.598492	87.242000
0.642964	1.808396	-4.585983	87.341000
0.639572	1.812184	-4.576056	87.441000
0.636280	1.814199	-4.570698	87.541000
0.632584	1.810531	-4.580667	87.641000
0.629170	1.807046	-4.585288	87.741000
0.625210	1.809203	-4.590944	87.841000
0.621694	1.818460	-4.596337	87.941000
0.618017	1.817097	-4.594388	88.041000
0.614403	1.815481	-4.582573	88.141000
0.610841	1.811899	-4.574517	88.241000
0.607285	1.806107	-4.576379	88.341000
0.603891	1.801537	-4.590355	88.441000
0.600342	1.798499	-4.597986	88.542000
0.596814	1.799932	-4.590001	88.641000
0.593371	1.797730	-4.591544	88.741000
0.589676	1.798405	-4.591368	88.841000
0.586254	1.805345	-4.595550	88.942000
0.582661	1.813368	-4.597807	89.041000
0.579120	1.816795	-4.598736	89.141000
0.575685	1.817549	-4.598037	89.241000
0.572229	1.813216	-4.597567	89.341000
0.568677	1.812584	-4.596200	89.441000
0.565115	1.815443	-4.595184	89.541000
0.561439	1.823111	-4.597128	89.641000
0.558012	1.828768	-4.600319	89.742000
0.554646	1.825041	-4.599886	89.841000
0.551009	1.815161	-4.600733	89.941000
0.547478	1.806517	-4.600326	90.041000
0.543890	1.808549	-4.600066	90.141000
0.540620	1.811635	-4.597952	90.241000
0.537132	1.813776	-4.598994	90.341000
0.533592	1.810277	-4.596301	90.441000
0.530045	1.806061	-4.589637	90.541000
0.526456	1.811561	-4.580034	90.641000
0.522862	1.811054	-4.581762	90.741000
0.519372	1.804989	-4.588277	90.841000
0.516092	1.805204	-4.575314	90.941000
0.512301	1.808076	-4.575197	91.041000
0.508562	1.805353	-4.588448	91.141000
0.505170	1.808734	-4.591833	91.241000
0.501509	1.812674	-4.598341	91.341000
0.497826	1.806910	-4.594034	91.441000
0.494198	1.801916	-4.581482	91.541000
0.490617	1.810124	-4.577462	91.641000
0.486934	1.810092	-4.572375	91.741000
0.483303	1.809940	-4.569555	91.841000
0.479785	1.816839	-4.609104	91.941000
0.476059	2.176184	-5.288458	92.041000
0.472482	3.259266	-5.970413	92.141000
0.468850	3.847596	-6.198379	92.241000
0.465248	3.591564	-6.243520	92.341000
0.461760	2.897074	-6.186655	92.441000
0.458170	2.188756	-6.045513	92.542000
0.454541	1.651460	-5.811052	92.641000
0.450941	1.286190	-5.519904	92.741000
0.447497	1.054574	-5.227389	92.841000
0.444078	0.913878	-4.981154	92.941000
0.440501	0.822301	-4.783559	93.041000
0.436682	0.760461	-4.636072	93.141000
0.433223	0.725164	-4.554432	93.241000
0.429714	0.695009	-4.509014	93.341000
0.426129	0.674167	-4.496926	93.441000
0.422615	0.657997	-4.481037	93.542000
0.419043	0.645279	-4.420161	93.641000
0.415276	0.636537	-4.367546	93.741000
0.411642	0.633284	-4.342604	93.841000
0.408060	0.636157	-4.342445	93.941000
0.404677	0.635392	-4.356905	94.041000
0.400885	0.637676	-4.362189	94.142000
0.397312	0.647119	-4.366144	94.241000
0.393633	0.643753	-4.385255	94.341000
0.390156	0.628052	-4.406093	94.441000
0.386839	0.617861	-4.404801	94.541000
0.383077	0.615883	-4.399533	94.641000
0.379520	0.611018	-4.400772	94.741000
0.375880	0.612016	-4.382881	94.841000
0.372134	0.621607	-4.376850	94.941000
0.368444	0.631025	-4.382975	95.041000
0.364947	0.626168	-4.360223	95.141000
0.361350	0.617104	-4.346600	95.241000
0.357742	0.613167	-4.371790	95.341000
0.354223	0.609511	-4.360809	95.441000
0.350515	0.606768	-4.362517	95.541000
0.346948	0.604661	-4.351562	95.641000
0.343247	0.608275	-4.361377	95.741000
0.339779	0.616733	-4.387916	95.842000
0.336300	0.616619	-4.421035	95.941000
0.332506	0.611752	-4.438016	96.041000
0.328610	0.607464	-4.430986	96.141000
0.325228	0.612314	-4.402486	96.241000
0.321661	0.613847	-4.374252	96.341000
0.317974	0.615897	-4.380777	96.441000
0.314491	0.611981	-4.410466	96.541000
0.310860	0.613811	-4.412383	96.641000
0.307154	0.625203	-4.375668	96.741000
0.303744	0.635957	-4.349233	96.841000
0.300305	0.633301	-4.346699	96.942000
0.296477	0.626052	-4.360795	97.041000
0.292912	0.621700	-4.369151	97.141000
0.289162	0.616466	-4.377582	97.241000
0.285527	0.613183	-4.390584	97.342000
0.281652	0.608135	-4.408793	97.441000
0.278148	0.607623	-4.419264	97.541000
0.274484	0.605416	-4.385814	97.642000
0.270891	0.606666	-4.334526	97.742000
0.267236	0.609416	-4.298464	97.841000
0.263689	0.614421	-4.288349	97.941000
0.260237	0.621058	-4.300824	98.041000
0.256790	0.623046	-4.297846	98.141000
0.253239	0.620953	-4.309798	98.241000
0.249674	0.617337	-4.329231	98.341000
0.246006	0.614910	-4.330539	98.441000
0.242495	0.616448	-4.345281	98.541000
0.238687	0.613540	-4.383528	98.641000
0.235115	0.612545	-4.382113	98.741000
0.231424	0.609560	-4.357461	98.841000
0.227961	0.602626	-4.355194	98.941000
0.224371	0.603350	-4.365594	99.041000
0.220658	0.606559	-4.396748	99.141000
0.216957	0.606564	-4.417314	99.241000
0.213547	0.608969	-4.396701	99.341000
0.209871	0.618486	-4.345476	99.441000
0.206311	0.622513	-4.340223	99.541000
0.202722	0.618283	-4.346237	99.641000
0.199239	0.619474	-4.347127	99.741000
0.195525	0.612134	-4.357584	99.842000
0.192112	0.602867	-4.339333	99.941000
0.188609	0.599387	-4.324824	100.041000
0.184998	0.604354	-4.305583	100.141000
0.181336	0.607211	-4.311787	100.241000
0.177807	0.607014	-4.327616	100.341000
0.174049	0.606940	-4.382374	100.441000
0.170612	0.606292	-4.385166	100.541000
0.166942	0.609691	-4.388473	100.641000
0.163558	0.612091	-4.408757	100.741000
0.159861	0.608288	-4.408177	100.841000
0.155976	0.606454	-4.370142	100.941000
0.152488	0.608449	-4.372487	101.042000
0.148795	0.605748	-4.382417	101.141000
0.145200	0.602843	-4.363636	101.241000
0.141618	0.601336	-4.361680	101.342000
0.137938	0.605168	-4.359280	101.441000
0.134374	0.610697	-4.323028	101.542000
0.130765	0.617862	-4.326260	101.641000
0.127129	0.626203	-4.345592	101.741000
0.123645	0.627200	-4.336702	101.841000
0.119979	0.627447	-4.380571	101.942000
0.116257	0.618794	-4.425902	102.041000
0.112412	0.610947	-4.417062	102.141000
0.108806	0.610712	-4.394212	102.241000
0.105373	0.616986	-4.387440	102.341000
0.101758	0.614823	-4.368141	102.441000
0.098027	0.605392	-4.334006	102.541000
0.094304	0.604888	-4.293921	102.641000
0.090618	0.605986	-4.285199	102.741000
0.087288	0.607430	-4.308354	102.842000
0.083582	0.616672	-4.339942	102.941000
0.079993	0.625695	-4.373227	103.041000
0.076393	0.625666	-4.383816	103.141000
0.072640	0.619917	-4.369502	103.241000
0.068622	0.611896	-4.346783	103.341000
0.065745	0.602819	-4.334540	103.442000
0.061907	0.597081	-4.322758	103.542000
0.058349	0.597446	-4.311013	103.641000
0.054785	0.599269	-4.306394	103.741000
0.051167	0.604513	-4.328736	103.841000
0.047572	0.609294	-4.381984	103.941000
0.044175	0.605292	-4.403994	104.041000
0.040628	0.603892	-4.393495	104.141000
0.036922	0.608643	-4.394029	104.241000
0.033332	0.614941	-4.415457	104.341000
0.029585	0.619506	-4.426680	104.441000
0.025764	0.611924	-4.427009	104.541000
0.022216	0.603951	-4.413410	104.641000
0.018602	0.603613	-4.403618	104.741000
0.015123	0.605673	-4.395936	104.841000
0.011341	0.604256	-4.349389	104.941000
0.007564	0.603059	-4.312044	105.041000
0.004117	0.602479	-4.275979	105.142000
0.000608	0.606676	-4.273801	105.241000
-0.003060	0.611302	-4.283761	105.341000
-0.006617	0.617957	-4.299196	105.442000
-0.010189	0.615885	-4.339754	105.541000
-0.013882	0.608690	-4.350489	105.641000
-0.017603	0.608299	-4.329301	105.741000
-0.021264	0.607412	-4.331338	105.841000
-0.024669	0.607726	-4.369010	105.941000
-0.028426	0.606739	-4.380415	106.041000
-0.031887	0.606654	-4.354432	106.141000
-0.035422	0.605106	-4.311165	106.241000
-0.038827	0.606988	-4.322088	106.341000
-0.042598	0.613815	-4.349186	106.441000
-0.046116	0.621953	-4.340456	106.541000
-0.049682	0.619568	-4.335891	106.641000
-0.053399	0.612501	-4.347893	106.741000
-0.057311	0.609375	-4.350971	106.841000
-0.060781	0.604847	-4.369635	106.942000
-0.064593	0.601240	-4.388787	107.041000
-0.068051	0.604108	-4.372351	107.141000
-0.071701	0.610524	-4.337949	107.241000
-0.075302	0.611855	-4.344685	107.341000
-0.078916	0.607716	-4.357401	107.441000
-0.082381	0.610899	-4.326304	107.541000
-0.085983	0.611494	-4.311562	107.641000
-0.089548	0.611494	-4.319512	107.741000
-0.093064	0.612068	-4.313232	107.841000
-0.096769	0.615751	-4.283314	107.942000
-0.100289	0.617584	-4.254685	108.041000
-0.103818	0.619071	-4.261186	108.141000
-0.107559	0.618607	-4.288194	108.241000
-0.110886	0.617601	-4.334818	108.342000
-0.114446	0.621679	-4.368309	108.441000
-0.118008	0.622753	-4.385533	108.541000
-0.121728	0.625968	-4.403371	108.641000
-0.125251	0.621948	-4.392332	108.742000
-0.129129	0.616720	-4.403715	108.841000
-0.132841	0.617289	-4.399344	108.942000
-0.136345	0.615127	-4.383757	109.041000
-0.139933	0.610213	-4.345802	109.141000
-0.143399	0.618100	-4.329507	109.241000
-0.145212	0.626646	-4.350001	109.341000
-0.146668	0.623564	-4.343485	109.441000
-0.147664	0.616091	-4.350768	109.541000
-0.148689	0.613364	-4.358115	109.641000
-0.149493	0.611035	-4.378153	109.741000
-0.150306	0.614224	-4.398490	109.841000
-0.150798	0.616115	-4.382757	109.941000
-0.151654	0.609798	-4.354329	110.042000
-0.152152	0.607283	-4.361392	110.141000
-0.152540	0.611979	-4.355923	110.241000
-0.153027	0.608304	-4.319459	110.342000
-0.153447	0.606085	-4.326561	110.441000
-0.153822	0.604280	-4.330820	110.541000
-0.154346	0.600476	-4.352259	110.641000
-0.154805	0.600499	-4.362706	110.741000
-0.155056	0.604557	-4.352289	110.841000
-0.155509	0.609825	-4.372450	110.941000
-0.155682	0.611039	-4.375524	111.041000
-0.155906	0.611499	-4.380126	111.141000
-0.156276	0.611413	-4.360304	111.242000
-0.156450	0.611207	-4.342111	111.341000
-0.156724	0.614986	-4.351835	111.441000
-0.156937	0.612901	-4.407760	111.541000
-0.157277	0.612621	-4.412118	111.641000
-0.157492	0.615573	-4.388720	111.741000
-0.157641	0.616132	-4.397755	111.842000
-0.157844	0.615486	-4.424353	111.941000
-0.158130	0.616999	-4.433161	112.041000
-0.158457	0.619172	-4.416472	112.141000
-0.158657	0.616707	-4.392439	112.241000
-0.158760	0.613372	-4.381191	112.341000
-0.158885	0.610006	-4.397812	112.441000
-0.159148	0.604042	-4.408273	112.541000
-0.159175	0.605038	-4.398558	112.641000
-0.159354	0.608689	-4.358327	112.741000
-0.159500	0.614071	-4.316240	112.841000
-0.159615	0.617928	-4.334419	112.941000
-0.159578	0.620071	-4.373597	113.041000
-0.159917	0.618546	-4.389085	113.142000
-0.159852	0.616656	-4.379646	113.241000
-0.160051	0.615957	-4.355664	113.341000
-0.160166	0.610824	-4.329837	113.442000
-0.160247	0.606135	-4.336685	113.541000
-0.160337	0.604302	-4.353525	113.641000
-0.160243	0.604994	-4.394571	113.741000
-0.160476	0.610164	-4.395115	113.841000
-0.160641	0.613433	-4.384430	113.941000
-0.160629	0.616497	-4.393166	114.041000
-0.160802	0.613562	-4.360283	114.141000
-0.160644	0.609556	-4.314009	114.241000
-0.160702	0.610887	-4.322051	114.349000
-0.160883	0.612017	-4.347106	114.441000
-0.160850	0.613264	-4.374434	114.541000
-0.160801	0.618235	-4.372387	114.641000
-0.161005	0.616729	-4.325346	114.741000
-0.161091	0.615904	-4.316696	114.841000
-0.161067	0.609209	-4.323047	114.941000
-0.161053	0.606619	-4.351733	115.041000
-0.161248	0.607471	-4.375081	115.142000
-0.161098	0.611107	-4.373123	115.241000
-0.161197	0.611335	-4.364094	115.341000
-0.161477	0.613585	-4.349209	115.441000
-0.161184	0.613224	-4.336111	115.541000
-0.161152	0.614609	-4.301695	115.641000
-0.161263	0.616051	-4.291683	115.741000
-0.161227	0.618665	-4.320692	115.841000
-0.161529	0.621292	-4.367988	115.941000
-0.161630	0.618239	-4.365008	116.041000
-0.161503	0.612369	-4.345877	116.141000
-0.161634	0.607003	-4.339134	116.241000
-0.161693	0.609996	-4.315271	116.342000
-0.161795	0.615802	-4.316745	116.441000
-0.161810	0.615000	-4.348791	116.541000
-0.161682	0.612112	-4.378626	116.641000
-0.161921	0.612204	-4.362043	116.741000
-0.161709	0.611418	-4.331177	116.841000
-0.161897	0.610771	-4.341027	116.941000
-0.161685	0.607139	-4.379468	117.042000
-0.161778	0.601146	-4.412261	117.141000
-0.161852	0.595266	-4.408361	117.241000
-0.161841	0.590327	-4.391175	117.341000
-0.161835	0.589608	-4.392232	117.441000
-0.162017	0.596239	-4.402565	117.541000
-0.161965	0.606490	-4.365563	117.641000
-0.161858	0.607585	-4.330676	117.741000
-0.162046	0.609586	-4.286723	117.841000
-0.162142	0.608119	-4.308043	117.941000
-0.162043	0.606497	-4.356177	118.041000
-0.161994	0.607187	-4.342877	118.141000
-0.162213	0.608519	-4.324565	118.241000
-0.162092	0.607338	-4.331238	118.341000
-0.162364	0.607723	-4.359640	118.441000
-0.162347	0.610548	-4.399157	118.541000
-0.162161	0.608102	-4.402791	118.641000
-0.162171	0.607456	-4.381612	118.741000
-0.162295	0.612106	-4.376097	118.841000
-0.162338	0.617386	-4.383772	118.941000
-0.162462	0.622585	-4.398134	119.041000
-0.162419	0.613741	-4.393519	119.141000
-0.162285	0.607955	-4.378884	119.242000
-0.162215	0.619212	-4.394890	119.341000
-0.162145	0.626976	-4.381872	119.441000
-0.162311	0.627747	-4.342307	119.541000
-0.162328	0.620382	-4.321332	119.641000
-0.162452	0.610309	-4.332561	119.741000
-0.162231	0.613206	-4.347310	119.841000
-0.162313	0.621116	-4.394292	119.941000
-0.162382	0.617940	-4.400344	120.041000
-0.162272	0.612559	-4.342459	120.142000
-0.162278	0.609327	-4.347664	120.241000
-0.162398	0.604206	-4.353885	120.341000
-0.162447	0.598182	-4.345608	120.441000
-0.162441	0.594586	-4.325475	120.541000
-0.162297	0.596210	-4.320348	120.642000
-0.162443	0.603641	-4.325322	120.741000
-0.162410	0.611495	-4.357904	120.841000
-0.162325	0.608641	-4.395576	120.941000
-0.162302	0.601628	-4.355076	121.041000
-0.162527	0.599119	-4.297640	121.141000
-0.162554	0.601097	-4.297961	121.241000
-0.162421	0.607846	-4.318128	121.341000
-0.162513	0.609668	-4.326199	121.441000
-0.162626	0.606421	-4.333354	121.541000
-0.162503	0.605859	-4.362928	121.641000
-0.162582	0.611361	-4.379283	121.741000
-0.162648	0.621574	-4.371994	121.842000
-0.162449	0.626623	-4.345563	121.941000
-0.162539	0.631354	-4.335388	122.041000
-0.162567	0.625143	-4.364884	122.141000
-0.162466	0.614624	-4.357096	122.241000
-0.162470	0.609956	-4.354180	122.341000
-0.162417	0.611409	-4.345538	122.441000
-0.162339	0.614408	-4.357721	122.541000
-0.162414	0.608946	-4.410044	122.642000
-0.162391	0.608699	-4.422355	122.741000
-0.162498	0.612421	-4.387277	122.842000
-0.162399	0.611912	-4.365696	122.941000
-0.162520	0.614677	-4.304684	123.042000
-0.162572	0.618604	-4.289681	123.141000
-0.162598	0.621687	-4.307134	123.241000
-0.162646	0.616934	-4.335303	123.341000
-0.162414	0.614464	-4.356198	123.441000
-0.162461	0.615279	-4.360617	123.541000
-0.162669	0.612750	-4.381396	123.642000
-0.162678	0.608106	-4.384619	123.741000
-0.162523	0.606444	-4.365118	123.841000
-0.162413	0.609459	-4.368754	123.941000
-0.162586	0.612746	-4.379760	124.041000
-0.162537	0.615718	-4.361430	124.142000
-0.162613	0.613549	-4.377708	124.241000
-0.162552	0.605393	-4.366973	124.342000
-0.162550	0.609319	-4.375837	124.441000
-0.162489	0.602528	-4.368443	124.541000
-0.162515	0.597138	-4.346753	124.641000
-0.162592	0.600947	-4.322837	124.741000
-0.162701	0.605525	-4.304683	124.841000
-0.162567	0.610020	-4.322264	124.941000
-0.162587	0.618829	-4.364247	125.041000
-0.162616	0.614083	-4.377585	125.142000
-0.162705	0.610819	-4.361781	125.241000
-0.162712	0.613333	-4.373394	125.341000
-0.162650	0.617833	-4.396663	125.442000
-0.162688	0.613921	-4.407116	125.541000
-0.162431	0.614828	-4.380170	125.641000
-0.162702	0.611326	-4.363756	125.741000
-0.162617	0.603415	-4.375429	125.841000
-0.162554	0.601058	-4.372261	125.941000
-0.162522	0.607830	-4.333351	126.041000
-0.162642	0.610325	-4.299708	126.141000
-0.162641	0.613222	-4.274745	126.241000
-0.162656	0.616264	-4.276982	126.342000
-0.162634	0.613352	-4.281214	126.441000
-0.162734	0.611359	-4.285623	126.541000
-0.162630	0.608758	-4.280011	126.642000
-0.162718	0.610679	-4.283188	126.741000
-0.162803	0.610491	-4.294897	126.841000
-0.162763	0.609824	-4.333694	126.941000
-0.162616	0.601005	-4.357002	127.041000
-0.162559	0.600995	-4.373321	127.141000
-0.162708	0.602083	-4.378439	127.241000
-0.162587	0.594701	-4.383158	127.341000
-0.162728	0.601236	-4.400238	127.441000
-0.162644	0.611514	-4.361273	127.541000
-0.162753	0.616603	-4.326600	127.642000
-0.162707	0.614433	-4.333009	127.741000
-0.162712	0.612086	-4.354053	127.841000
-0.162664	0.608839	-4.356212	127.941000
-0.162500	0.606246	-4.353903	128.041000
-0.162627	0.605019	-4.346933	128.141000
-0.162529	0.606879	-4.330697	128.241000
-0.162705	0.609334	-4.342776	128.341000
-0.162706	0.611332	-4.365430	128.441000
-0.162807	0.607824	-4.359318	128.541000
-0.162704	0.609198	-4.335704	128.641000
-0.162734	0.614682	-4.320053	128.741000
-0.162618	0.607244	-4.358624	128.841000
-0.162651	0.610524	-4.397290	128.941000
-0.162773	0.622048	-4.389418	129.041000
-0.162791	0.628242	-4.396811	129.142000
-0.162778	0.623241	-4.370528	129.242000
-0.162840	0.621312	-4.358961	129.341000
-0.162870	0.619151	-4.362759	129.441000
-0.162950	0.614669	-4.358006	129.542000
-0.162706	0.613809	-4.382287	129.641000
-0.162983	0.613181	-4.391720	129.741000
-0.162823	0.609456	-4.392238	129.841000
-0.162663	0.610997	-4.395164	129.941000
-0.162796	0.614781	-4.386593	130.041000
-0.162790	0.607950	-4.367880	130.141000
-0.162686	0.601572	-4.344751	130.241000
-0.162691	0.602929	-4.339532	130.341000
-0.162678	0.611120	-4.362608	130.441000
-0.162668	0.619205	-4.366772	130.541000
-0.162636	0.617974	-4.364130	130.641000
-0.162725	0.608919	-4.381112	130.741000
-0.162634	0.603390	-4.403072	130.841000
-0.162824	0.605412	-4.426593	130.941000
-0.162756	0.610091	-4.430109	131.041000
-0.162754	0.611591	-4.406463	131.141000
-0.162783	0.611233	-4.410052	131.241000
-0.162853	0.608683	-4.429472	131.341000
-0.162674	0.603086	-4.443839	131.441000
-0.162816	0.596846	-4.428631	131.541000
-0.162752	0.600079	-4.403508	131.641000
-0.162776	0.598748	-4.385273	131.741000
-0.162749	0.598947	-4.377478	131.841000
-0.162866	0.597915	-4.372496	131.941000
-0.162863	0.593625	-4.363075	132.041000
-0.162861	0.593866	-4.353649	132.142000
-0.162874	0.598759	-4.366075	132.241000
-0.162944	0.600577	-4.339820	132.341000
-0.162935	0.597325	-4.314210	132.441000
-0.162633	0.599933	-4.311781	132.541000
-0.162686	0.607237	-4.322493	132.641000
-0.162705	0.612342	-4.365695	132.741000
-0.162655	0.615690	-4.402732	132.841000
-0.162660	0.616452	-4.404291	132.941000
-0.162772	0.620294	-4.405386	133.041000
-0.162711	0.622116	-4.349378	133.141000
-0.162578	0.622221	-4.315066	133.242000
-0.162549	0.622286	-4.310705	133.341000
-0.162589	0.623058	-4.329144	133.441000
-0.162686	0.622288	-4.344438	133.541000
-0.162727	0.610758	-4.367136	133.641000
-0.162700	0.604676	-4.367723	133.741000
-0.162698	0.605916	-4.369440	133.841000
-0.162649	0.607609	-4.367691	133.941000
-0.162501	0.609408	-4.341067	134.041000
-0.162652	0.610597	-4.342371	134.141000
-0.162637	0.614884	-4.335792	134.241000
-0.162580	0.614565	-4.336541	134.341000
-0.162876	0.609818	-4.347190	134.441000
-0.162655	0.603438	-4.329136	134.541000
-0.162434	0.601585	-4.331948	134.641000
-0.162624	0.607476	-4.335838	134.741000
-0.162726	0.612892	-4.341157	134.841000
-0.162752	0.616914	-4.353910	134.941000
-0.162747	0.612585	-4.367077	135.041000
-0.162689	0.606538	-4.383898	135.141000
-0.162619	0.605186	-4.400465	135.241000
-0.162578	0.601979	-4.384244	135.341000
-0.162624	0.601239	-4.379273	135.441000
-0.162745	0.597603	-4.344802	135.541000
-0.162566	0.602387	-4.329529	135.641000
-0.162656	0.606519	-4.315838	135.741000
-0.162606	0.603990	-4.320971	135.841000
-0.162694	0.613291	-4.331650	135.941000
-0.162513	0.619509	-4.330982	136.041000
-0.162578	0.622045	-4.371814	136.142000
-0.162715	0.620468	-4.397118	136.241000
-0.162592	0.613430	-4.415150	136.341000
-0.162851	0.607587	-4.424299	136.441000
-0.162767	0.604138	-4.416097	136.541000
-0.162569	0.601665	-4.380044	136.641000
-0.162593	0.604146	-4.368050	136.741000
-0.162392	0.610807	-4.381664	136.841000
-0.162505	0.604715	-4.371005	136.941000
-0.162343	0.602410	-4.357548	137.041000
-0.162441	0.601080	-4.377642	137.141000
-0.162367	0.604614	-4.380155	137.241000
-0.162637	0.603537	-4.372484	137.341000
-0.162398	0.602722	-4.367561	137.441000
-0.162434	0.600535	-4.332800	137.541000
-0.162335	0.594330	-4.318345	137.642000
-0.162301	0.598724	-4.317595	137.742000
-0.162501	0.607501	-4.316186	137.841000
-0.162304	0.614491	-4.343266	137.942000
-0.162453	0.617981	-4.392561	138.041000
-0.162449	0.613486	-4.401985	138.141000
-0.162494	0.606854	-4.420350	138.241000
-0.162503	0.605704	-4.442644	138.341000
-0.162530	0.598607	-4.439223	138.441000
-0.162386	0.597480	-4.418170	138.541000
-0.162399	0.596813	-4.387030	138.641000
-0.162479	0.598745	-4.374700	138.741000
-0.162567	0.605060	-4.354693	138.841000
-0.162350	0.613162	-4.329250	138.941000
-0.162387	0.624220	-4.336932	139.041000
-0.162372	0.624981	-4.326640	139.141000
-0.162352	0.622774	-4.300333	139.241000
-0.162345	0.620098	-4.330645	139.341000
-0.162415	0.617832	-4.367738	139.441000
-0.162389	0.613931	-4.340635	139.541000
-0.162389	0.608388	-4.317014	139.641000
-0.162200	0.603869	-4.320844	139.741000
-0.162261	0.602882	-4.366526	139.841000
-0.162173	0.600368	-4.370019	139.941000
-0.162298	0.605023	-4.364082	140.041000
-0.162314	0.611833	-4.339523	140.141000
-0.162346	0.617995	-4.318072	140.241000
-0.162245	0.621557	-4.333820	140.341000
-0.162366	0.621942	-4.344683	140.441000
-0.162248	0.615467	-4.373906	140.541000
-0.162258	0.610406	-4.392373	140.641000
-0.162358	0.607480	-4.393734	140.741000
-0.162299	0.610583	-4.369778	140.841000
-0.162289	0.614500	-4.383959	140.941000
-0.162339	0.612780	-4.412397	141.041000
-0.162256	0.611979	-4.426524	141.141000
-0.162177	0.610952	-4.431261	141.241000
-0.162206	0.606289	-4.409857	141.341000
-0.162350	0.605486	-4.381727	141.441000
-0.162355	0.603576	-4.355657	141.541000
-0.162396	0.599563	-4.315818	141.641000
-0.162288	0.601474	-4.294814	141.741000
-0.162446	0.603780	-4.271017	141.841000
-0.162447	0.606424	-4.264072	141.941000
-0.162382	0.616933	-4.306431	142.041000
-0.162324	0.621436	-4.349047	142.142000
-0.162474	0.618685	-4.366701	142.242000
-0.162345	0.616935	-4.366289	142.341000
-0.162171	0.615589	-4.379631	142.441000
-0.162197	0.611984	-4.379901	142.541000
-0.162278	0.612318	-4.348265	142.641000
-0.162205	0.617553	-4.300826	142.741000
-0.162418	0.625105	-4.309104	142.842000
-0.162369	0.622622	-4.338071	142.941000
-0.162364	0.621390	-4.364191	143.042000
-0.162395	0.619540	-4.381455	143.141000
-0.162240	0.610693	-4.350761	143.241000
-0.162367	0.605601	-4.311756	143.341000
-0.162405	0.609444	-4.313391	143.441000
-0.162449	0.616485	-4.358252	143.541000
-0.162299	0.611990	-4.375244	143.641000
-0.162184	0.610004	-4.390247	143.741000
-0.162118	0.611683	-4.397790	143.841000
-0.161927	0.615002	-4.373881	143.942000
-0.161861	0.624946	-4.368631	144.041000
-0.161945	0.625994	-4.376705	144.141000
-0.161968	0.616215	-4.355505	144.241000
-0.161966	0.609587	-4.360865	144.342000
-0.162041	0.607519	-4.387712	144.441000
-0.162063	0.604963	-4.414213	144.542000
-0.162070	0.602711	-4.401193	144.642000
-0.162222	0.596715	-4.375375	144.741000
-0.162119	0.599894	-4.357270	144.841000
-0.162196	0.602366	-4.398766	144.941000
-0.162197	0.601053	-4.438611	145.041000
-0.162110	0.602379	-4.424313	145.142000
-0.162075	0.611370	-4.380221	145.241000
-0.162021	0.620073	-4.364858	145.341000
-0.162088	0.617914	-4.415609	145.441000
-0.162086	0.615200	-4.431905	145.541000
-0.162220	0.619687	-4.402830	145.641000
-0.162236	0.620779	-4.360056	145.741000
-0.162093	0.620853	-4.326447	145.841000
-0.162268	0.616606	-4.310775	145.942000
-0.162009	0.614038	-4.325466	146.041000
-0.162203	0.606909	-4.346060	146.141000
-0.162156	0.608394	-4.342159	146.241000
-0.162029	0.608967	-4.329253	146.341000
-0.161992	0.610724	-4.353193	146.441000
-0.162012	0.605022	-4.381218	146.542000
-0.162397	0.595605	-4.361633	146.641000
-0.162291	0.597870	-4.351496	146.741000
-0.162488	0.605132	-4.358031	146.841000
-0.162322	0.613702	-4.390327	146.941000
-0.162352	0.622123	-4.417470	147.041000
-0.162469	0.626636	-4.392904	147.141000
-0.162488	0.627586	-4.387343	147.241000
-0.162478	0.622118	-4.376560	147.341000
-0.162340	0.619729	-4.356610	147.441000
-0.162548	0.610533	-4.355142	147.541000
-0.162403	0.606996	-4.353768	147.641000
-0.162503	0.615758	-4.350561	147.741000
-0.162535	0.619678	-4.356673	147.841000
-0.162634	0.613995	-4.362825	147.941000
-0.162437	0.610041	-4.343540	148.041000
-0.162346	0.610130	-4.337094	148.144000
-0.162469	0.612067	-4.361116	148.241000
-0.162500	0.610086	-4.366902	148.342000
-0.162482	0.606088	-4.366774	148.441000
-0.162515	0.609664	-4.396108	148.541000
-0.162405	0.615217	-4.394418	148.641000
-0.162451	0.615398	-4.382838	148.741000
-0.162467	0.616604	-4.396651	148.842000
-0.162451	0.616433	-4.421392	148.941000
-0.162351	0.615626	-4.421495	149.041000
-0.162505	0.614281	-4.390812	149.141000
-0.162468	0.611798	-4.394150	149.242000
-0.162628	0.604225	-4.400817	149.341000
-0.162471	0.599115	-4.396523	149.441000
-0.162462	0.599957	-4.370380	149.541000
-0.162476	0.599639	-4.336271	149.642000
