-0.681028	0.396276	-6.414619	8.537000
-0.679153	0.399601	-6.409954	8.637000
-0.679213	0.395465	-6.409726	8.737000
-0.679189	0.391473	-6.375988	8.837000
-0.679059	0.396159	-6.385076	8.937000
-0.679400	0.398250	-6.385902	9.037000
-0.679068	0.401368	-6.346043	9.137000
-0.679116	0.405022	-6.329028	9.237000
-0.679431	0.403247	-6.364976	9.337000
-0.679141	0.393123	-6.446002	9.437000
-0.679262	0.382959	-6.522634	9.537000
-0.679374	0.383730	-6.545020	9.637000
-0.679276	0.390463	-6.479366	9.737000
-0.679321	0.396346	-6.406834	9.837000
-0.679094	0.396815	-6.400116	9.937000
-0.679292	0.399029	-6.400968	10.037000
-0.679230	0.403621	-6.389486	10.137000
-0.679198	0.405462	-6.399857	10.237000
-0.679140	0.396740	-6.388225	10.337000
-0.679093	0.391750	-6.374590	10.437000
-0.679181	0.393548	-6.379858	10.537000
-0.679191	0.392223	-6.409771	10.637000
-0.679185	0.394000	-6.408839	10.737000
-0.679257	0.400665	-6.391251	10.837000
-0.679093	0.404356	-6.400677	10.937000
-0.679164	0.400104	-6.409999	11.037000
-0.679132	0.396900	-6.395654	11.137000
-0.679087	0.394104	-6.399356	11.237000
-0.679131	0.390696	-6.382878	11.337000
-0.677654	0.387943	-6.367948	11.437000
-0.675821	0.386853	-6.400029	11.537000
-0.673264	0.392686	-6.380815	11.637000
-0.670768	0.394750	-6.390612	11.737000
-0.668453	0.396810	-6.362176	11.837000
-0.665907	0.403368	-6.360282	11.937000
-0.663387	0.407316	-6.405054	12.037000
-0.660719	0.408421	-6.426684	12.137000
-0.657926	0.404866	-6.444466	12.237000
-0.655137	0.401865	-6.391897	12.337000
-0.652427	0.406918	-6.439970	12.437000
-0.649756	0.408239	-6.493732	12.537000
-0.646732	0.398955	-6.506368	12.637000
-0.644138	0.388708	-6.481156	12.737000
-0.641086	0.381832	-6.476910	12.837000
-0.637959	0.384855	-6.466984	12.937000
-0.635235	0.386010	-6.440040	13.037000
-0.632034	0.384089	-6.421251	13.137000
-0.629475	0.383490	-6.391024	13.237000
-0.626348	0.381750	-6.382925	13.337000
-0.623258	0.385361	-6.402194	13.437000
-0.620412	0.392436	-6.408210	13.537000
-0.617223	0.397715	-6.385520	13.637000
-0.614223	0.402631	-6.395702	13.737000
-0.611036	0.400761	-6.425881	13.837000
-0.607867	0.396677	-6.366800	13.937000
-0.604779	0.405585	-6.348066	14.037000
-0.601493	0.417540	-6.422096	14.137000
-0.598728	0.420512	-6.457691	14.237000
-0.595393	0.412077	-6.439153	14.337000
-0.592525	0.398551	-6.420337	14.437000
-0.589331	0.393542	-6.444471	14.537000
-0.586055	0.396141	-6.476924	14.637000
-0.583223	0.402415	-6.522104	14.737000
-0.579900	0.404656	-6.466865	14.837000
-0.577039	0.404421	-6.445830	14.937000
-0.573679	0.401700	-6.459226	15.037000
-0.570151	0.401812	-6.438647	15.137000
-0.567227	0.402356	-6.383071	15.237000
-0.564016	0.403220	-6.380841	15.337000
-0.560965	0.399867	-6.378191	15.437000
-0.557756	0.399153	-6.376091	15.537000
-0.554660	0.401717	-6.379114	15.637000
-0.551485	0.411117	-6.385261	15.737000
-0.548157	0.413023	-6.390834	15.837000
-0.545308	0.409623	-6.362722	15.937000
-0.541909	0.408177	-6.329014	16.037000
-0.538605	0.405906	-6.344619	16.137000
-0.535357	0.401506	-6.378959	16.237000
-0.531748	0.395094	-6.402577	16.337000
-0.528650	0.394363	-6.372368	16.437000
-0.525362	0.398208	-6.361356	16.537000
-0.522384	0.393042	-6.383907	16.637000
-0.519208	0.390747	-6.349295	16.737000
-0.515777	0.394182	-6.313029	16.837000
-0.512655	0.396599	-6.301944	16.937000
-0.509472	0.390736	-6.353516	17.037000
-0.506143	0.386632	-6.380579	17.137000
-0.503082	0.389734	-6.345715	17.237000
-0.499625	0.390073	-6.318775	17.337000
-0.496422	0.385617	-6.343875	17.437000
-0.492933	0.388576	-6.341683	17.537000
-0.489566	0.390594	-6.367012	17.637000
-0.486315	0.397501	-6.453204	17.737000
-0.483076	0.402089	-6.470978	17.837000
-0.479875	0.405320	-6.442451	17.937000
-0.476491	0.399570	-6.444929	18.037000
-0.473157	0.392923	-6.428056	18.137000
-0.470110	0.394282	-6.425788	18.237000
-0.466494	0.393964	-6.436899	18.337000
-0.463620	0.388498	-6.415221	18.437000
-0.459936	0.388070	-6.398638	18.537000
-0.456501	0.388387	-6.410038	18.637000
-0.453275	0.384253	-6.419356	18.737000
-0.449873	0.382166	-6.423106	18.837000
-0.446861	0.380396	-6.453592	18.937000
-0.443286	0.381487	-6.457946	19.037000
-0.440239	0.384092	-6.429735	19.137000
-0.436894	0.386263	-6.415320	19.237000
-0.433535	0.389783	-6.341796	19.337000
-0.430319	0.392216	-6.385323	19.437000
-0.426849	0.391656	-6.424047	19.537000
-0.423650	0.383594	-6.414469	19.637000
-0.420160	0.387302	-6.367010	19.737000
-0.416600	0.388482	-6.325687	19.837000
-0.413587	0.383289	-6.345300	19.937000
-0.410088	0.380461	-6.342546	20.037000
-0.406725	0.374306	-6.345246	20.137000
-0.403405	0.374555	-6.366754	20.237000
-0.400073	0.385930	-6.387549	20.337000
-0.396719	0.395356	-6.415309	20.437000
-0.393560	0.404397	-6.458561	20.537000
-0.390110	0.405390	-6.451125	20.637000
-0.386578	0.405622	-6.422050	20.737000
-0.383542	0.399290	-6.450866	20.837000
-0.380020	0.393303	-6.467173	20.937000
-0.376731	0.389354	-6.419336	21.037000
-0.373587	0.391400	-6.412172	21.137000
-0.370110	0.389023	-6.405012	21.237000
-0.366925	0.389056	-6.352789	21.337000
-0.363574	0.388806	-6.342531	21.437000
-0.360176	0.390800	-6.364028	21.537000
-0.356874	0.396712	-6.344011	21.637000
-0.353481	0.398154	-6.376647	21.737000
-0.350097	0.393466	-6.392509	21.837000
-0.346831	0.388277	-6.437054	21.937000
-0.343507	0.387696	-6.456203	22.037000
-0.340294	0.393779	-6.464665	22.137000
-0.336742	0.390320	-6.489825	22.237000
-0.333258	0.379989	-6.484527	22.337000
-0.330002	0.382613	-6.448049	22.437000
-0.326733	0.388823	-6.443083	22.537000
-0.323621	0.391909	-6.378772	22.637000
-0.320012	0.392332	-6.342273	22.737000
-0.316745	0.389115	-6.354397	22.837000
-0.313314	0.386831	-6.370351	22.937000
-0.309884	0.382412	-6.399612	23.037000
-0.306636	0.384298	-6.430846	23.137000
-0.303068	0.387685	-6.448548	23.237000
-0.299810	0.387616	-6.420439	23.337000
-0.295866	0.383727	-6.426886	23.437000
-0.292734	0.378708	-6.430139	23.537000
-0.289335	0.382337	-6.387645	23.637000
-0.285731	0.386605	-6.386321	23.737000
-0.282623	0.390763	-6.359095	23.837000
-0.279191	0.397968	-6.358542	23.937000
-0.275801	0.394029	-6.357159	24.037000
-0.272422	0.388446	-6.324947	24.137000
-0.268939	0.388064	-6.358707	24.237000
-0.265772	0.393218	-6.380235	24.337000
-0.262196	0.396666	-6.406526	24.437000
-0.258713	0.399959	-6.452720	24.537000
-0.255401	0.401126	-6.460585	24.637000
-0.251918	0.401809	-6.429645	24.737000
-0.248516	0.396755	-6.373336	24.837000
-0.245011	0.386945	-6.327913	24.937000
-0.241800	0.385135	-6.307966	25.037000
-0.238320	0.388652	-6.349343	25.137000
-0.235014	0.389494	-6.390136	25.237000
-0.231465	0.383550	-6.367053	25.337000
-0.227973	0.379086	-6.322988	25.437000
-0.224880	0.381321	-6.306130	25.537000
-0.221128	0.382672	-6.287886	25.637000
-0.217614	0.378765	-6.274263	25.737000
-0.214084	0.375900	-6.268438	25.837000
-0.210386	0.376223	-6.283598	25.937000
-0.207392	0.373245	-6.337154	26.037000
-0.203800	0.371577	-6.318412	26.137000
-0.200406	0.366850	-6.286681	26.237000
-0.197038	0.367042	-6.262963	26.337000
-0.193669	0.370373	-6.262968	26.437000
-0.190310	0.373090	-6.301348	26.537000
-0.186819	0.380683	-6.363332	26.637000
-0.183380	0.385116	-6.395299	26.737000
-0.180030	0.387906	-6.400659	26.837000
-0.176302	0.380698	-6.412166	26.937000
-0.173009	0.377937	-6.455502	27.037000
-0.169290	0.384674	-6.441924	27.137000
-0.166051	0.388072	-6.430348	27.237000
-0.162683	0.390164	-6.397037	27.337000
-0.159031	0.385716	-6.382987	27.437000
-0.155867	0.388581	-6.387124	27.537000
-0.152211	0.395459	-6.427121	27.637000
-0.149039	0.365828	-6.571426	27.737000
-0.145398	0.316769	-6.554268	27.837000
-0.141941	0.272464	-6.493642	27.937000
-0.138479	0.237083	-6.261382	28.037000
-0.134536	0.212261	-6.061425	28.137000
-0.131288	0.197443	-5.982877	28.237000
-0.127770	0.189095	-6.052291	28.337000
-0.124239	0.184889	-6.101854	28.437000
-0.120918	0.178538	-6.184605	28.537000
-0.117302	0.172735	-6.229554	28.637000
-0.114115	0.167402	-6.256668	28.737000
-0.110349	0.164504	-6.212608	28.837000
-0.107287	0.166404	-6.110456	28.937000
-0.103587	0.166088	-6.029233	29.037000
-0.100158	0.163564	-5.985923	29.137000
-0.096629	0.161127	-5.931868	29.237000
-0.092755	0.162960	-6.001260	29.337000
-0.089403	0.168181	-6.025311	29.437000
-0.085862	0.163262	-6.064037	29.537000
-0.082456	0.157816	-6.068900	29.637000
-0.079083	0.153987	-5.933319	29.737000
-0.075326	0.153356	-5.773099	29.837000
-0.072173	0.151120	-5.844409	29.937000
-0.068710	0.153295	-6.016391	30.037000
-0.065275	0.154912	-6.111873	30.137000
-0.061829	0.151797	-5.961572	30.237000
-0.058214	0.153585	-5.868655	30.337000
-0.055150	0.153155	-5.904116	30.437000
-0.051500	0.156576	-5.968480	30.537000
-0.048172	0.152985	-6.055424	30.637000
-0.044661	0.152144	-5.931161	30.737000
-0.040955	0.159387	-5.737828	30.837000
-0.037660	0.161648	-5.639458	30.937000
-0.034085	0.167328	-5.721464	31.037000
-0.030600	0.168015	-5.962021	31.137000
-0.027484	0.160321	-6.148235	31.237000
-0.023514	0.153806	-6.176529	31.337000
-0.020208	0.157484	-6.228531	31.437000
-0.016627	0.161373	-6.219810	31.537000
-0.013258	0.156764	-6.120210	31.637000
-0.009783	0.150699	-6.084974	31.737000
-0.006318	0.150779	-6.086372	31.837000
-0.002435	0.156474	-5.997232	31.937000
0.000973	0.158330	-5.852586	32.037000
0.004434	0.155686	-5.807141	32.137000
0.007803	0.154874	-5.821552	32.237000
0.011412	0.154834	-5.754631	32.337000
0.014852	0.160075	-5.784812	32.437000
0.018347	0.163473	-5.848613	32.537000
0.021827	0.163575	-5.843540	32.637000
0.025336	0.163722	-5.905676	32.737000
0.028991	0.163801	-5.929798	32.837000
0.032464	0.163396	-5.930515	32.937000
0.036185	0.162715	-5.905048	33.037000
0.039510	0.158630	-5.825637	33.137000
0.043048	0.154205	-5.924645	33.237000
0.046721	0.151713	-6.065361	33.337000
0.050198	0.159864	-6.200626	33.437000
0.053658	0.161109	-6.338175	33.537000
0.057004	0.160739	-6.317193	33.637000
0.060919	0.164490	-6.141480	33.737000
0.064348	0.161935	-6.045328	33.837000
0.067703	0.163461	-6.028083	33.937000
0.071149	0.168845	-5.959953	34.037000
0.074659	0.170925	-5.862936	34.137000
0.078122	0.174160	-5.842490	34.237000
0.081582	0.174490	-5.947065	34.337000
0.085091	0.172017	-5.962901	34.437000
0.088786	0.165434	-5.882573	34.537000
0.091987	0.166811	-5.862734	34.637000
0.095563	0.165793	-5.991762	34.737000
0.098905	0.156595	-6.142978	34.837000
0.102437	0.147059	-6.246826	34.937000
0.105887	0.144633	-6.364052	35.037000
0.109394	0.148155	-6.376029	35.137000
0.113124	0.160580	-6.229279	35.237000
0.116800	0.164961	-5.992272	35.337000
0.120374	0.166540	-5.956333	35.437000
0.124001	0.166796	-5.949316	35.537000
0.127386	0.164196	-5.977675	35.637000
0.131282	0.163406	-6.044939	35.737000
0.134374	0.163394	-6.034647	35.837000
0.138000	0.163398	-6.038399	35.937000
0.141655	0.159862	-5.976999	36.037000
0.145086	0.156086	-6.041303	36.137000
0.148545	0.157916	-5.989464	36.237000
0.152059	0.165250	-5.916877	36.337000
0.155924	0.178404	-5.819205	36.437000
0.159527	0.199449	-5.793285	36.537000
0.162795	0.223868	-5.949892	36.638000
0.166823	0.252116	-6.219410	36.737000
0.170011	0.286395	-6.774957	36.837000
0.173477	0.358007	-7.399651	36.937000
0.176860	0.441362	-7.674608	37.037000
0.180370	0.438556	-7.549288	37.137000
0.183887	0.400910	-7.226577	37.237000
0.187627	0.386719	-6.882833	37.337000
0.191382	0.386867	-6.708818	37.437000
0.194923	0.389341	-6.585897	37.537000
0.198680	0.384414	-6.511128	37.637000
0.202318	0.382562	-6.467892	37.737000
0.205665	0.382386	-6.475682	37.837000
0.209443	0.378458	-6.460608	37.937000
0.213084	0.375677	-6.443503	38.037000
0.216794	0.377223	-6.484508	38.137000
0.220004	0.387377	-6.473727	38.237000
0.223644	0.389094	-6.439841	38.337000
0.227324	0.389191	-6.434314	38.437000
0.230959	0.387324	-6.378664	38.537000
0.234425	0.386261	-6.323427	38.637000
0.238212	0.391341	-6.328573	38.737000
0.241794	0.392237	-6.354935	38.837000
0.245780	0.393576	-6.327888	38.937000
0.249022	0.391132	-6.339774	39.037000
0.252875	0.383952	-6.378705	39.137000
0.256369	0.376243	-6.432412	39.237000
0.259832	0.371991	-6.451510	39.337000
0.263467	0.374027	-6.454077	39.437000
0.266616	0.381498	-6.390747	39.537000
0.270466	0.388214	-6.381693	39.637000
0.273843	0.393605	-6.401057	39.737000
0.277644	0.392105	-6.389939	39.837000
0.281127	0.393114	-6.400791	39.937000
0.284526	0.397018	-6.409553	40.037000
0.288326	0.401989	-6.396997	40.137000
0.291913	0.401082	-6.368275	40.237000
0.295560	0.397258	-6.362782	40.337000
0.299230	0.389690	-6.376067	40.437000
0.302556	0.385302	-6.345580	40.537000
0.306219	0.384232	-6.305026	40.637000
0.309735	0.385155	-6.342671	40.737000
0.313345	0.385569	-6.403925	40.837000
0.317005	0.382608	-6.436939	40.937000
0.320453	0.384074	-6.418742	41.037000
0.324436	0.385550	-6.367617	41.137000
0.327787	0.383896	-6.389875	41.237000
0.331948	0.387165	-6.417446	41.337000
0.335476	0.389030	-6.391782	41.437000
0.338801	0.389144	-6.364215	41.537000
0.342560	0.390914	-6.364551	41.637000
0.345976	0.383552	-6.383765	41.737000
0.349818	0.384910	-6.417142	41.837000
0.353100	0.388710	-6.380390	41.937000
0.356851	0.395219	-6.368987	42.037000
0.360469	0.399428	-6.393928	42.137000
0.364123	0.408244	-6.422740	42.237000
0.367732	0.405960	-6.447689	42.337000
0.371308	0.400468	-6.442061	42.437000
0.374637	0.388394	-6.436315	42.537000
0.378355	0.386160	-6.404388	42.637000
0.381824	0.389191	-6.339330	42.737000
0.385627	0.391147	-6.300172	42.837000
0.388973	0.393771	-6.336922	42.937000
0.392577	0.396091	-6.400158	43.037000
0.396311	0.391521	-6.389036	43.137000
0.399551	0.389682	-6.366214	43.237000
0.403421	0.387833	-6.363420	43.337000
0.406959	0.389403	-6.358507	43.437000
0.410779	0.386257	-6.340639	43.537000
0.414323	0.383512	-6.367880	43.637000
0.418061	0.381448	-6.357353	43.737000
0.421655	0.383510	-6.368107	43.837000
0.424863	0.391365	-6.389790	43.937000
0.428711	0.398312	-6.421807	44.037000
0.432332	0.392950	-6.392817	44.137000
0.435910	0.390510	-6.321407	44.237000
0.439438	0.391137	-6.312961	44.337000
0.443035	0.391135	-6.347582	44.437000
0.446730	0.394733	-6.361018	44.537000
0.450288	0.393452	-6.337395	44.637000
0.454084	0.388727	-6.324990	44.737000
0.457775	0.395653	-6.303983	44.837000
0.461318	0.402948	-6.336604	44.937000
0.465152	0.405251	-6.363296	45.037000
0.468709	0.400879	-6.350874	45.137000
0.472065	0.390621	-6.371568	45.237000
0.475980	0.386381	-6.397722	45.337000
0.479418	0.389153	-6.380573	45.437000
0.483106	0.397773	-6.337924	45.537000
0.486630	0.395315	-6.325738	45.637000
0.490235	0.392985	-6.347243	45.737000
0.493975	0.391951	-6.389067	45.837000
0.497726	0.392394	-6.428891	45.937000
0.501557	0.389045	-6.446642	46.037000
0.505124	0.390541	-6.429529	46.137000
0.508830	0.396041	-6.410652	46.237000
0.512461	0.394355	-6.365976	46.337000
0.516153	0.391408	-6.305003	46.437000
0.519652	0.395099	-6.290806	46.537000
0.523356	0.400392	-6.301703	46.637000
0.527005	0.399263	-6.338685	46.737000
0.530483	0.401764	-6.343125	46.837000
0.534215	0.407584	-6.355552	46.937000
0.538095	0.408139	-6.416660	47.037000
0.541822	0.399950	-6.464047	47.137000
0.545734	0.391692	-6.449489	47.237000
0.549157	0.392874	-6.424065	47.337000
0.552934	0.394461	-6.442786	47.437000
0.556675	0.388810	-6.425165	47.537000
0.560281	0.394429	-6.416453	47.637000
0.563786	0.399807	-6.468405	47.737000
0.567349	0.398875	-6.477313	47.837000
0.571008	0.393665	-6.471269	47.937000
0.574597	0.393385	-6.455482	48.037000
0.578096	0.397497	-6.416175	48.137000
0.582063	0.405209	-6.430111	48.237000
0.585752	0.406934	-6.442461	48.337000
0.589320	0.406367	-6.448107	48.437000
0.592945	0.407414	-6.445229	48.537000
0.596260	0.404787	-6.415432	48.637000
0.600127	0.404469	-6.410373	48.737000
0.603692	0.403555	-6.414457	48.837000
0.607068	0.398400	-6.373742	48.937000
0.611075	0.395115	-6.369785	49.037000
0.614677	0.397223	-6.387675	49.137000
0.618382	0.404263	-6.406477	49.237000
0.621869	0.404237	-6.399469	49.337000
0.625573	0.393485	-6.406256	49.437000
0.629057	0.384203	-6.418587	49.537000
0.632832	0.392124	-6.402772	49.637000
0.636536	0.397494	-6.375339	49.737000
0.640079	0.398649	-6.345585	49.837000
0.643797	0.398466	-6.322181	49.937000
0.647497	0.406217	-6.346784	50.037000
0.651010	0.410553	-6.377288	50.137000
0.654643	0.411927	-6.426602	50.237000
0.658170	0.409363	-6.440125	50.337000
0.662231	0.405625	-6.406584	50.437000
0.665637	0.396327	-6.412137	50.537000
0.669532	0.395354	-6.379145	50.637000
0.673099	0.393817	-6.370343	50.737000
0.676366	0.392310	-6.423729	50.837000
0.680277	0.398628	-6.456027	50.937000
0.683861	0.397539	-6.474834	51.037000
0.687698	0.394016	-6.440476	51.138000
0.690952	0.396373	-6.441028	51.237000
0.694729	0.397982	-6.394714	51.337000
0.698527	0.403465	-6.360541	51.437000
0.702057	0.409588	-6.336455	51.537000
0.705576	0.416735	-6.346357	51.637000
0.709214	0.417946	-6.393493	51.737000
0.713119	0.414996	-6.423602	51.837000
0.716912	0.419205	-6.412575	51.937000
0.720464	0.419703	-6.473021	52.037000
0.724259	0.418149	-6.481771	52.137000
0.727774	0.411254	-6.463567	52.237000
0.731528	0.404340	-6.392424	52.337000
0.735173	0.401763	-6.363319	52.437000
0.738935	0.407401	-6.395489	52.537000
0.742457	0.408576	-6.429719	52.637000
0.746260	0.400905	-6.430008	52.737000
0.749675	0.401439	-6.459843	52.837000
0.753462	0.400821	-6.443608	52.937000
0.757360	0.400853	-6.403780	53.037000
0.761031	0.404181	-6.403453	53.137000
0.764618	0.407886	-6.400562	53.237000
0.768460	0.413463	-6.393739	53.337000
0.771951	0.413233	-6.375181	53.437000
0.775462	0.411361	-6.334136	53.537000
0.779262	0.411206	-6.336326	53.637000
0.782414	0.408631	-6.363691	53.737000
0.786700	0.406535	-6.361104	53.837000
0.789997	0.407323	-6.335461	53.937000
0.793747	0.409136	-6.326031	54.037000
0.797652	0.409136	-6.352696	54.137000
0.800830	0.403880	-6.367022	54.237000
0.804803	0.409276	-6.373990	54.337000
0.808521	0.412885	-6.390717	54.437000
0.812181	0.414860	-6.367838	54.537000
0.815735	0.415662	-6.359559	54.637000
0.819210	0.411830	-6.393959	54.737000
0.823070	0.408792	-6.419852	54.837000
0.826624	0.407494	-6.449040	54.937000
0.830315	0.410296	-6.421573	55.037000
0.833973	0.416815	-6.442668	55.137000
0.837440	0.420358	-6.393860	55.237000
0.841477	0.421632	-6.333121	55.337000
0.845356	0.415231	-6.355378	55.437000
0.849011	0.409886	-6.370138	55.537000
0.852695	0.407871	-6.385863	55.637000
0.856431	0.406272	-6.376050	55.737000
0.860043	0.414122	-6.314530	55.837000
0.863701	0.418238	-6.305500	55.937000
0.867373	0.415658	-6.325131	56.037000
0.870901	0.417024	-6.320897	56.137000
0.874714	0.424437	-6.326422	56.237000
0.878491	0.423475	-6.384483	56.337000
0.881902	0.421468	-6.429805	56.437000
0.885803	0.421539	-6.434965	56.537000
0.889495	0.422294	-6.434740	56.637000
0.893364	0.424149	-6.453133	56.737000
0.896926	0.420004	-6.474835	56.837000
0.900505	0.412478	-6.438544	56.937000
0.904483	0.413424	-6.360800	57.037000
0.907739	0.411573	-6.338349	57.137000
0.911340	0.408008	-6.333025	57.237000
0.915231	0.404763	-6.362919	57.337000
0.918799	0.405926	-6.344452	57.437000
0.922682	0.414631	-6.319699	57.537000
0.926057	0.418343	-6.305497	57.637000
0.930098	0.419412	-6.291159	57.737000
0.933686	0.421010	-6.299840	57.837000
0.937485	0.419960	-6.331838	57.937000
0.941339	0.413810	-6.340620	58.037000
0.944955	0.414696	-6.320423	58.137000
0.948502	0.415980	-6.291924	58.237000
0.952317	0.418773	-6.288118	58.337000
0.955951	0.427201	-6.291112	58.437000
0.959742	0.428674	-6.288697	58.537000
0.962917	0.421761	-6.296947	58.637000
0.966734	0.415322	-6.340069	58.737000
0.970667	0.406763	-6.391579	58.837000
0.974300	0.408113	-6.388078	58.937000
0.977988	0.414543	-6.371461	59.037000
0.981591	0.418641	-6.361990	59.137000
0.985303	0.418999	-6.361256	59.237000
0.988776	0.423010	-6.371427	59.337000
0.992537	0.419484	-6.371136	59.437000
0.996174	0.416945	-6.393652	59.537000
0.999713	0.412576	-6.449873	59.637000
1.003442	0.411504	-6.456427	59.737000
1.006987	0.411589	-6.452626	59.837000
1.010823	0.412050	-6.433212	59.937000
1.014464	0.409495	-6.455173	60.037000
1.018210	0.410458	-6.452737	60.137000
1.021894	0.409962	-6.428282	60.237000
1.025342	0.405708	-6.379843	60.337000
1.029195	0.403764	-6.357483	60.437000
1.033077	0.403052	-6.361216	60.537000
1.036776	0.403654	-6.383554	60.637000
1.040433	0.404602	-6.426632	60.737000
1.043923	0.400892	-6.428174	60.837000
1.047623	0.401598	-6.388503	60.937000
1.051177	0.405449	-6.397998	61.037000
1.055054	0.406986	-6.374604	61.137000
1.058835	0.412205	-6.372708	61.237000
1.062505	0.412863	-6.390909	61.337000
1.063087	0.415774	-6.347876	61.437000
1.062389	0.415988	-6.322778	61.537000
1.061325	0.407999	-6.332680	61.637000
1.059979	0.398668	-6.341318	61.737000
1.058382	0.401456	-6.360382	61.837000
1.056618	0.406765	-6.375660	61.937000
1.054131	0.410568	-6.376337	62.037000
1.052443	0.408823	-6.426333	62.137000
1.050422	0.407306	-6.436358	62.237000
1.047819	0.408546	-6.389057	62.337000
1.045646	0.414187	-6.409886	62.437000
1.043403	0.418528	-6.451790	62.537000
1.041249	0.415397	-6.474726	62.637000
1.038192	0.411327	-6.437407	62.737000
1.035973	0.412320	-6.378558	62.837000
1.033015	0.411844	-6.371179	62.937000
1.030386	0.410159	-6.373066	63.037000
1.027845	0.408428	-6.345607	63.137000
1.024852	0.413234	-6.321790	63.237000
1.022669	0.416456	-6.351854	63.337000
1.019658	0.416313	-6.348844	63.437000
1.016724	0.417647	-6.341727	63.537000
1.014056	0.415635	-6.350789	63.637000
1.010997	0.413169	-6.382040	63.737000
1.008273	0.411051	-6.400203	63.837000
1.005416	0.409511	-6.433691	63.937000
1.002213	0.405793	-6.487206	64.037000
0.999678	0.401594	-6.500839	64.137000
0.996521	0.401867	-6.469125	64.237000
0.993912	0.399777	-6.407642	64.337000
0.990592	0.396662	-6.380890	64.437000
0.987648	0.397031	-6.318464	64.537000
0.984593	0.404253	-6.310801	64.637000
0.981518	0.415053	-6.359561	64.737000
0.978573	0.423143	-6.382709	64.837000
0.975509	0.419608	-6.384719	64.937000
0.972258	0.409503	-6.368036	65.037000
0.968977	0.408696	-6.353368	65.137000
0.966284	0.413037	-6.347259	65.237000
0.963214	0.414381	-6.329258	65.337000
0.959834	0.413391	-6.303812	65.437000
0.956901	0.410599	-6.318562	65.537000
0.953768	0.409518	-6.390897	65.637000
0.950559	0.406055	-6.464814	65.737000
0.947660	0.406442	-6.473545	65.837000
0.944526	0.405477	-6.428637	65.937000
0.941410	0.405722	-6.346648	66.037000
0.938271	0.410134	-6.325217	66.137000
0.934982	0.414376	-6.340636	66.237000
0.931881	0.413461	-6.362968	66.337000
0.928637	0.411474	-6.374969	66.437000
0.925474	0.409855	-6.338430	66.537000
0.922365	0.412281	-6.314569	66.637000
0.919055	0.419724	-6.278077	66.737000
0.915788	0.428844	-6.269301	66.837000
0.912573	0.428501	-6.309385	66.937000
0.909544	0.420652	-6.376338	67.037000
0.906367	0.415131	-6.424928	67.137000
0.903264	0.414911	-6.373491	67.237000
0.899929	0.414047	-6.320761	67.337000
0.896695	0.412885	-6.340987	67.437000
0.893533	0.415831	-6.384166	67.537000
0.890216	0.418824	-6.359723	67.637000
0.887148	0.421022	-6.380264	67.737000
0.883836	0.414113	-6.416294	67.837000
0.880293	0.406545	-6.398568	67.937000
0.877350	0.408690	-6.359038	68.037000
0.873873	0.415852	-6.320053	68.137000
0.870641	0.410551	-6.335183	68.237000
0.867569	0.400386	-6.295590	68.337000
0.864257	0.402143	-6.290695	68.437000
0.860940	0.401620	-6.322746	68.537000
0.857598	0.402569	-6.327183	68.637000
0.854446	0.396803	-6.337927	68.737000
0.851184	0.392272	-6.346810	68.837000
0.847803	0.393534	-6.408029	68.937000
0.844592	0.394765	-6.451984	69.037000
0.841235	0.398735	-6.437684	69.137000
0.838170	0.400620	-6.410327	69.237000
0.834775	0.399472	-6.349701	69.337000
0.831580	0.396896	-6.344747	69.437000
0.828224	0.392807	-6.365431	69.537000
0.825145	0.397614	-6.395751	69.637000
0.821612	0.409082	-6.434424	69.737000
0.818026	0.413737	-6.436185	69.837000
0.814872	0.415660	-6.380832	69.937000
0.811519	0.418725	-6.346386	70.037000
0.808403	0.414088	-6.324407	70.137000
0.805088	0.411606	-6.309543	70.237000
0.801664	0.404993	-6.314901	70.337000
0.798778	0.399147	-6.283354	70.437000
0.795182	0.394490	-6.271218	70.537000
0.791833	0.394652	-6.325801	70.637000
0.788515	0.397446	-6.372647	70.737000
0.785238	0.397300	-6.383972	70.837000
0.781912	0.396690	-6.391678	70.937000
0.778569	0.396523	-6.374759	71.037000
0.775237	0.398065	-6.354454	71.137000
0.771970	0.396661	-6.357100	71.237000
0.768432	0.400443	-6.377778	71.337000
0.765427	0.403903	-6.395533	71.437000
0.761938	0.406918	-6.382890	71.537000
0.758710	0.402890	-6.355736	71.637000
0.755280	0.400112	-6.325348	71.737000
0.751921	0.401313	-6.329185	71.837000
0.748592	0.402199	-6.324460	71.937000
0.745160	0.405232	-6.336747	72.037000
0.742149	0.402509	-6.341869	72.137000
0.738760	0.404447	-6.381813	72.237000
0.735609	0.401906	-6.386081	72.337000
0.732144	0.397123	-6.386627	72.437000
0.728640	0.403005	-6.401349	72.537000
0.725578	0.401111	-6.403777	72.637000
0.722125	0.390287	-6.381177	72.737000
0.718775	0.383710	-6.358289	72.837000
0.715319	0.395369	-6.343855	72.937000
0.712016	0.405812	-6.340869	73.037000
0.708882	0.405775	-6.330954	73.137000
0.705398	0.412710	-6.318941	73.237000
0.702251	0.418135	-6.349611	73.337000
0.698706	0.412364	-6.395171	73.437000
0.695263	0.407840	-6.419620	73.537000
0.691937	0.402791	-6.439567	73.637000
0.688543	0.403478	-6.445197	73.737000
0.685347	0.404909	-6.461959	73.837000
0.681688	0.399343	-6.506953	73.937000
0.678395	0.401410	-6.471865	74.037000
0.675309	0.410360	-6.467068	74.137000
0.671742	0.413122	-6.441121	74.237000
0.668417	0.409161	-6.446676	74.337000
0.665023	0.407008	-6.402754	74.437000
0.661464	0.409457	-6.367283	74.537000
0.658194	0.405246	-6.335216	74.637000
0.654864	0.402946	-6.335840	74.737000
0.651208	0.398214	-6.421903	74.837000
0.647914	0.398909	-6.485298	74.937000
0.644755	0.406220	-6.481112	75.037000
0.641202	0.404096	-6.459666	75.137000
0.637800	0.400954	-6.425736	75.237000
0.634781	0.397277	-6.434422	75.337000
0.631157	0.397708	-6.428758	75.437000
0.627772	0.395886	-6.371264	75.537000
0.624202	0.392189	-6.316252	75.637000
0.620821	0.392693	-6.282540	75.737000
0.617393	0.399214	-6.337709	75.837000
0.613772	0.403884	-6.399868	75.937000
0.610897	0.412117	-6.418864	76.037000
0.607202	0.419068	-6.441617	76.137000
0.603933	0.411948	-6.475765	76.237000
0.600507	0.401466	-6.447552	76.337000
0.597189	0.404226	-6.378229	76.437000
0.593888	0.407601	-6.358892	76.537000
0.590377	0.406184	-6.335071	76.637000
0.587025	0.405822	-6.339786	76.737000
0.583627	0.401339	-6.324005	76.837000
0.579984	0.401134	-6.333494	76.937000
0.576565	0.394566	-6.380239	77.037000
0.573037	0.389302	-6.347204	77.137000
0.569419	0.388966	-6.320995	77.237000
0.566204	0.394264	-6.338669	77.337000
0.562681	0.398030	-6.356414	77.437000
0.559464	0.399284	-6.327831	77.537000
0.555710	0.404698	-6.276026	77.637000
0.552581	0.406874	-6.281959	77.737000
0.548901	0.406543	-6.307763	77.837000
0.545585	0.404333	-6.335769	77.937000
0.541986	0.396186	-6.355921	78.037000
0.538365	0.391934	-6.366479	78.137000
0.534948	0.395874	-6.340682	78.237000
0.531394	0.395040	-6.321403	78.337000
0.528115	0.388209	-6.355477	78.437000
0.524648	0.387832	-6.406266	78.537000
0.520896	0.384752	-6.438984	78.637000
0.517851	0.380146	-6.441941	78.737000
0.514253	0.380415	-6.448516	78.837000
0.510999	0.383764	-6.426886	78.937000
0.507444	0.389123	-6.329993	79.037000
0.503958	0.389445	-6.266698	79.137000
0.500400	0.392132	-6.288339	79.237000
0.496750	0.387297	-6.301587	79.337000
0.493306	0.387192	-6.314002	79.437000
0.489914	0.388713	-6.320486	79.537000
0.486337	0.388398	-6.330313	79.637000
0.483005	0.387653	-6.360381	79.737000
0.479290	0.394046	-6.405317	79.837000
0.476048	0.396951	-6.472493	79.937000
0.472616	0.396208	-6.454702	80.037000
0.469066	0.393274	-6.429645	80.137000
0.465827	0.394612	-6.418478	80.237000
0.461969	0.399068	-6.434406	80.337000
0.458980	0.402060	-6.422784	80.437000
0.455207	0.399817	-6.374598	80.537000
0.451773	0.392397	-6.333312	80.637000
0.448275	0.387536	-6.332838	80.737000
0.444828	0.389043	-6.341720	80.837000
0.441306	0.391615	-6.347573	80.937000
0.437935	0.385923	-6.418699	81.037000
0.434382	0.388569	-6.450593	81.137000
0.431116	0.388390	-6.373846	81.237000
0.427246	0.387975	-6.309185	81.337000
0.424169	0.386253	-6.399759	81.437000
0.420363	0.388799	-6.459747	81.537000
0.416664	0.393283	-6.452381	81.637000
0.413293	0.393297	-6.431564	81.737000
0.409829	0.394754	-6.429557	81.837000
0.406128	0.394345	-6.459795	81.937000
0.402573	0.395223	-6.420359	82.037000
0.399338	0.396099	-6.403706	82.137000
0.395756	0.393036	-6.400000	82.237000
0.392268	0.389627	-6.416731	82.337000
0.388823	0.392452	-6.414466	82.437000
0.385156	0.396999	-6.380574	82.537000
0.381825	0.399716	-6.342204	82.637000
0.378450	0.402745	-6.335519	82.737000
0.374880	0.404483	-6.412569	82.837000
0.371351	0.405660	-6.463332	82.937000
0.367760	0.400037	-6.518572	83.037000
0.364241	0.395856	-6.497085	83.137000
0.360902	0.400038	-6.450148	83.237000
0.357532	0.390514	-6.450103	83.337000
0.353662	0.382934	-6.474680	83.437000
0.350341	0.380599	-6.456710	83.537000
0.346911	0.373620	-6.440955	83.637000
0.343250	0.370702	-6.428991	83.737000
0.339727	0.376566	-6.480186	83.837000
0.336155	0.387752	-6.475285	83.937000
0.332532	0.393369	-6.457507	84.037000
0.328990	0.392859	-6.421130	84.137000
0.325462	0.390443	-6.347158	84.237000
0.321947	0.398731	-6.299862	84.337000
0.318339	0.399940	-6.306988	84.437000
0.314924	0.399204	-6.320604	84.537000
0.311389	0.398309	-6.336783	84.637000
0.307897	0.398458	-6.340586	84.737000
0.304365	0.394126	-6.325596	84.837000
0.300655	0.392231	-6.328055	84.937000
0.297288	0.390574	-6.334277	85.037000
0.293783	0.383565	-6.341302	85.137000
0.289975	0.385396	-6.372759	85.237000
0.286273	0.387153	-6.440916	85.337000
0.282767	0.386473	-6.433698	85.437000
0.279335	0.384739	-6.430308	85.537000
0.275632	0.383659	-6.416894	85.637000
0.272337	0.385303	-6.382035	85.737000
0.268690	0.384362	-6.364268	85.837000
0.265184	0.381832	-6.343702	85.937000
0.261884	0.384872	-6.330556	86.037000
0.258278	0.387420	-6.343966	86.137000
0.254890	0.386522	-6.384180	86.237000
0.251512	0.386740	-6.402747	86.337000
0.247762	0.391155	-6.430051	86.437000
0.244213	0.395047	-6.434213	86.537000
0.240693	0.394970	-6.407506	86.637000
0.237342	0.390711	-6.353244	86.737000
0.233621	0.389074	-6.337240	86.837000
0.230096	0.391467	-6.321473	86.937000
0.226757	0.397315	-6.305398	87.037000
0.223148	0.399710	-6.349016	87.137000
0.219621	0.391271	-6.387533	87.237000
0.216007	0.386688	-6.399467	87.337000
0.212477	0.384579	-6.422835	87.437000
0.209054	0.383551	-6.380385	87.537000
0.205045	0.384121	-6.316718	87.637000
0.201611	0.386601	-6.287394	87.737000
0.198132	0.388001	-6.316521	87.837000
0.194372	0.394695	-6.350123	87.937000
0.190898	0.397522	-6.348510	88.037000
0.187065	0.391907	-6.333224	88.137000
0.183794	0.387259	-6.334997	88.237000
0.180445	0.384281	-6.321412	88.337000
0.176867	0.383886	-6.353236	88.437000
0.173256	0.385060	-6.390809	88.537000
0.169384	0.384278	-6.427244	88.638000
0.166147	0.376332	-6.468418	88.737000
0.162340	0.349160	-6.666578	88.837000
0.158988	0.314053	-6.698859	88.937000
0.155319	0.276080	-6.585979	89.037000
0.151822	0.245797	-6.411350	89.137000
0.148498	0.223485	-6.207799	89.237000
0.144891	0.208900	-6.044443	89.337000
0.141595	0.193429	-6.033895	89.437000
0.137825	0.177807	-5.997372	89.537000
0.134520	0.166259	-5.929898	89.637000
0.130754	0.165218	-5.934501	89.737000
0.126998	0.157168	-5.997665	89.837000
0.123656	0.150653	-6.000626	89.937000
0.119895	0.151857	-6.006508	90.037000
0.116211	0.160811	-6.045908	90.137000
0.112640	0.171541	-5.946302	90.237000
0.109106	0.176310	-5.894590	90.337000
0.105518	0.177001	-5.850037	90.437000
0.101843	0.175755	-5.899674	90.537000
0.098587	0.165846	-5.938279	90.637000
0.094856	0.158259	-5.897507	90.737000
0.091324	0.155267	-6.000114	90.837000
0.087815	0.153074	-6.081133	90.937000
0.083903	0.153111	-6.020704	91.037000
0.080654	0.156102	-6.054835	91.137000
0.077042	0.157836	-6.012706	91.237000
0.073421	0.159802	-5.933516	91.337000
0.069988	0.164043	-5.897382	91.437000
0.066230	0.165005	-5.934087	91.537000
0.062770	0.162291	-6.048341	91.637000
0.058912	0.159534	-6.202458	91.737000
0.055280	0.153013	-6.260879	91.837000
0.051664	0.149291	-6.209914	91.937000
0.048220	0.154890	-6.085873	92.037000
0.044810	0.157512	-5.888193	92.137000
0.040983	0.154370	-5.887491	92.237000
0.037844	0.148185	-5.994130	92.337000
0.034251	0.145009	-6.048171	92.437000
0.030552	0.148275	-6.178819	92.537000
0.027030	0.146910	-6.211582	92.637000
0.023482	0.150328	-6.059497	92.737000
0.019931	0.144479	-5.976082	92.837000
0.016303	0.145597	-5.892702	92.937000
0.012852	0.141757	-5.939789	93.037000
0.009334	0.144574	-6.038306	93.137000
0.005715	0.156117	-6.070502	93.237000
0.002267	0.160672	-6.050746	93.337000
-0.001483	0.161303	-6.034562	93.437000
-0.005449	0.166087	-5.946891	93.537000
-0.009023	0.171463	-5.948000	93.637000
-0.012728	0.167854	-5.998828	93.737000
-0.016201	0.165226	-6.023618	93.837000
-0.020022	0.172527	-6.086407	93.937000
-0.023442	0.171963	-6.199559	94.037000
-0.027010	0.170714	-6.176183	94.137000
-0.030609	0.161818	-6.203264	94.238000
-0.034061	0.158040	-6.228868	94.337000
-0.037907	0.154513	-6.245008	94.437000
-0.041417	0.153700	-6.298553	94.537000
-0.045197	0.153776	-6.300674	94.637000
-0.048784	0.157174	-6.259943	94.737000
-0.052304	0.155700	-6.307036	94.837000
-0.056171	0.154486	-6.392011	94.937000
-0.059665	0.151114	-6.335446	95.037000
-0.063367	0.153523	-6.208170	95.137000
-0.066917	0.153357	-6.030287	95.237000
-0.070645	0.153496	-5.899238	95.337000
-0.074169	0.150672	-5.978812	95.437000
-0.077346	0.149078	-5.931809	95.537000
-0.081069	0.152198	-6.090194	95.637000
-0.084984	0.155390	-6.056274	95.737000
-0.088328	0.153481	-6.062977	95.837000
-0.092262	0.149585	-6.130352	95.937000
-0.095923	0.150837	-6.135666	96.037000
-0.099591	0.152690	-6.082067	96.137000
-0.103153	0.153536	-6.006570	96.237000
-0.106886	0.151511	-5.984396	96.337000
-0.110372	0.152103	-6.006695	96.437000
-0.114056	0.153418	-6.114660	96.537000
-0.117592	0.148202	-6.095954	96.637000
-0.121009	0.143559	-6.054749	96.737000
-0.124727	0.153073	-6.062110	96.837000
-0.128562	0.159767	-6.148942	96.937000
-0.131940	0.162876	-6.170052	97.037000
-0.135892	0.163019	-6.052663	97.137000
-0.139380	0.170175	-5.913800	97.237000
-0.143316	0.178477	-5.881960	97.337000
-0.146757	0.188902	-5.903508	97.437000
-0.150677	0.211993	-5.948921	97.537000
-0.154253	0.246121	-6.134937	97.637000
-0.157722	0.278094	-6.488541	97.737000
-0.161803	0.330398	-7.167273	97.837000
-0.165087	0.426572	-7.700669	97.937000
-0.169000	0.455447	-7.713181	98.037000
-0.172489	0.421167	-7.366536	98.137000
-0.176256	0.390325	-6.927116	98.237000
-0.180017	0.379944	-6.601245	98.337000
-0.183206	0.380157	-6.426889	98.437000
-0.187131	0.389322	-6.356163	98.537000
-0.190658	0.395497	-6.405970	98.637000
-0.194225	0.384136	-6.397655	98.737000
-0.198152	0.375054	-6.311078	98.837000
-0.201575	0.377514	-6.233746	98.937000
-0.205300	0.388652	-6.243151	99.037000
-0.209005	0.396155	-6.329520	99.137000
-0.212159	0.394521	-6.369570	99.237000
-0.216284	0.389418	-6.395871	99.337000
-0.219859	0.388615	-6.372359	99.437000
-0.223643	0.391331	-6.362925	99.537000
-0.227145	0.389969	-6.359299	99.637000
-0.230788	0.385382	-6.345664	99.737000
-0.234583	0.393941	-6.368089	99.837000
-0.238158	0.400141	-6.417529	99.937000
-0.242162	0.396150	-6.413072	100.037000
-0.245321	0.390025	-6.399963	100.137000
-0.249211	0.384723	-6.431049	100.237000
-0.252647	0.385918	-6.449550	100.337000
-0.256271	0.389424	-6.455660	100.437000
-0.260087	0.395464	-6.412349	100.537000
-0.263646	0.390696	-6.366862	100.637000
-0.267590	0.383659	-6.348473	100.737000
-0.271104	0.379357	-6.310316	100.837000
-0.274522	0.386040	-6.340422	100.937000
-0.278380	0.391357	-6.397723	101.037000
-0.281906	0.388921	-6.428007	101.137000
-0.285608	0.385521	-6.367671	101.237000
-0.288954	0.385951	-6.290053	101.337000
-0.292646	0.386589	-6.243692	101.437000
-0.296563	0.384091	-6.275301	101.537000
-0.299696	0.382411	-6.294376	101.637000
-0.303428	0.387315	-6.289349	101.737000
-0.307224	0.393165	-6.283406	101.837000
-0.310899	0.394120	-6.277533	101.937000
-0.314517	0.398541	-6.284242	102.037000
-0.317845	0.405195	-6.284633	102.137000
-0.321777	0.406787	-6.344445	102.237000
-0.325250	0.402983	-6.404195	102.337000
-0.328975	0.402125	-6.455097	102.437000
-0.332694	0.397830	-6.441659	102.537000
-0.336304	0.390283	-6.444635	102.637000
-0.339955	0.387538	-6.391098	102.737000
-0.343683	0.387221	-6.315081	102.837000
-0.347283	0.391176	-6.289701	102.937000
-0.351279	0.394116	-6.274914	103.037000
-0.354962	0.394500	-6.292555	103.137000
-0.358820	0.391938	-6.335766	103.237000
-0.362359	0.387617	-6.354773	103.337000
-0.366228	0.381134	-6.399820	103.437000
-0.370001	0.379848	-6.393611	103.537000
-0.373805	0.387410	-6.358554	103.637000
-0.377246	0.392840	-6.332630	103.737000
-0.380758	0.390072	-6.314047	103.837000
-0.384570	0.387220	-6.369355	103.937000
-0.388055	0.379861	-6.400038	104.037000
-0.392020	0.376940	-6.382706	104.137000
-0.395682	0.383157	-6.406419	104.237000
-0.398998	0.384586	-6.400991	104.337000
-0.402766	0.387541	-6.353466	104.437000
-0.406159	0.397847	-6.363151	104.537000
-0.410084	0.402267	-6.385618	104.637000
-0.413782	0.403591	-6.390067	104.737000
-0.417220	0.399578	-6.416869	104.837000
-0.420785	0.395915	-6.377697	104.937000
-0.424240	0.397694	-6.349670	105.037000
-0.428146	0.395656	-6.398700	105.137000
-0.431630	0.390074	-6.463399	105.237000
-0.435513	0.384972	-6.409582	105.337000
-0.439369	0.381254	-6.337979	105.437000
-0.442939	0.380341	-6.275469	105.537000
-0.446736	0.385706	-6.321739	105.637000
-0.450108	0.390108	-6.361522	105.737000
-0.454089	0.396676	-6.347071	105.837000
-0.457718	0.398907	-6.362373	105.937000
-0.461280	0.395055	-6.381128	106.037000
-0.464880	0.392616	-6.355266	106.137000
-0.468610	0.398743	-6.349331	106.237000
-0.472153	0.403552	-6.369273	106.337000
-0.475580	0.398752	-6.403247	106.437000
-0.479346	0.395008	-6.400343	106.537000
-0.483432	0.392130	-6.372262	106.637000
-0.486938	0.392300	-6.350332	106.737000
-0.490715	0.395695	-6.388887	106.837000
-0.494297	0.397352	-6.364202	106.937000
-0.498165	0.396018	-6.304832	107.037000
-0.501499	0.393158	-6.302355	107.137000
-0.505594	0.393469	-6.322222	107.237000
-0.508920	0.395429	-6.327908	107.337000
-0.512492	0.399239	-6.298311	107.437000
-0.516312	0.398150	-6.290027	107.537000
-0.519960	0.391590	-6.264483	107.637000
-0.523696	0.389417	-6.257412	107.737000
-0.527351	0.389926	-6.309402	107.837000
-0.531152	0.387283	-6.348462	107.937000
-0.534728	0.385846	-6.362523	108.037000
-0.538384	0.397186	-6.412733	108.137000
-0.542323	0.406501	-6.461453	108.237000
-0.545686	0.403442	-6.416185	108.337000
-0.549390	0.391877	-6.367264	108.437000
-0.553161	0.387039	-6.341413	108.537000
-0.556569	0.387228	-6.327117	108.637000
-0.560319	0.390689	-6.310525	108.737000
-0.563841	0.394865	-6.308468	108.837000
-0.567992	0.400534	-6.362057	108.937000
-0.571843	0.400657	-6.398176	109.037000
-0.575201	0.398106	-6.430937	109.137000
-0.579082	0.396845	-6.475116	109.237000
-0.582469	0.398093	-6.492375	109.337000
-0.586173	0.395686	-6.439215	109.437000
-0.589795	0.397376	-6.408487	109.537000
-0.593263	0.394843	-6.421952	109.637000
-0.597081	0.393237	-6.454320	109.737000
-0.600579	0.388917	-6.419607	109.837000
-0.604390	0.387933	-6.364351	109.937000
-0.607958	0.393056	-6.345058	110.037000
-0.611484	0.392834	-6.317260	110.137000
-0.615327	0.393021	-6.315268	110.237000
-0.618550	0.394586	-6.318602	110.337000
-0.622382	0.388103	-6.354683	110.437000
-0.626097	0.388564	-6.392518	110.537000
-0.629860	0.392506	-6.389324	110.637000
-0.633337	0.395489	-6.391138	110.737000
-0.636933	0.394320	-6.359842	110.837000
-0.640555	0.395122	-6.307865	110.937000
-0.644058	0.401666	-6.277524	111.037000
-0.647794	0.407369	-6.282703	111.137000
-0.651572	0.412642	-6.350661	111.237000
-0.655140	0.407203	-6.382187	111.337000
-0.657195	0.396650	-6.418333	111.437000
-0.658715	0.390662	-6.433987	111.537000
-0.660237	0.386013	-6.441759	111.637000
-0.660895	0.390868	-6.424424	111.737000
-0.662023	0.392909	-6.397704	111.837000
-0.662718	0.393337	-6.388179	111.937000
-0.663269	0.397723	-6.408423	112.037000
-0.664447	0.399147	-6.444941	112.137000
-0.664666	0.401780	-6.423027	112.237000
-0.665430	0.406863	-6.389825	112.337000
-0.665926	0.411199	-6.380402	112.437000
-0.666386	0.408531	-6.421135	112.537000
-0.666748	0.403717	-6.461221	112.637000
-0.667113	0.402273	-6.447530	112.737000
-0.667750	0.400108	-6.428060	112.837000
-0.668018	0.393961	-6.400265	112.937000
-0.668386	0.395095	-6.349862	113.037000
-0.668405	0.395387	-6.309109	113.137000
-0.668937	0.396986	-6.350483	113.237000
-0.669361	0.400542	-6.374256	113.337000
-0.669325	0.400964	-6.388983	113.437000
-0.669812	0.402532	-6.440758	113.537000
-0.670090	0.402965	-6.446719	113.637000
-0.670335	0.398917	-6.446268	113.737000
-0.670651	0.391853	-6.452672	113.837000
-0.670533	0.393955	-6.492242	113.937000
-0.671144	0.393645	-6.478768	114.037000
-0.671132	0.393248	-6.453557	114.137000
-0.671163	0.389937	-6.431865	114.237000
-0.671522	0.385170	-6.346768	114.337000
-0.671752	0.394163	-6.302572	114.437000
-0.671936	0.405188	-6.317169	114.537000
-0.672218	0.412335	-6.342753	114.637000
-0.672094	0.410884	-6.391016	114.737000
-0.672392	0.407317	-6.406542	114.837000
-0.672423	0.400759	-6.381676	114.937000
-0.672791	0.397897	-6.329828	115.037000
-0.672602	0.396593	-6.300448	115.137000
-0.673007	0.395646	-6.388933	115.238000
-0.672999	0.398597	-6.447817	115.337000
-0.673083	0.396701	-6.449659	115.437000
-0.673264	0.394139	-6.438245	115.537000
-0.673417	0.390065	-6.386379	115.637000
-0.673419	0.389995	-6.349995	115.737000
-0.673367	0.396570	-6.399595	115.837000
-0.673615	0.398005	-6.428479	115.937000
-0.673821	0.397359	-6.469093	116.037000
-0.673882	0.399862	-6.474122	116.137000
-0.674050	0.407029	-6.445000	116.237000
-0.674109	0.403784	-6.421960	116.337000
-0.673862	0.397995	-6.367270	116.437000
-0.674205	0.397654	-6.351078	116.537000
-0.674318	0.390191	-6.421581	116.637000
-0.674092	0.388960	-6.458732	116.737000
-0.674087	0.392759	-6.490448	116.837000
-0.674540	0.397974	-6.488983	116.937000
-0.674392	0.399748	-6.464839	117.037000
-0.674328	0.402517	-6.428378	117.137000
-0.674440	0.404061	-6.399623	117.237000
-0.674300	0.401151	-6.403329	117.337000
-0.674873	0.398916	-6.440802	117.437000
-0.674476	0.393800	-6.511589	117.537000
-0.674178	0.389168	-6.510529	117.637000
-0.674507	0.386255	-6.459420	117.737000
-0.674270	0.390246	-6.425577	117.837000
-0.674760	0.391950	-6.371184	117.937000
-0.674339	0.390179	-6.374038	118.037000
-0.674654	0.396344	-6.416767	118.137000
-0.674625	0.400273	-6.436529	118.237000
-0.674663	0.409244	-6.433964	118.337000
-0.674805	0.409506	-6.394605	118.437000
-0.674588	0.404263	-6.383278	118.537000
-0.674997	0.406445	-6.418372	118.637000
-0.674871	0.408310	-6.414515	118.737000
-0.675000	0.407267	-6.372105	118.837000
-0.675077	0.399817	-6.347325	118.937000
-0.674944	0.398934	-6.359087	119.037000
-0.674942	0.400874	-6.372221	119.137000
-0.674894	0.397498	-6.386569	119.237000
-0.674959	0.391592	-6.350810	119.337000
-0.675099	0.393719	-6.343471	119.437000
-0.674903	0.402376	-6.340725	119.537000
-0.675123	0.404606	-6.343035	119.637000
-0.675147	0.399557	-6.354533	119.737000
-0.675295	0.396222	-6.432352	119.837000
-0.675280	0.393938	-6.476879	119.937000
-0.675280	0.392043	-6.463240	120.037000
-0.675509	0.393587	-6.443131	120.137000
-0.675233	0.395973	-6.448060	120.237000
-0.675316	0.396414	-6.437117	120.337000
-0.675181	0.393742	-6.428831	120.437000
-0.675262	0.388156	-6.399847	120.537000
-0.675393	0.387917	-6.366114	120.637000
-0.675332	0.394497	-6.358712	120.737000
-0.675473	0.404041	-6.340189	120.837000
-0.675333	0.406281	-6.300875	120.937000
-0.675562	0.402135	-6.335146	121.037000
-0.675494	0.404346	-6.359907	121.137000
-0.675338	0.402850	-6.375309	121.238000
-0.675438	0.397273	-6.379303	121.337000
-0.675185	0.398449	-6.396270	121.437000
-0.675559	0.400924	-6.431354	121.537000
-0.675540	0.403544	-6.443845	121.637000
-0.675556	0.406983	-6.423629	121.737000
-0.675631	0.405033	-6.397912	121.837000
-0.675555	0.400436	-6.378892	121.937000
-0.675588	0.397416	-6.400700	122.037000
-0.675526	0.396892	-6.408253	122.137000
-0.675821	0.392972	-6.379827	122.237000
-0.675589	0.396629	-6.349278	122.337000
-0.675562	0.394005	-6.362006	122.437000
-0.675716	0.391034	-6.389774	122.537000
-0.675572	0.394803	-6.383185	122.637000
-0.675807	0.407698	-6.375867	122.737000
