-1.002720	2.129592	-6.476990	18.725000
-1.003426	2.135334	-6.451793	18.825000
-1.003558	2.115885	-6.378173	18.925000
-1.003466	2.109949	-6.325343	19.025000
-1.003637	2.141171	-6.306690	19.125000
-1.003518	2.190339	-6.323144	19.225000
-1.003514	2.216046	-6.388109	19.326000
-1.003271	2.194962	-6.445674	19.425000
-1.003230	2.108099	-6.455105	19.525000
-1.003676	2.065338	-6.454693	19.626000
-1.003538	2.065463	-6.441301	19.726000
-1.003615	2.122509	-6.425262	19.825000
-1.003485	2.202800	-6.455548	19.925000
-1.003387	2.235382	-6.425706	20.025000
-1.003552	2.199501	-6.348066	20.125000
-1.003406	2.151831	-6.348281	20.225000
-1.003551	2.123137	-6.369150	20.325000
-1.003422	2.081910	-6.399758	20.425000
-1.003330	2.088690	-6.427991	20.525000
-1.003558	2.114497	-6.452131	20.626000
-1.003432	2.135048	-6.451771	20.725000
-1.003492	2.173293	-6.476445	20.826000
-1.003592	2.158511	-6.486253	20.926000
-1.002888	2.116620	-6.494226	21.025000
-0.999097	2.104493	-6.523231	21.125000
-0.994325	2.107912	-6.519994	21.225000
-0.989829	2.129149	-6.542167	21.325000
-0.984899	2.163060	-6.553286	21.426000
-0.979647	2.168861	-6.500549	21.526000
-0.974556	2.169058	-6.417851	21.626000
-0.968969	2.167643	-6.334876	21.725000
-0.963626	2.166169	-6.288609	21.825000
-0.958419	2.151657	-6.320869	21.926000
-0.952473	2.140790	-6.365950	22.026000
-0.946974	2.121814	-6.387603	22.125000
-0.940794	2.113860	-6.412632	22.225000
-0.935178	2.095579	-6.415152	22.325000
-0.929214	2.069575	-6.387259	22.425000
-0.923181	2.057685	-6.385649	22.525000
-0.917402	2.038079	-6.349485	22.625000
-0.911191	2.036594	-6.299942	22.725000
-0.905397	2.045710	-6.302138	22.825000
-0.898986	2.046992	-6.326180	22.926000
-0.892641	2.055372	-6.308845	23.025000
-0.887102	2.085023	-6.360907	23.126000
-0.880972	2.120353	-6.435554	23.225000
-0.874903	2.130446	-6.438262	23.325000
-0.868450	2.142721	-6.400856	23.425000
-0.861908	2.126987	-6.380974	23.525000
-0.855778	2.084376	-6.398634	23.625000
-0.849199	2.039132	-6.440867	23.725000
-0.842772	2.037688	-6.467370	23.825000
-0.836415	2.057768	-6.453404	23.925000
-0.830045	2.086932	-6.456063	24.025000
-0.823491	2.101101	-6.415755	24.125000
-0.817152	2.118038	-6.382934	24.225000
-0.810762	2.123430	-6.387804	24.325000
-0.804390	2.069705	-6.395463	24.425000
-0.797915	2.060840	-6.350100	24.525000
-0.791125	2.087305	-6.336750	24.625000
-0.784595	2.102314	-6.326991	24.726000
-0.778365	2.098201	-6.330241	24.825000
-0.771646	2.094253	-6.309463	24.925000
-0.765392	2.102877	-6.287235	25.025000
-0.758781	2.117969	-6.310269	25.125000
-0.752364	2.129442	-6.369115	25.225000
-0.746010	2.125223	-6.391128	25.325000
-0.739098	2.109404	-6.375644	25.425000
-0.732355	2.111036	-6.357855	25.525000
-0.725667	2.120399	-6.372948	25.625000
-0.718981	2.093496	-6.413477	25.725000
-0.712808	2.077315	-6.375838	25.825000
-0.706186	2.087423	-6.367323	25.925000
-0.699384	2.081986	-6.358889	26.025000
-0.692792	2.083598	-6.287968	26.125000
-0.686348	2.082969	-6.296711	26.225000
-0.679260	2.087538	-6.335637	26.325000
-0.672648	2.080408	-6.365192	26.425000
-0.665689	2.044712	-6.379814	26.525000
-0.658980	2.033940	-6.394322	26.626000
-0.652563	2.073063	-6.420167	26.725000
-0.646111	2.097990	-6.425261	26.825000
-0.639030	2.098461	-6.442698	26.926000
-0.632472	2.079949	-6.441071	27.025000
-0.625581	2.075921	-6.422760	27.125000
-0.618783	2.091736	-6.412735	27.225000
-0.612038	2.074697	-6.442707	27.325000
-0.605273	2.074363	-6.467201	27.426000
-0.598691	2.074791	-6.453625	27.526000
-0.591990	2.066373	-6.444334	27.625000
-0.585228	2.070889	-6.439494	27.725000
-0.578656	2.037681	-6.463318	27.825000
-0.571975	2.047172	-6.450511	27.925000
-0.564803	2.093193	-6.439631	28.025000
-0.557866	2.095065	-6.447808	28.125000
-0.550797	2.079023	-6.484066	28.225000
-0.544297	2.069227	-6.506175	28.325000
-0.537348	2.068851	-6.490410	28.425000
-0.530897	2.097883	-6.446617	28.525000
-0.523803	2.101661	-6.421603	28.625000
-0.517056	2.066273	-6.372450	28.725000
-0.510341	2.030557	-6.316893	28.825000
-0.503403	2.000622	-6.305646	28.926000
-0.496624	2.005288	-6.331053	29.025000
-0.490169	2.047466	-6.357083	29.125000
-0.483327	2.070735	-6.378202	29.225000
-0.476664	2.052741	-6.356932	29.325000
-0.469627	2.047257	-6.348209	29.426000
-0.462892	2.066059	-6.388227	29.525000
-0.455862	2.067571	-6.405553	29.625000
-0.449210	2.061336	-6.399880	29.725000
-0.442451	2.039308	-6.403651	29.825000
-0.435262	2.004571	-6.431280	29.925000
-0.428657	1.988489	-6.438200	30.025000
-0.421697	1.994364	-6.428606	30.125000
-0.414681	1.995780	-6.473913	30.225000
-0.408041	2.020023	-6.474936	30.325000
-0.401167	2.040326	-6.421343	30.425000
-0.394187	2.069792	-6.388439	30.526000
-0.386750	2.068024	-6.374354	30.625000
-0.379980	2.040753	-6.356055	30.725000
-0.373116	2.008817	-6.359922	30.825000
-0.366101	2.001272	-6.384429	30.925000
-0.359346	2.044608	-6.399477	31.026000
-0.352133	2.067838	-6.385796	31.125000
-0.345162	2.053330	-6.353360	31.225000
-0.338519	2.067932	-6.382243	31.326000
-0.331235	2.080567	-6.440068	31.425000
-0.324046	2.072822	-6.448702	31.526000
-0.317142	2.088457	-6.468554	31.625000
-0.310197	2.066992	-6.453191	31.725000
-0.303335	2.036405	-6.396473	31.825000
-0.296125	2.026330	-6.362907	31.925000
-0.289465	2.012539	-6.378315	32.025000
-0.282517	2.039707	-6.404555	32.126000
-0.275388	2.027849	-6.422673	32.225000
-0.267648	2.015673	-6.408116	32.325000
-0.260589	2.036463	-6.388116	32.425000
-0.254010	2.078140	-6.404985	32.525000
-0.246781	2.106761	-6.434612	32.625000
-0.239974	2.101922	-6.405415	32.725000
-0.232772	2.066203	-6.345554	32.825000
-0.225441	2.061427	-6.311054	32.925000
-0.218639	2.048692	-6.389680	33.025000
-0.211375	2.034374	-6.471688	33.125000
-0.204215	2.011116	-6.466820	33.225000
-0.197269	1.989418	-6.470408	33.326000
-0.190433	1.983751	-6.468874	33.425000
-0.183475	2.024162	-6.450937	33.526000
-0.176161	2.045279	-6.433563	33.625000
-0.169166	2.029647	-6.374356	33.725000
-0.162047	2.004764	-6.336769	33.826000
-0.154749	1.990858	-6.342705	33.925000
-0.147566	1.989814	-6.380660	34.025000
-0.140381	2.001379	-6.419614	34.125000
-0.133471	2.010624	-6.442444	34.225000
-0.126450	2.008286	-6.409360	34.326000
-0.118822	2.018834	-6.429419	34.426000
-0.112348	2.024425	-6.455611	34.525000
-0.105071	2.028842	-6.419406	34.625000
-0.097968	2.065946	-6.426295	34.725000
-0.090648	2.064045	-6.444823	34.825000
-0.083327	2.043237	-6.429277	34.926000
-0.076160	2.024760	-6.377637	35.025000
-0.069068	2.011279	-6.346995	35.126000
-0.062118	2.004013	-6.362819	35.225000
-0.055031	2.013624	-6.376097	35.325000
-0.047825	2.040240	-6.389746	35.426000
-0.040817	2.010591	-6.368040	35.525000
-0.033483	1.986827	-6.325162	35.625000
-0.026391	2.013757	-6.318240	35.726000
-0.019124	2.038282	-6.347946	35.826000
-0.011968	2.035239	-6.360070	35.925000
-0.005172	2.054341	-6.366613	36.026000
0.002087	2.040461	-6.368026	36.125000
0.009090	1.987465	-6.355926	36.225000
0.016197	1.963191	-6.398145	36.326000
0.023492	1.962509	-6.434874	36.425000
0.030400	1.968680	-6.452796	36.525000
0.037891	1.981138	-6.431882	36.625000
0.044607	1.991623	-6.436176	36.725000
0.052019	2.020874	-6.457199	36.825000
0.059072	2.019880	-6.430425	36.925000
0.066188	2.016219	-6.374221	37.025000
0.073477	2.001500	-6.334150	37.125000
0.080579	1.987776	-6.373072	37.225000
0.087771	1.980328	-6.422709	37.325000
0.095405	1.993258	-6.439963	37.425000
0.102331	2.011049	-6.451111	37.525000
0.109965	2.028863	-6.461909	37.625000
0.117070	2.030871	-6.469762	37.725000
0.124109	2.006477	-6.459832	37.825000
0.131315	2.028605	-6.432747	37.925000
0.138227	2.055079	-6.414324	38.025000
0.145585	2.052157	-6.390256	38.125000
0.152767	2.032795	-6.385564	38.225000
0.160608	2.025663	-6.379661	38.325000
0.167806	2.025775	-6.403072	38.426000
0.175003	2.014167	-6.388557	38.525000
0.182283	2.018985	-6.322794	38.625000
0.189665	2.022554	-6.315008	38.725000
0.196562	2.034346	-6.374582	38.826000
0.203929	2.021223	-6.427712	38.925000
0.211043	2.003960	-6.387286	39.025000
0.218823	2.001407	-6.341823	39.126000
0.226344	2.012658	-6.327737	39.225000
0.233758	2.016733	-6.368984	39.325000
0.241149	2.033461	-6.403124	39.425000
0.248507	2.036502	-6.429257	39.526000
0.255901	2.030961	-6.425788	39.626000
0.262871	2.041527	-6.396270	39.725000
0.269933	2.067338	-6.400892	39.825000
0.277426	2.088325	-6.391497	39.925000
0.285075	2.049794	-6.364833	40.025000
0.292139	2.007976	-6.373115	40.125000
0.299630	2.003431	-6.387479	40.225000
0.307046	2.033723	-6.376662	40.325000
0.314168	2.022110	-6.375263	40.425000
0.321253	2.002518	-6.359679	40.525000
0.328839	1.996861	-6.375962	40.625000
0.336007	2.007265	-6.394930	40.725000
0.343431	2.046745	-6.424586	40.825000
0.350885	2.090860	-6.425463	40.925000
0.358291	2.115645	-6.396036	41.025000
0.365683	2.097318	-6.379686	41.125000
0.372890	2.075915	-6.359305	41.225000
0.380490	2.066025	-6.384241	41.325000
0.387649	2.069419	-6.418334	41.426000
0.395135	2.076985	-6.442559	41.525000
0.402513	2.058208	-6.455136	41.626000
0.409601	2.044894	-6.451418	41.725000
0.417223	2.028048	-6.461177	41.826000
0.424480	2.011013	-6.449388	41.926000
0.431858	2.025517	-6.414695	42.025000
0.438883	2.056279	-6.414998	42.125000
0.446133	2.092132	-6.401526	42.225000
0.453540	2.104879	-6.353471	42.325000
0.460878	2.137346	-6.336269	42.425000
0.468309	2.155069	-6.308516	42.525000
0.476003	2.137416	-6.301403	42.625000
0.483376	2.095325	-6.324568	42.725000
0.490728	2.089542	-6.354500	42.825000
0.498260	2.084068	-6.383821	42.925000
0.505406	2.081108	-6.382187	43.025000
0.512852	2.078696	-6.386249	43.125000
0.520282	2.095720	-6.401000	43.225000
0.527948	2.083665	-6.432631	43.326000
0.535239	2.078362	-6.429199	43.425000
0.542527	2.083166	-6.390265	43.525000
0.549973	2.087654	-6.369563	43.625000
0.557164	2.079993	-6.365279	43.725000
0.564880	2.041863	-6.423234	43.826000
0.571944	2.051686	-6.438169	43.925000
0.579254	2.058489	-6.387970	44.025000
0.586978	2.049573	-6.384851	44.125000
0.594118	2.058110	-6.370249	44.225000
0.602046	2.083445	-6.346527	44.325000
0.609351	2.082711	-6.358696	44.426000
0.617178	2.053905	-6.372081	44.525000
0.624561	2.062757	-6.403868	44.625000
0.631463	2.092745	-6.404356	44.725000
0.639196	2.111804	-6.376217	44.825000
0.646608	2.096945	-6.339362	44.926000
0.654209	2.048831	-6.346779	45.025000
0.661739	2.043712	-6.368148	45.125000
0.668958	2.049454	-6.401346	45.225000
0.676934	2.067049	-6.392930	45.325000
0.683795	2.099792	-6.390100	45.425000
0.691240	2.118879	-6.424321	45.526000
0.698892	2.140902	-6.441771	45.625000
0.705966	2.106200	-6.417708	45.725000
0.713590	2.061116	-6.416688	45.825000
0.721085	2.075015	-6.455460	45.925000
0.728653	2.069749	-6.470025	46.025000
0.735980	2.062221	-6.438131	46.125000
0.743319	2.087034	-6.351587	46.225000
0.750581	2.114175	-6.335252	46.325000
0.758226	2.126646	-6.370837	46.425000
0.765390	2.139510	-6.355603	46.525000
0.772623	2.158906	-6.319771	46.625000
0.780020	2.159967	-6.311578	46.725000
0.788113	2.119310	-6.325090	46.825000
0.795115	2.117143	-6.340594	46.925000
0.802941	2.143693	-6.329464	47.025000
0.810645	2.121735	-6.328036	47.125000
0.818040	2.112357	-6.344398	47.226000
0.825281	2.090106	-6.358335	47.325000
0.832561	2.090982	-6.332864	47.425000
0.840388	2.075604	-6.338018	47.526000
0.847549	2.077138	-6.383283	47.625000
0.854901	2.100073	-6.406915	47.725000
0.862437	2.130943	-6.381314	47.825000
0.869771	2.135398	-6.362341	47.925000
0.877201	2.104543	-6.374865	48.025000
0.884493	2.064481	-6.417932	48.125000
0.891920	2.059146	-6.460598	48.225000
0.899594	2.087476	-6.471474	48.325000
0.906953	2.123210	-6.458009	48.425000
0.914522	2.168563	-6.460722	48.525000
0.922525	2.200900	-6.464854	48.625000
0.929521	2.204603	-6.429810	48.726000
0.937343	2.134255	-6.344722	48.825000
0.944939	2.080510	-6.295807	48.926000
0.952340	2.090397	-6.312632	49.025000
0.959702	2.104438	-6.324069	49.126000
0.967170	2.132418	-6.307215	49.225000
0.974463	2.135510	-6.350297	49.325000
0.982043	2.091340	-6.353652	49.425000
0.989656	2.076285	-6.356582	49.525000
0.996816	2.109451	-6.389515	49.625000
1.004332	2.133783	-6.386846	49.725000
1.012031	2.116286	-6.360937	49.825000
1.019200	2.084454	-6.327305	49.926000
1.026735	2.075895	-6.317681	50.025000
1.034448	2.122917	-6.322570	50.125000
1.041742	2.156549	-6.325680	50.225000
1.048983	2.200384	-6.328440	50.325000
1.056170	2.228612	-6.403564	50.425000
1.063652	2.230199	-6.452328	50.525000
1.070984	2.234001	-6.417009	50.625000
1.078724	2.206378	-6.410296	50.725000
1.085936	2.164510	-6.385589	50.825000
1.093101	2.150662	-6.415176	50.925000
1.101600	2.153212	-6.463673	51.025000
1.108417	2.154097	-6.471678	51.125000
1.116374	2.123341	-6.440630	51.225000
1.124323	2.131211	-6.415677	51.325000
1.131323	2.131356	-6.440401	51.425000
1.139064	2.103048	-6.457676	51.525000
1.146624	2.078250	-6.464436	51.625000
1.154246	2.114959	-6.440876	51.725000
1.161805	2.145097	-6.405639	51.825000
1.169067	2.163194	-6.373486	51.925000
1.177000	2.185235	-6.321755	52.025000
1.184696	2.164119	-6.357633	52.126000
1.192273	2.128457	-6.396025	52.226000
1.199798	2.124093	-6.399731	52.326000
1.207504	2.110642	-6.364525	52.425000
1.214727	2.093249	-6.382057	52.526000
1.221998	2.106420	-6.413371	52.625000
1.229684	2.137723	-6.372052	52.725000
1.237243	2.177315	-6.342976	52.825000
1.245280	2.165194	-6.404722	52.925000
1.252801	2.143879	-6.430507	53.025000
1.259888	2.167548	-6.427995	53.125000
1.267926	2.181676	-6.413339	53.225000
1.275477	2.175861	-6.439391	53.325000
1.282562	2.161625	-6.478953	53.425000
1.289831	2.154800	-6.474785	53.525000
1.297310	2.136624	-6.474585	53.625000
1.305356	2.125901	-6.463687	53.725000
1.313807	2.129210	-6.441870	53.826000
1.320857	2.135436	-6.412004	53.926000
1.327665	2.125694	-6.362926	54.025000
1.335191	2.107295	-6.296682	54.125000
1.342896	2.163053	-6.281919	54.225000
1.351340	2.224708	-6.307886	54.326000
1.357274	2.231217	-6.353036	54.425000
1.366444	2.236659	-6.359343	54.525000
1.373556	2.242100	-6.363599	54.625000
1.381216	2.208309	-6.372234	54.725000
1.389103	2.207310	-6.331895	54.825000
1.396324	2.227516	-6.330569	54.925000
1.404239	2.207757	-6.402942	55.026000
1.411467	2.159797	-6.440626	55.125000
1.418747	2.154110	-6.441858	55.225000
1.426248	2.169848	-6.445392	55.326000
1.434142	2.174334	-6.396644	55.425000
1.442029	2.185262	-6.377835	55.525000
1.449279	2.190940	-6.374348	55.625000
1.457300	2.204830	-6.371252	55.726000
1.464296	2.214439	-6.383895	55.825000
1.472028	2.216397	-6.347287	55.926000
1.479504	2.230001	-6.307102	56.025000
1.486804	2.219051	-6.319431	56.125000
1.494523	2.169564	-6.314311	56.225000
1.502526	2.130570	-6.331926	56.325000
1.509745	2.164005	-6.373437	56.425000
1.517095	2.201263	-6.374506	56.525000
1.524689	2.191365	-6.333883	56.625000
1.532283	2.190901	-6.360952	56.725000
1.540010	2.213587	-6.378443	56.825000
1.546817	2.235722	-6.363143	56.925000
1.554847	2.252940	-6.334341	57.025000
1.562478	2.265544	-6.359655	57.125000
1.569419	2.278318	-6.409832	57.226000
1.577221	2.261703	-6.394129	57.325000
1.584865	2.234469	-6.347637	57.425000
1.592173	2.198072	-6.313144	57.525000
1.599758	2.183175	-6.238427	57.625000
1.607802	2.219922	-6.247940	57.725000
1.614534	2.242233	-6.310568	57.825000
1.622265	2.236928	-6.346507	57.925000
1.630026	2.253879	-6.383524	58.025000
1.637912	2.247616	-6.380157	58.125000
1.645699	2.205195	-6.355112	58.227000
1.653459	2.174252	-6.349627	58.325000
1.660475	2.158441	-6.370070	58.425000
1.668269	2.167389	-6.391446	58.525000
1.675754	2.192192	-6.406922	58.625000
1.682997	2.223380	-6.400760	58.725000
1.690780	2.235532	-6.350717	58.825000
1.698976	2.220871	-6.337001	58.926000
1.706577	2.211079	-6.359290	59.025000
1.713317	2.209417	-6.353694	59.125000
1.722272	2.194433	-6.296282	59.225000
1.728318	2.192273	-6.242051	59.325000
1.735843	2.208118	-6.249178	59.425000
1.743869	2.221813	-6.297886	59.525000
1.751532	2.221847	-6.337974	59.625000
1.758837	2.204234	-6.331169	59.726000
1.768169	2.185510	-6.353250	59.825000
1.774256	2.223851	-6.376896	59.925000
1.781182	2.235530	-6.379674	60.025000
1.788812	2.213311	-6.410480	60.125000
1.796620	2.167705	-6.439257	60.225000
1.804806	2.107959	-6.408708	60.325000
1.812840	2.117518	-6.395443	60.425000
1.818937	2.150049	-6.403795	60.525000
1.827566	2.147467	-6.383982	60.625000
1.835539	2.144917	-6.406326	60.725000
1.843170	2.163130	-6.438388	60.825000
1.850637	2.193299	-6.440490	60.925000
1.858549	2.233152	-6.407787	61.026000
1.865333	2.259099	-6.348934	61.125000
1.873151	2.259855	-6.380245	61.225000
1.880678	2.223451	-6.348373	61.326000
1.888543	2.229624	-6.331496	61.425000
1.896376	2.267212	-6.322851	61.525000
1.903712	2.259978	-6.339293	61.626000
1.911191	2.250019	-6.359576	61.725000
1.918857	2.218793	-6.336406	61.825000
1.927411	2.191930	-6.332857	61.925000
1.934070	2.213012	-6.380665	62.025000
1.940928	2.245369	-6.391115	62.125000
1.948661	2.237817	-6.388653	62.225000
1.956054	2.235283	-6.431054	62.325000
1.963605	2.241061	-6.423855	62.425000
1.971560	2.266674	-6.385710	62.525000
1.981101	2.273571	-6.376597	62.626000
1.987001	2.243607	-6.402538	62.725000
1.994457	2.208871	-6.410345	62.825000
2.001223	2.206846	-6.354144	62.925000
2.011719	2.243838	-6.310410	63.025000
2.019479	2.266869	-6.329330	63.125000
2.026893	2.255602	-6.330387	63.225000
2.033948	2.226935	-6.307069	63.325000
2.039507	2.207305	-6.256518	63.425000
2.047772	2.216758	-6.251543	63.525000
2.055499	2.247909	-6.270610	63.625000
2.062593	2.268101	-6.273287	63.725000
2.069238	2.300623	-6.281342	63.825000
2.077281	2.332296	-6.328857	63.925000
2.085104	2.331571	-6.384916	64.026000
2.092099	2.321031	-6.359704	64.125000
2.100174	2.300736	-6.280564	64.225000
2.107227	2.299002	-6.273169	64.325000
2.115413	2.314791	-6.323786	64.425000
2.121869	2.321710	-6.344886	64.525000
2.129771	2.312690	-6.359490	64.625000
2.137484	2.260838	-6.373327	64.725000
2.144551	2.249486	-6.392530	64.825000
2.154046	2.261627	-6.392807	64.925000
2.160666	2.252429	-6.376008	65.025000
2.169168	2.235782	-6.370238	65.126000
2.176065	2.231640	-6.376812	65.225000
2.183111	2.206946	-6.354073	65.325000
2.189164	2.192952	-6.331347	65.425000
2.198291	2.202477	-6.319729	65.525000
2.204866	2.238289	-6.331424	65.625000
2.216601	2.309434	-6.333888	65.725000
2.219888	2.330765	-6.324711	65.825000
2.228085	2.314349	-6.305183	65.925000
2.235579	2.300728	-6.324521	66.026000
2.245889	2.270543	-6.353109	66.125000
2.249547	2.281196	-6.377848	66.225000
2.260921	2.281976	-6.367158	66.325000
2.267548	2.234609	-6.349392	66.425000
2.270215	2.213321	-6.313070	66.526000
2.281411	2.281112	-6.311535	66.625000
2.292913	2.330001	-6.329836	66.725000
2.298785	2.325140	-6.349152	66.825000
2.307332	2.308235	-6.381500	66.925000
2.315543	2.280611	-6.364258	67.025000
2.321610	2.277367	-6.343690	67.125000
2.323423	2.268741	-6.378016	67.225000
2.332834	2.247297	-6.390013	67.325000
2.345610	2.267554	-6.336399	67.425000
2.347037	2.306432	-6.272408	67.526000
2.359901	2.312045	-6.241540	67.625000
2.364468	2.295429	-6.246335	67.725000
2.369528	2.270882	-6.258360	67.825000
2.383344	2.262692	-6.299602	67.925000
2.385815	2.257235	-6.334684	68.025000
2.395680	2.287154	-6.326206	68.125000
2.400645	2.308084	-6.305165	68.225000
2.413096	2.325133	-6.281994	68.326000
2.416479	2.333348	-6.315003	68.425000
2.424847	2.316783	-6.323805	68.525000
2.434541	2.285802	-6.327111	68.625000
2.439336	2.255580	-6.328156	68.725000
2.449135	2.270869	-6.317898	68.825000
2.456579	2.282647	-6.301370	68.925000
2.459948	2.285397	-6.321041	69.025000
2.472745	2.280006	-6.343029	69.125000
2.479748	2.283199	-6.339811	69.225000
2.486219	2.265088	-6.294653	69.325000
2.492889	2.237936	-6.263917	69.425000
2.500675	2.267650	-6.313814	69.525000
2.509872	2.291121	-6.350559	69.625000
2.516612	2.261746	-6.357311	69.725000
2.523320	2.241733	-6.306029	69.825000
2.531561	2.271863	-6.320179	69.925000
2.539243	2.307260	-6.349689	70.025000
2.546521	2.310565	-6.363707	70.125000
2.553528	2.270301	-6.364526	70.225000
2.561512	2.283936	-6.352449	70.325000
2.568937	2.306217	-6.352800	70.425000
2.576384	2.283512	-6.330904	70.525000
2.584463	2.278271	-6.312408	70.625000
2.591309	2.288264	-6.289924	70.725000
2.598012	2.297017	-6.285644	70.825000
2.606894	2.314545	-6.340483	70.925000
2.612257	2.312874	-6.429372	71.025000
2.612194	2.280650	-6.442167	71.125000
2.610448	2.234526	-6.348402	71.225000
2.607664	2.217122	-6.293659	71.325000
2.604794	2.226499	-6.331603	71.426000
2.601373	2.280067	-6.387443	71.526000
2.597796	2.296828	-6.375414	71.625000
2.594399	2.274059	-6.363700	71.725000
2.590095	2.262854	-6.343217	71.825000
2.585709	2.270882	-6.344380	71.925000
2.581295	2.275040	-6.330672	72.025000
2.576867	2.289986	-6.289037	72.125000
2.571893	2.281078	-6.307855	72.226000
2.566827	2.261535	-6.331158	72.325000
2.562106	2.257684	-6.350912	72.425000
2.556781	2.235502	-6.348068	72.525000
2.551354	2.203430	-6.324024	72.626000
2.546424	2.209504	-6.314896	72.725000
2.541039	2.260276	-6.313792	72.826000
2.534943	2.277114	-6.275837	72.925000
2.528695	2.302515	-6.258625	73.025000
2.524174	2.320995	-6.297700	73.125000
2.517684	2.315642	-6.327953	73.225000
2.511735	2.320957	-6.335792	73.325000
2.505592	2.290686	-6.333111	73.425000
2.503532	2.254898	-6.347716	73.526000
2.494037	2.229392	-6.354040	73.626000
2.485806	2.254227	-6.357376	73.725000
2.479952	2.257389	-6.356142	73.825000
2.475433	2.246346	-6.347739	73.925000
2.470814	2.259807	-6.351039	74.026000
2.466282	2.273977	-6.329623	74.125000
2.460901	2.274992	-6.340780	74.225000
2.455097	2.278161	-6.362402	74.325000
2.449205	2.296587	-6.390292	74.425000
2.442319	2.282274	-6.419060	74.525000
2.432936	2.295862	-6.418340	74.625000
2.428472	2.287694	-6.376865	74.725000
2.421994	2.258074	-6.328205	74.825000
2.415630	2.217364	-6.340655	74.925000
2.409556	2.201814	-6.381753	75.025000
2.403326	2.221645	-6.345533	75.126000
2.396897	2.239358	-6.302965	75.225000
2.390612	2.209460	-6.268035	75.325000
2.384341	2.209185	-6.234839	75.425000
2.377430	2.215246	-6.227971	75.525000
2.371809	2.223036	-6.301207	75.625000
2.364902	2.237838	-6.371582	75.725000
2.358516	2.238411	-6.358865	75.826000
2.352447	2.255006	-6.313468	75.925000
2.345909	2.294419	-6.330625	76.025000
2.339429	2.278754	-6.306561	76.125000
2.333286	2.262187	-6.261536	76.225000
2.326087	2.304309	-6.253535	76.325000
2.320075	2.343187	-6.285747	76.425000
2.313216	2.341910	-6.302466	76.525000
2.306820	2.297833	-6.303942	76.625000
2.301272	2.287970	-6.307023	76.725000
2.294540	2.293855	-6.344325	76.826000
2.288638	2.305494	-6.400443	76.925000
2.279030	2.295941	-6.411367	77.025000
2.272092	2.285171	-6.353403	77.125000
2.265419	2.285440	-6.276850	77.225000
2.259461	2.250229	-6.311050	77.325000
2.252775	2.241665	-6.314342	77.425000
2.245851	2.266280	-6.337881	77.526000
2.240123	2.256895	-6.352128	77.625000
2.237113	2.212715	-6.298452	77.725000
2.225820	2.237425	-6.255876	77.825000
2.224785	2.253824	-6.278659	77.925000
2.213052	2.253887	-6.331842	78.025000
2.209843	2.261434	-6.337621	78.125000
2.201909	2.286852	-6.282187	78.225000
2.194866	2.312063	-6.236180	78.325000
2.188321	2.304090	-6.292756	78.425000
2.182424	2.293879	-6.279401	78.525000
2.175085	2.269126	-6.248797	78.625000
2.168599	2.280780	-6.253117	78.725000
2.162729	2.299576	-6.271497	78.825000
2.155783	2.312719	-6.274892	78.925000
2.148681	2.290033	-6.256993	79.025000
2.142209	2.244622	-6.269771	79.125000
2.135840	2.226575	-6.274813	79.225000
2.129553	2.260132	-6.274137	79.325000
2.122296	2.243888	-6.302544	79.425000
2.115747	2.183509	-6.314625	79.525000
2.109017	2.149914	-6.279461	79.625000
2.102626	2.139508	-6.231845	79.725000
2.095153	2.178206	-6.227171	79.825000
2.089011	2.213137	-6.253087	79.926000
2.082005	2.194139	-6.271733	80.025000
2.075443	2.178959	-6.259773	80.125000
2.067214	2.205505	-6.267959	80.225000
2.063156	2.246988	-6.275379	80.325000
2.056394	2.276503	-6.286792	80.425000
2.049501	2.266991	-6.297425	80.526000
2.039390	2.242934	-6.307769	80.625000
2.035188	2.224625	-6.326063	80.725000
2.026875	2.200652	-6.344976	80.825000
2.020504	2.204781	-6.320354	80.925000
2.013549	2.200854	-6.299273	81.025000
2.007039	2.239302	-6.292672	81.125000
2.000413	2.246110	-6.310612	81.225000
1.992688	2.230109	-6.357349	81.325000
1.986208	2.202576	-6.385770	81.425000
1.979392	2.181566	-6.404573	81.526000
1.971700	2.194076	-6.445541	81.625000
1.964852	2.214812	-6.436264	81.725000
1.958626	2.227019	-6.389962	81.825000
1.952137	2.218477	-6.373247	81.925000
1.944884	2.233259	-6.357804	82.026000
1.937618	2.250485	-6.377480	82.125000
1.931539	2.257284	-6.359750	82.225000
1.924833	2.239230	-6.354850	82.325000
1.917469	2.241188	-6.372379	82.425000
1.910249	2.230158	-6.388859	82.525000
1.903288	2.190886	-6.376273	82.625000
1.896511	2.207310	-6.346302	82.725000
1.889237	2.246953	-6.297266	82.825000
1.882836	2.254420	-6.274577	82.925000
1.875938	2.262689	-6.283738	83.025000
1.868448	2.285051	-6.299983	83.126000
1.861807	2.276049	-6.335575	83.225000
1.854331	2.271165	-6.347399	83.325000
1.847749	2.247220	-6.326708	83.425000
1.840669	2.218156	-6.350382	83.525000
1.833705	2.193903	-6.358672	83.625000
1.826211	2.202056	-6.328140	83.725000
1.819679	2.227293	-6.305272	83.825000
1.812409	2.239444	-6.302838	83.926000
1.805272	2.229822	-6.291101	84.025000
1.797994	2.254496	-6.290323	84.125000
1.790766	2.235394	-6.324735	84.225000
1.783909	2.230933	-6.344134	84.325000
1.776770	2.276231	-6.359780	84.425000
1.770002	2.275212	-6.372050	84.525000
1.763212	2.245324	-6.358450	84.625000
1.755958	2.220865	-6.366657	84.725000
1.749191	2.211874	-6.352842	84.825000
1.742687	2.226049	-6.364738	84.925000
1.734523	2.228812	-6.393789	85.025000
1.728706	2.233894	-6.410358	85.125000
1.720294	2.222852	-6.442677	85.225000
1.714806	2.205962	-6.469095	85.325000
1.707720	2.205015	-6.512373	85.425000
1.699902	2.200590	-6.523934	85.525000
1.693497	2.180440	-6.460936	85.625000
1.685692	2.151333	-6.372322	85.726000
1.679742	2.138997	-6.339728	85.825000
1.671376	2.114406	-6.337369	85.925000
1.665754	2.142146	-6.347433	86.025000
1.657593	2.184326	-6.394809	86.125000
1.651277	2.204342	-6.363709	86.225000
1.644081	2.200922	-6.324088	86.325000
1.636887	2.193678	-6.324948	86.425000
1.629968	2.222774	-6.326015	86.525000
1.622729	2.247830	-6.310707	86.625000
1.615341	2.237522	-6.306184	86.725000
1.608477	2.228127	-6.312067	86.826000
1.601072	2.213677	-6.326127	86.926000
1.594017	2.214891	-6.318923	87.025000
1.587116	2.207863	-6.322389	87.125000
1.579584	2.184239	-6.309963	87.225000
1.573557	2.170220	-6.288567	87.325000
1.566095	2.171745	-6.279269	87.426000
1.558090	2.167997	-6.287203	87.525000
1.550812	2.183842	-6.277613	87.625000
1.544305	2.223665	-6.302090	87.725000
1.536801	2.235326	-6.340720	87.825000
1.529648	2.220858	-6.334221	87.925000
1.522340	2.223433	-6.350687	88.025000
1.515214	2.204813	-6.369616	88.126000
1.508503	2.185277	-6.386581	88.225000
1.500708	2.189822	-6.382920	88.325000
1.493754	2.192211	-6.382644	88.425000
1.486546	2.170630	-6.378436	88.525000
1.479371	2.177745	-6.363445	88.626000
1.472430	2.215354	-6.363651	88.725000
1.465359	2.233168	-6.343818	88.825000
1.458160	2.211550	-6.354574	88.925000
1.450858	2.204214	-6.370157	89.025000
1.443652	2.210292	-6.364713	89.125000
1.436353	2.212773	-6.298218	89.225000
1.429007	2.211489	-6.263603	89.325000
1.421606	2.193471	-6.268727	89.425000
1.414638	2.157900	-6.300084	89.525000
1.407405	2.127604	-6.324580	89.625000
1.400267	2.120552	-6.358921	89.725000
1.392913	2.162371	-6.382361	89.825000
1.385820	2.188971	-6.421178	89.925000
1.378682	2.193658	-6.421069	90.025000
1.371316	2.179882	-6.396862	90.125000
1.363961	2.173880	-6.377229	90.225000
1.356766	2.108241	-6.403360	90.325000
1.349452	2.053177	-6.396737	90.425000
1.342292	2.065209	-6.390978	90.525000
1.335282	2.110597	-6.378794	90.625000
1.327608	2.144498	-6.327495	90.725000
1.320630	2.188025	-6.322924	90.825000
1.312799	2.182433	-6.352237	90.925000
1.305752	2.176524	-6.409777	91.025000
1.298250	2.165712	-6.489774	91.125000
1.291249	2.158738	-6.521243	91.225000
1.284208	2.146329	-6.539745	91.325000
1.276960	2.128962	-6.480176	91.425000
1.269743	2.131614	-6.443618	91.525000
1.262280	2.128369	-6.408394	91.625000
1.255641	2.148235	-6.409320	91.725000
1.248327	2.172613	-6.452909	91.825000
1.241358	2.185318	-6.408771	91.925000
1.234248	2.168556	-6.290432	92.025000
1.227201	2.191569	-6.237843	92.125000
1.219522	2.184194	-6.229808	92.225000
1.212314	2.130829	-6.238249	92.325000
1.205208	2.104933	-6.277425	92.425000
1.198111	2.141653	-6.329682	92.525000
1.190485	2.160864	-6.415452	92.626000
1.183047	2.117802	-6.452148	92.725000
1.176021	2.098676	-6.406122	92.825000
1.168761	2.137513	-6.396547	92.925000
1.161714	2.157813	-6.377117	93.025000
1.153801	2.142190	-6.345816	93.125000
1.146978	2.164639	-6.334803	93.225000
1.139818	2.192316	-6.370678	93.325000
1.132265	2.175152	-6.382789	93.425000
1.124912	2.161277	-6.352045	93.526000
1.117663	2.163542	-6.301656	93.625000
1.110128	2.190019	-6.327300	93.725000
1.102573	2.179708	-6.370069	93.825000
1.095535	2.162361	-6.373263	93.925000
1.088389	2.185590	-6.372685	94.025000
1.080925	2.190516	-6.377444	94.125000
1.073728	2.188493	-6.404387	94.225000
1.066311	2.167794	-6.426921	94.325000
1.059164	2.148298	-6.409399	94.425000
1.052075	2.141087	-6.411276	94.525000
1.044510	2.110940	-6.460330	94.625000
1.037455	2.101080	-6.464470	94.725000
1.030241	2.091589	-6.443963	94.826000
1.022764	2.102685	-6.444534	94.925000
1.015438	2.150375	-6.453238	95.026000
1.007938	2.189573	-6.455887	95.125000
1.000583	2.186387	-6.411557	95.225000
0.993103	2.163408	-6.399415	95.325000
0.985475	2.192961	-6.389601	95.425000
0.978671	2.198035	-6.391029	95.525000
0.970972	2.192302	-6.362513	95.625000
0.963888	2.172108	-6.336813	95.725000
0.956262	2.124436	-6.319151	95.825000
0.949191	2.120911	-6.312791	95.925000
0.941703	2.106103	-6.358151	96.025000
0.934272	2.081100	-6.388428	96.125000
0.926659	2.061923	-6.361976	96.225000
0.919475	2.062564	-6.322474	96.326000
0.912264	2.080582	-6.310954	96.425000
0.904970	2.122387	-6.337270	96.525000
0.897269	2.148031	-6.355888	96.625000
0.890058	2.128034	-6.375092	96.725000
0.882608	2.111714	-6.364884	96.826000
0.874630	2.117143	-6.334818	96.929000
0.867158	2.123318	-6.291858	97.025000
0.859838	2.124996	-6.322790	97.125000
0.852464	2.115821	-6.386598	97.226000
0.845290	2.077552	-6.399419	97.325000
0.837803	2.036122	-6.370178	97.425000
0.830603	2.044474	-6.339713	97.525000
0.823237	2.079323	-6.354042	97.625000
0.815605	2.086882	-6.371902	97.725000
0.807684	2.097045	-6.375287	97.825000
0.800212	2.102233	-6.350867	97.926000
0.792746	2.137644	-6.324861	98.025000
0.785194	2.153630	-6.350232	98.125000
0.778040	2.145815	-6.368480	98.225000
0.770607	2.145460	-6.363918	98.325000
0.763123	2.148096	-6.409003	98.425000
0.755733	2.130030	-6.450898	98.526000
0.748245	2.072357	-6.419806	98.625000
0.741080	2.036360	-6.359443	98.725000
0.733352	2.066635	-6.284029	98.825000
0.726051	2.085722	-6.265618	98.925000
0.718723	2.054813	-6.333174	99.025000
0.711027	2.056016	-6.373579	99.125000
0.703905	2.089618	-6.352317	99.225000
0.696374	2.098167	-6.331270	99.325000
0.688895	2.067775	-6.345085	99.425000
0.681058	2.031422	-6.332998	99.525000
0.673440	2.039104	-6.337448	99.625000
0.666206	2.061085	-6.373879	99.725000
0.658571	2.076594	-6.395562	99.825000
0.651081	2.071661	-6.421558	99.925000
0.643544	2.033005	-6.414607	100.025000
0.636006	2.052558	-6.455453	100.125000
0.628791	2.068457	-6.461758	100.225000
0.621199	2.046160	-6.473027	100.325000
0.613776	2.014840	-6.498361	100.425000
0.606340	2.016672	-6.484291	100.525000
0.598562	2.022191	-6.413357	100.626000
0.591604	2.005803	-6.384861	100.725000
0.584060	2.000259	-6.364827	100.825000
0.576602	2.016773	-6.359935	100.925000
0.569156	2.030030	-6.384388	101.025000
0.561584	2.039342	-6.396747	101.125000
0.553837	2.066203	-6.355039	101.225000
0.546401	2.074475	-6.318380	101.325000
0.538852	2.074351	-6.301626	101.425000
0.531534	2.079126	-6.332288	101.525000
0.523989	2.054986	-6.361155	101.625000
0.516585	2.010391	-6.371987	101.725000
0.508657	2.018801	-6.388006	101.825000
0.501372	2.069245	-6.399177	101.926000
0.493479	2.081497	-6.388820	102.025000
0.485767	2.090712	-6.348573	102.126000
0.478348	2.105022	-6.367383	102.225000
0.470598	2.098271	-6.443412	102.325000
0.463225	2.062062	-6.445782	102.425000
0.455866	2.036750	-6.468183	102.525000
0.448195	2.006610	-6.488377	102.626000
0.440960	1.991250	-6.492862	102.725000
0.433393	1.982729	-6.488867	102.825000
0.425415	1.993024	-6.462302	102.925000
0.417597	1.993744	-6.379444	103.025000
0.410015	2.004091	-6.314189	103.125000
0.402591	2.014738	-6.318760	103.226000
0.395112	2.011451	-6.370159	103.325000
0.387696	2.025697	-6.393472	103.425000
0.380227	2.016452	-6.393876	103.525000
0.372563	1.996835	-6.436330	103.625000
0.365027	1.953119	-6.468484	103.725000
0.356997	1.922935	-6.519685	103.825000
0.349570	1.934120	-6.536318	103.925000
0.342048	1.959462	-6.515702	104.025000
0.334356	1.948686	-6.468457	104.126000
0.326823	1.962626	-6.457408	104.226000
0.319249	1.976176	-6.513208	104.325000
0.311611	1.968026	-6.566431	104.425000
0.304155	1.968695	-6.522783	104.525000
0.296382	1.981584	-6.467751	104.625000
0.289107	1.970502	-6.421762	104.725000
0.281416	1.968665	-6.414365	104.825000
0.273925	1.970275	-6.397742	104.926000
0.266076	2.002073	-6.381890	105.026000
0.258537	2.023661	-6.371068	105.125000
0.251300	2.021060	-6.386688	105.225000
0.243509	2.013923	-6.401346	105.326000
0.236089	2.012699	-6.405047	105.425000
0.228738	2.032488	-6.383157	105.525000
0.221096	2.046735	-6.331636	105.625000
0.213787	2.051289	-6.327194	105.725000
0.206152	2.042065	-6.372020	105.825000
0.198610	2.001309	-6.364268	105.925000
0.190951	1.963119	-6.377667	106.026000
0.183595	1.960034	-6.380304	106.125000
0.176247	1.984142	-6.371114	106.225000
0.168457	1.982593	-6.313697	106.325000
0.160892	1.966526	-6.302998	106.425000
0.153163	1.987352	-6.351435	106.525000
0.145725	2.010486	-6.368401	106.625000
0.138402	2.016808	-6.351499	106.725000
0.130442	2.022058	-6.351773	106.825000
0.123194	2.034150	-6.323539	106.925000
0.115642	2.023078	-6.354319	107.025000
0.107871	2.011215	-6.398721	107.125000
0.100105	2.005890	-6.409494	107.225000
0.092244	1.993973	-6.402826	107.325000
0.084826	1.973520	-6.389966	107.425000
0.077404	1.954772	-6.357869	107.526000
0.069637	1.975937	-6.311962	107.625000
0.062055	2.006229	-6.342673	107.725000
0.054588	2.015386	-6.392266	107.825000
0.047201	1.998395	-6.401640	107.925000
0.039163	2.006108	-6.402657	108.025000
0.031164	1.984946	-6.384518	108.125000
0.023566	1.996808	-6.330884	108.227000
0.015655	2.010108	-6.335116	108.325000
0.008313	2.028563	-6.399478	108.425000
0.000880	2.040598	-6.504965	108.525000
-0.006502	2.010521	-6.469196	108.625000
-0.014264	2.035242	-6.417351	108.725000
-0.022062	2.042182	-6.413631	108.825000
-0.029451	2.010362	-6.375605	108.926000
-0.037249	1.991035	-6.325054	109.025000
-0.044774	1.991105	-6.332210	109.125000
-0.052184	2.005026	-6.358647	109.225000
-0.059947	2.006517	-6.386934	109.325000
-0.067142	2.034418	-6.398448	109.425000
-0.075063	2.052789	-6.419569	109.525000
-0.082640	2.040910	-6.475263	109.625000
-0.090099	1.990488	-6.490696	109.726000
-0.098288	1.969283	-6.493032	109.825000
-0.105872	1.975272	-6.474371	109.925000
-0.113430	1.978042	-6.375793	110.025000
-0.120979	1.944098	-6.305162	110.125000
-0.128593	1.933857	-6.274502	110.225000
-0.136322	1.930443	-6.326581	110.325000
-0.144029	1.937110	-6.370739	110.425000
-0.151736	1.955959	-6.370323	110.525000
-0.159438	1.956671	-6.370941	110.626000
-0.167204	1.963009	-6.375649	110.725000
-0.174830	1.981724	-6.375835	110.825000
-0.182582	2.026806	-6.382639	110.925000
-0.189977	2.043064	-6.363630	111.025000
-0.197475	2.045175	-6.349139	111.125000
-0.204958	2.044447	-6.397612	111.225000
-0.212957	2.021710	-6.452664	111.325000
-0.220587	1.999436	-6.437001	111.425000
-0.228675	1.990097	-6.414712	111.525000
-0.236288	1.987748	-6.440649	111.625000
-0.244166	1.978639	-6.450643	111.725000
-0.251874	1.985316	-6.387573	111.826000
-0.259301	2.029064	-6.379817	111.925000
-0.266821	2.057781	-6.391184	112.025000
-0.274492	2.061660	-6.360974	112.125000
-0.282094	2.048351	-6.328022	112.226000
-0.289777	2.033775	-6.306706	112.325000
-0.297424	2.037989	-6.314184	112.425000
-0.304951	2.017533	-6.332051	112.525000
-0.312751	1.986048	-6.353448	112.625000
-0.320300	1.985737	-6.296759	112.725000
-0.328024	2.001953	-6.289734	112.825000
-0.335316	2.001664	-6.347926	112.925000
-0.343347	1.978023	-6.358956	113.025000
-0.350818	1.967844	-6.343915	113.125000
-0.358205	1.973922	-6.348388	113.225000
-0.365845	2.004533	-6.329038	113.325000
-0.373434	1.997108	-6.304680	113.425000
-0.381382	1.982784	-6.331387	113.526000
-0.388682	2.007174	-6.362676	113.625000
-0.396283	2.033333	-6.373766	113.725000
-0.403872	2.059888	-6.374771	113.826000
-0.411620	2.059236	-6.377601	113.925000
-0.419291	2.059379	-6.383534	114.026000
-0.427247	2.025675	-6.379542	114.125000
-0.434808	2.055163	-6.393347	114.225000
-0.442480	2.085361	-6.414656	114.325000
-0.450181	2.095779	-6.402681	114.425000
-0.457831	2.056390	-6.420137	114.525000
-0.465211	2.000258	-6.434472	114.625000
-0.472636	1.975028	-6.400140	114.725000
-0.480309	1.982653	-6.412898	114.825000
-0.488302	1.965674	-6.417757	114.925000
-0.496290	1.980317	-6.424562	115.025000
-0.503523	2.007815	-6.431384	115.125000
-0.511424	2.037575	-6.425340	115.226000
-0.519045	2.056901	-6.396529	115.325000
-0.526774	2.051207	-6.397879	115.425000
-0.534266	2.043899	-6.338012	115.525000
-0.541812	2.054528	-6.283875	115.626000
-0.549798	2.073361	-6.272352	115.725000
-0.557877	2.097485	-6.304732	115.825000
-0.565321	2.086310	-6.344285	115.925000
-0.573238	2.068555	-6.403050	116.025000
-0.580588	2.058570	-6.463465	116.125000
-0.588218	2.069601	-6.486624	116.225000
-0.595722	2.061966	-6.449410	116.325000
-0.603245	2.064382	-6.411664	116.426000
-0.611236	2.086422	-6.382586	116.526000
-0.618974	2.068956	-6.410449	116.625000
-0.627044	2.054064	-6.465084	116.725000
-0.634756	2.039121	-6.444412	116.826000
-0.642152	2.041072	-6.372619	116.926000
-0.650057	2.050448	-6.357943	117.025000
-0.657526	2.060278	-6.368316	117.126000
-0.665181	2.059197	-6.361230	117.225000
-0.673042	2.064279	-6.350549	117.325000
-0.680595	2.085817	-6.349632	117.425000
-0.688541	2.077751	-6.350476	117.525000
-0.695875	2.062787	-6.343191	117.625000
-0.703704	2.048253	-6.354874	117.725000
-0.711583	2.018407	-6.402617	117.826000
-0.719022	1.969529	-6.398048	117.925000
-0.726521	1.974359	-6.369096	118.025000
-0.734221	2.007755	-6.386815	118.125000
-0.741821	2.052650	-6.423881	118.225000
-0.749672	2.063182	-6.433607	118.325000
-0.757625	2.070269	-6.428916	118.425000
-0.765481	2.094470	-6.434038	118.525000
-0.773081	2.104135	-6.402818	118.625000
-0.781083	2.128621	-6.383316	118.725000
-0.788687	2.143919	-6.395341	118.825000
-0.796114	2.120128	-6.402486	118.925000
-0.803771	2.118615	-6.400844	119.026000
-0.811296	2.148565	-6.398838	119.126000
-0.819341	2.172575	-6.368094	119.226000
-0.826717	2.171765	-6.352409	119.325000
-0.834401	2.135513	-6.399693	119.426000
-0.842073	2.113232	-6.433696	119.525000
-0.849548	2.090884	-6.371394	119.625000
-0.857103	2.088369	-6.310768	119.725000
-0.864639	2.066672	-6.318806	119.826000
-0.872157	2.032600	-6.366831	119.925000
-0.879873	2.028768	-6.388865	120.025000
-0.887034	2.033660	-6.400172	120.125000
-0.894696	2.047825	-6.435755	120.225000
-0.902445	2.061443	-6.510334	120.325000
-0.909877	2.098082	-6.533683	120.425000
-0.917824	2.120628	-6.510882	120.525000
-0.925223	2.092156	-6.464504	120.625000
-0.932947	2.075068	-6.435528	120.726000
-0.940546	2.063930	-6.456486	120.825000
-0.948479	2.073963	-6.449246	120.925000
-0.955198	2.085510	-6.433968	121.026000
-0.958856	2.130644	-6.392158	121.125000
-0.961684	2.156900	-6.401901	121.226000
-0.963981	2.138342	-6.411871	121.325000
-0.965973	2.136330	-6.406406	121.425000
-0.967857	2.113744	-6.405364	121.525000
-0.969281	2.098749	-6.432534	121.625000
-0.970980	2.116140	-6.445997	121.725000
-0.972290	2.141483	-6.438985	121.825000
-0.973525	2.116034	-6.442108	121.925000
-0.974597	2.078267	-6.452477	122.025000
-0.975574	2.071026	-6.452494	122.125000
-0.976604	2.092420	-6.480866	122.225000
-0.977527	2.134197	-6.489754	122.325000
-0.978211	2.156289	-6.456054	122.425000
-0.979300	2.153171	-6.467460	122.525000
-0.979890	2.120972	-6.450882	122.625000
-0.980840	2.094053	-6.411434	122.725000
-0.981338	2.099689	-6.399656	122.825000
-0.981782	2.113079	-6.355700	122.925000
-0.982714	2.119008	-6.340503	123.025000
-0.983113	2.114458	-6.346280	123.126000
-0.983662	2.077312	-6.336460	123.225000
-0.984088	2.054827	-6.324240	123.325000
-0.984635	2.060972	-6.340287	123.425000
-0.985398	2.081696	-6.356005	123.525000
-0.985555	2.089244	-6.385377	123.625000
-0.986102	2.098765	-6.382302	123.725000
-0.986423	2.103113	-6.336170	123.825000
-0.986718	2.094760	-6.304937	123.925000
-0.987303	2.064375	-6.298558	124.025000
-0.987605	2.051423	-6.295359	124.125000
-0.987863	2.089438	-6.338413	124.226000
-0.988240	2.128831	-6.384450	124.325000
-0.988752	2.140431	-6.411916	124.425000
-0.989045	2.115823	-6.456338	124.525000
-0.989027	2.116139	-6.454342	124.625000
-0.989675	2.135250	-6.490175	124.725000
-0.989827	2.140676	-6.509178	124.825000
-0.990244	2.132325	-6.508691	124.925000
-0.990444	2.118914	-6.463611	125.025000
-0.990458	2.137875	-6.466143	125.125000
-0.991026	2.166831	-6.461864	125.225000
-0.991076	2.161983	-6.446919	125.325000
-0.991453	2.172690	-6.438728	125.425000
-0.991764	2.167650	-6.447587	125.525000
-0.991646	2.140673	-6.462856	125.625000
-0.992078	2.120881	-6.437010	125.726000
-0.992213	2.149394	-6.410077	125.825000
-0.992485	2.138468	-6.415165	125.926000
-0.992729	2.125250	-6.448472	126.025000
-0.992836	2.156116	-6.420543	126.125000
-0.993069	2.149107	-6.379218	126.225000
-0.993127	2.116061	-6.376067	126.325000
-0.993305	2.106292	-6.405021	126.426000
-0.993533	2.128658	-6.416274	126.525000
-0.993498	2.153073	-6.413545	126.625000
-0.993555	2.156288	-6.403760	126.725000
-0.993753	2.168207	-6.391677	126.825000
-0.993854	2.179987	-6.379915	126.925000
-0.994129	2.186198	-6.374981	127.025000
-0.994214	2.181606	-6.422756	127.125000
-0.994404	2.154123	-6.454664	127.225000
-0.994352	2.139960	-6.439094	127.325000
-0.994737	2.144335	-6.410668	127.426000
-0.994688	2.145198	-6.352144	127.525000
-0.994796	2.142321	-6.383409	127.625000
-0.995029	2.143101	-6.399495	127.725000
-0.994819	2.160923	-6.326390	127.825000
