NaN	NaN	NaN	7.768000
-0.638013	1.116890	-3.357930	7.868000
-0.637913	1.117145	-3.358544	7.968000
-0.637829	1.121324	-3.355119	8.068000
-0.637821	1.122561	-3.359025	8.168000
-0.637810	1.118892	-3.381223	8.269000
-0.637905	1.116774	-3.390679	8.368000
-0.638044	1.114833	-3.384159	8.469000
-0.638011	1.114823	-3.371671	8.568000
-0.638037	1.116150	-3.356029	8.668000
-0.637965	1.115069	-3.342422	8.768000
-0.637984	1.118853	-3.341534	8.868000
-0.638058	1.123379	-3.346713	8.968000
-0.637822	1.126914	-3.359102	9.068000
-0.637998	1.125913	-3.362626	9.168000
-0.638007	1.121530	-3.363311	9.268000
-0.637927	1.119452	-3.366390	9.368000
-0.637895	1.118455	-3.360908	9.468000
-0.638195	1.119389	-3.360090	9.568000
-0.638019	1.123395	-3.373418	9.668000
-0.637851	1.124045	-3.385434	9.768000
-0.638075	1.125625	-3.390437	9.868000
-0.638182	1.123682	-3.386716	9.968000
-0.637801	1.120696	-3.371378	10.068000
-0.637861	1.121522	-3.348469	10.168000
-0.638149	1.123288	-3.346267	10.268000
-0.638011	1.123198	-3.364855	10.369000
-0.637942	1.124535	-3.373848	10.468000
-0.638250	1.122597	-3.372024	10.568000
-0.638049	1.118897	-3.363896	10.668000
-0.636490	1.116763	-3.357348	10.768000
-0.632662	1.116543	-3.361870	10.868000
-0.628283	1.118010	-3.364476	10.968000
-0.623385	1.120683	-3.363436	11.068000
-0.618475	1.120819	-3.353541	11.168000
-0.613326	1.121410	-3.353119	11.268000
-0.608027	1.115896	-3.363471	11.368000
-0.602432	1.112843	-3.379837	11.468000
-0.597082	1.113301	-3.387537	11.568000
-0.591499	1.112773	-3.386278	11.668000
-0.586073	1.108391	-3.378902	11.768000
-0.580191	1.108581	-3.371347	11.868000
-0.574557	1.111881	-3.365947	11.968000
-0.568888	1.112798	-3.368702	12.068000
-0.562567	1.113417	-3.375666	12.168000
-0.556892	1.112937	-3.381581	12.268000
-0.550890	1.112490	-3.370835	12.368000
-0.545052	1.122405	-3.451935	12.468000
-0.538891	1.140963	-3.824902	12.568000
-0.532762	0.990285	-3.987583	12.668000
-0.526760	0.779984	-3.884223	12.768000
-0.520457	0.618814	-3.617928	12.868000
-0.514644	0.521426	-3.301373	12.968000
-0.508153	0.465304	-3.027496	13.068000
-0.501991	0.430919	-2.847626	13.168000
-0.495873	0.413879	-2.765303	13.268000
-0.489236	0.402537	-2.711066	13.368000
-0.482959	0.398764	-2.669996	13.468000
-0.476516	0.399090	-2.634268	13.568000
-0.470103	0.398802	-2.597084	13.668000
-0.464106	0.396630	-2.582332	13.768000
-0.457580	0.396570	-2.580732	13.868000
-0.451400	0.397263	-2.584605	13.968000
-0.444756	0.396951	-2.583520	14.068000
-0.438461	0.396307	-2.580208	14.168000
-0.431924	0.396734	-2.603784	14.268000
-0.425370	0.397705	-2.614374	14.368000
-0.418762	0.397410	-2.625988	14.468000
-0.412324	0.397010	-2.631396	14.568000
-0.406100	0.394852	-2.637428	14.668000
-0.399547	0.395714	-2.634712	14.768000
-0.393192	0.396525	-2.595164	14.868000
-0.386652	0.397346	-2.584569	14.968000
-0.380088	0.396989	-2.587306	15.068000
-0.373265	0.396289	-2.602189	15.168000
-0.366372	0.395173	-2.611529	15.268000
-0.359791	0.394562	-2.595237	15.368000
-0.353338	0.394479	-2.605459	15.468000
-0.346840	0.397118	-2.631945	15.568000
-0.340123	0.395379	-2.622068	15.668000
-0.333458	0.391429	-2.597992	15.768000
-0.327168	0.388279	-2.591278	15.868000
-0.320034	0.390796	-2.582527	15.968000
-0.313237	0.394768	-2.587385	16.068000
-0.306733	0.396826	-2.583391	16.168000
-0.299857	0.397899	-2.589953	16.268000
-0.293402	0.396388	-2.580693	16.368000
-0.286825	0.394723	-2.587617	16.468000
-0.280191	0.394120	-2.586034	16.568000
-0.273493	0.394582	-2.588118	16.668000
-0.267070	0.396523	-2.583915	16.768000
-0.260183	0.399664	-2.600286	16.868000
-0.253136	0.397534	-2.604824	16.968000
-0.246435	0.396332	-2.603013	17.068000
-0.239764	0.396045	-2.618939	17.168000
-0.232941	0.391663	-2.605157	17.268000
-0.226192	0.388889	-2.591170	17.368000
-0.219294	0.389237	-2.581349	17.468000
-0.212891	0.392625	-2.569688	17.568000
-0.205762	0.396324	-2.580190	17.668000
-0.198889	0.396305	-2.559926	17.769000
-0.191798	0.394216	-2.577089	17.868000
-0.185353	0.390322	-2.592113	17.968000
-0.178186	0.388207	-2.581304	18.068000
-0.171666	0.388947	-2.594055	18.168000
-0.165065	0.393253	-2.593113	18.268000
-0.158110	0.394864	-2.571186	18.368000
-0.151377	0.391826	-2.552684	18.468000
-0.144854	0.392486	-2.556453	18.568000
-0.137803	0.391703	-2.554244	18.668000
-0.130876	0.391699	-2.551768	18.768000
-0.124189	0.390334	-2.544394	18.868000
-0.117412	0.388576	-2.556061	18.968000
-0.110569	0.386383	-2.596012	19.068000
-0.103850	0.385683	-2.620098	19.168000
-0.096729	0.389409	-2.606099	19.268000
-0.090133	0.391394	-2.599032	19.368000
-0.083337	0.390511	-2.614485	19.468000
-0.076437	0.386730	-2.610182	19.568000
-0.069671	0.386639	-2.615611	19.668000
-0.062620	0.386611	-2.616346	19.768000
-0.056126	0.390081	-2.612176	19.868000
-0.049291	0.390113	-2.611079	19.968000
-0.042218	0.391542	-2.599305	20.068000
-0.035521	0.392347	-2.594737	20.168000
-0.028341	0.391398	-2.597599	20.268000
-0.021317	0.391387	-2.597590	20.368000
-0.014173	0.392090	-2.584877	20.469000
-0.007276	0.393213	-2.575551	20.568000
-0.000405	0.391987	-2.597571	20.668000
0.006659	0.391385	-2.610645	20.768000
0.013193	0.387249	-2.618354	20.868000
0.020436	0.389356	-2.628879	20.968000
0.027508	0.391232	-2.608331	21.068000
0.034681	0.391250	-2.586378	21.168000
0.041519	0.390260	-2.559807	21.268000
0.048365	0.388860	-2.572460	21.368000
0.055413	0.387219	-2.577806	21.468000
0.062298	0.388521	-2.613361	21.568000
0.069260	0.390815	-2.622918	21.668000
0.076163	0.390309	-2.628130	21.768000
0.083141	0.388957	-2.642315	21.868000
0.090501	0.386567	-2.618193	21.968000
0.097864	0.390442	-2.607397	22.068000
0.104849	0.390485	-2.592895	22.168000
0.111849	0.389147	-2.588508	22.268000
0.118931	0.389632	-2.588424	22.368000
0.125822	0.389252	-2.586450	22.469000
0.132741	0.389166	-2.586064	22.568000
0.139941	0.389917	-2.568806	22.668000
0.146818	0.392479	-2.581555	22.768000
0.153624	0.395706	-2.601403	22.868000
0.160632	0.395079	-2.641266	22.968000
0.167659	0.391396	-2.676123	23.068000
0.174857	0.391482	-2.691087	23.168000
0.181749	0.392786	-2.679750	23.268000
0.188781	0.392687	-2.642747	23.368000
0.195923	0.390580	-2.607495	23.468000
0.203016	0.392611	-2.594184	23.568000
0.210089	0.391875	-2.603916	23.668000
0.217492	0.390053	-2.623635	23.768000
0.224635	0.390516	-2.619198	23.868000
0.231662	0.393800	-2.600192	23.968000
0.238884	0.394836	-2.609064	24.068000
0.245799	0.391640	-2.611746	24.168000
0.252944	0.394058	-2.595109	24.268000
0.260026	0.396336	-2.580228	24.368000
0.266830	0.393611	-2.595356	24.468000
0.274316	0.389804	-2.629070	24.568000
0.281280	0.390311	-2.650159	24.668000
0.288896	0.391335	-2.677744	24.768000
0.295824	0.391395	-2.690693	24.868000
0.302981	0.389418	-2.679080	24.968000
0.310205	0.387048	-2.646008	25.068000
0.317099	0.382674	-2.632370	25.168000
0.324320	0.381387	-2.635283	25.268000
0.331202	0.381517	-2.635897	25.368000
0.338852	0.382385	-2.639483	25.468000
0.345710	0.386567	-2.647147	25.568000
0.352775	0.387362	-2.613713	25.668000
0.360055	0.390751	-2.597874	25.768000
0.367166	0.391463	-2.596825	25.868000
0.374417	0.391369	-2.576073	25.968000
0.381202	0.390429	-2.557121	26.068000
0.388325	0.391086	-2.553304	26.168000
0.395174	0.394168	-2.568088	26.268000
0.402329	0.394782	-2.589905	26.368000
0.409808	0.395252	-2.587571	26.469000
0.416752	0.395290	-2.548975	26.568000
0.424132	0.397070	-2.530704	26.668000
0.431025	0.395898	-2.525115	26.768000
0.438313	0.393949	-2.539649	26.868000
0.445601	0.395988	-2.567084	26.968000
0.452527	0.395810	-2.576790	27.068000
0.460022	0.395378	-2.574041	27.168000
0.467052	0.396339	-2.580225	27.268000
0.474429	0.396346	-2.580226	27.368000
0.481589	0.395042	-2.586456	27.468000
0.488630	0.394110	-2.608901	27.568000
0.496194	0.392285	-2.591350	27.668000
0.503270	0.393021	-2.561480	27.768000
0.510599	0.396452	-2.580746	27.868000
0.517813	0.400181	-2.613692	27.968000
0.525244	0.404603	-2.659378	28.068000
0.532536	0.412364	-2.739234	28.168000
0.539628	0.423553	-2.939152	28.268000
0.546912	0.438400	-3.302356	28.368000
0.553529	0.465017	-4.012063	28.468000
0.560921	0.651875	-5.005432	28.568000
0.568035	1.354319	-5.246944	28.669000
0.575356	1.745451	-5.228075	28.768000
0.582918	1.575627	-5.063755	28.868000
0.590416	1.296663	-4.664050	28.968000
0.598133	1.148698	-4.164949	29.068000
0.605075	1.108156	-3.794575	29.168000
0.612338	1.101428	-3.583398	29.268000
0.619724	1.103479	-3.469965	29.368000
0.626895	1.107844	-3.413029	29.468000
0.634255	1.111108	-3.397647	29.568000
0.641479	1.108656	-3.396899	29.668000
0.649295	1.104976	-3.399320	29.768000
0.656465	1.106977	-3.389414	29.868000
0.663793	1.110005	-3.368029	29.968000
0.670985	1.112606	-3.356490	30.068000
0.678357	1.116309	-3.364040	30.168000
0.685636	1.117656	-3.368823	30.268000
0.692781	1.120013	-3.368593	30.368000
0.700243	1.120798	-3.374527	30.468000
0.707387	1.123989	-3.376772	30.568000
0.715239	1.130859	-3.374669	30.668000
0.722425	1.131039	-3.369337	30.768000
0.729582	1.129458	-3.362982	30.868000
0.737281	1.130889	-3.374069	30.968000
0.744321	1.131336	-3.381066	31.068000
0.751804	1.131790	-3.371393	31.168000
0.758877	1.135401	-3.363324	31.268000
0.766205	1.133800	-3.361562	31.368000
0.773631	1.131670	-3.370120	31.468000
0.780508	1.131810	-3.366780	31.568000
0.788082	1.133060	-3.351231	31.668000
0.795206	1.133715	-3.352763	31.768000
0.802823	1.134089	-3.370901	31.868000
0.809991	1.134327	-3.381847	31.968000
0.817315	1.136281	-3.372519	32.068000
0.824844	1.139737	-3.367696	32.168000
0.831918	1.142664	-3.365249	32.268000
0.839936	1.138477	-3.369254	32.368000
0.847113	1.138626	-3.373762	32.468000
0.854535	1.139334	-3.379037	32.568000
0.861903	1.143027	-3.388283	32.668000
0.869090	1.148592	-3.384523	32.768000
0.876606	1.150692	-3.370083	32.868000
0.883535	1.147587	-3.356466	32.968000
0.891222	1.144392	-3.352144	33.068000
0.898578	1.143286	-3.340434	33.168000
0.905712	1.141560	-3.334953	33.268000
0.913353	1.142271	-3.338139	33.368000
0.920634	1.144571	-3.349148	33.468000
0.927951	1.145971	-3.354790	33.568000
0.935288	1.151689	-3.355074	33.668000
0.942556	1.157635	-3.347990	33.768000
0.950086	1.159786	-3.334023	33.868000
0.957338	1.159003	-3.332403	33.968000
0.965462	1.158720	-3.342294	34.068000
0.972646	1.156206	-3.358717	34.168000
0.980234	1.158697	-3.372833	34.268000
0.987497	1.163431	-3.364645	34.368000
0.995128	1.160365	-3.354693	34.468000
1.002313	1.159452	-3.345222	34.568000
1.009560	1.162704	-3.340724	34.668000
1.017194	1.164383	-3.333098	34.768000
1.024751	1.164359	-3.326022	34.868000
1.032376	1.166145	-3.323043	34.968000
1.039515	1.172119	-3.330086	35.068000
1.047274	1.173167	-3.330541	35.168000
1.054516	1.174377	-3.316946	35.268000
1.062009	1.175719	-3.312659	35.368000
1.069235	1.179147	-3.316116	35.468000
1.076619	1.175867	-3.321013	35.568000
1.084333	1.174603	-3.322514	35.668000
1.091378	1.173024	-3.322020	35.768000
1.098998	1.172744	-3.313066	35.868000
1.106707	1.175582	-3.305047	35.968000
1.113853	1.177274	-3.301228	36.068000
1.121151	1.179123	-3.296273	36.168000
1.128813	1.177135	-3.286434	36.268000
1.136011	1.175981	-3.281386	36.368000
1.143379	1.175967	-3.289112	36.468000
1.151225	1.176780	-3.291345	36.568000
1.158739	1.179812	-3.299466	36.668000
1.165898	1.179110	-3.310786	36.768000
1.173748	1.179641	-3.319463	36.868000
1.181165	1.183722	-3.318952	36.968000
1.188481	1.188459	-3.312226	37.068000
1.195860	1.186391	-3.312865	37.168000
1.203098	1.181865	-3.315309	37.268000
1.210649	1.181086	-3.318122	37.368000
1.218552	1.184295	-3.322876	37.468000
1.225108	1.191441	-3.316221	37.568000
1.233037	1.196587	-3.304929	37.668000
1.239882	1.192629	-3.290392	37.768000
1.247112	1.189605	-3.293039	37.868000
1.254637	1.190238	-3.303693	37.968000
1.262230	1.190515	-3.304321	38.068000
1.269264	1.193253	-3.290028	38.168000
1.277228	1.196491	-3.285580	38.268000
1.284992	1.194898	-3.290671	38.368000
1.292555	1.194416	-3.298211	38.468000
1.299988	1.197428	-3.299881	38.568000
1.307240	1.199493	-3.298654	38.668000
1.314941	1.201493	-3.291412	38.768000
1.322184	1.201369	-3.280981	38.868000
1.329843	1.200592	-3.278281	38.968000
1.337422	1.201167	-3.268987	39.068000
1.344445	1.201552	-3.268181	39.168000
1.352330	1.205241	-3.275782	39.268000
1.359518	1.208495	-3.281318	39.368000
1.366878	1.206265	-3.288964	39.468000
1.374853	1.203579	-3.295253	39.568000
1.382154	1.208399	-3.290354	39.672000
1.389993	1.213020	-3.277600	39.768000
1.396430	1.211013	-3.269823	39.868000
1.404847	1.211120	-3.277021	39.968000
1.410653	1.210994	-3.277056	40.068000
1.418072	1.212600	-3.279141	40.168000
1.427034	1.212050	-3.280518	40.268000
1.433675	1.217316	-3.273682	40.368000
1.441647	1.219312	-3.266299	40.468000
1.448512	1.216932	-3.262467	40.568000
1.455883	1.215523	-3.265167	40.669000
1.463585	1.214770	-3.267180	40.768000
1.471222	1.217030	-3.261052	40.868000
1.479053	1.218752	-3.264436	40.968000
1.486185	1.221662	-3.267780	41.068000
1.494088	1.225932	-3.258609	41.168000
1.501434	1.229576	-3.242053	41.268000
1.508876	1.229199	-3.229232	41.368000
1.516193	1.229295	-3.227318	41.468000
1.523692	1.227464	-3.228894	41.568000
1.531212	1.226307	-3.227840	41.668000
1.539074	1.224417	-3.231906	41.768000
1.546579	1.224657	-3.226517	41.868000
1.554004	1.226430	-3.223929	41.968000
1.561667	1.228153	-3.226658	42.068000
1.569124	1.227101	-3.240795	42.168000
1.576245	1.225804	-3.253699	42.268000
1.584112	1.226197	-3.249495	42.368000
1.592005	1.229475	-3.242985	42.468000
1.599467	1.234615	-3.228649	42.568000
1.607165	1.238689	-3.218178	42.668000
1.614545	1.240443	-3.221845	42.768000
1.622558	1.240060	-3.227036	42.868000
1.629910	1.239769	-3.229182	42.968000
1.637322	1.238998	-3.231072	43.068000
1.644007	1.238468	-3.232261	43.168000
1.652579	1.239853	-3.228521	43.269000
1.659934	1.238720	-3.213895	43.368000
1.667367	1.236254	-3.212993	43.468000
1.675475	1.239659	-3.213370	43.568000
1.682720	1.241172	-3.211646	43.668000
1.690009	1.239072	-3.210805	43.768000
1.697646	1.241791	-3.209692	43.868000
1.704882	1.244634	-3.205994	43.968000
1.712669	1.245646	-3.201739	44.068000
1.719859	1.244472	-3.212909	44.168000
1.727770	1.247441	-3.215064	44.268000
1.735463	1.248101	-3.215426	44.368000
1.742744	1.243156	-3.215617	44.468000
1.750511	1.242968	-3.220424	44.568000
1.757776	1.242954	-3.212341	44.668000
1.765606	1.245261	-3.195500	44.768000
1.773033	1.249263	-3.184491	44.868000
1.780522	1.251313	-3.180800	44.968000
1.788498	1.248676	-3.190626	45.068000
1.795218	1.247669	-3.198283	45.168000
1.804470	1.248230	-3.203047	45.268000
1.810354	1.250402	-3.206931	45.369000
1.819587	1.249729	-3.218017	45.468000
1.827051	1.251245	-3.208543	45.568000
1.834706	1.250194	-3.200027	45.668000
1.842031	1.248299	-3.198027	45.768000
1.847412	1.250433	-3.184929	45.868000
1.857319	1.252651	-3.168549	45.968000
1.863056	1.257974	-3.172079	46.068000
1.871677	1.260629	-3.165208	46.168000
1.879411	1.262333	-3.177803	46.268000
1.887226	1.260226	-3.194876	46.368000
1.894845	1.255395	-3.196335	46.468000
1.902214	1.257664	-3.194738	46.568000
1.908577	1.261883	-3.184330	46.668000
1.916140	1.260891	-3.176358	46.768000
1.923853	1.262015	-3.178100	46.868000
1.931558	1.265753	-3.172174	46.968000
1.938278	1.262037	-3.170661	47.068000
1.946251	1.258493	-3.178863	47.168000
1.953791	1.256441	-3.186265	47.268000
1.960962	1.255426	-3.184552	47.368000
1.968277	1.254283	-3.183100	47.468000
1.975765	1.254269	-3.183102	47.568000
1.983736	1.258421	-3.179271	47.668000
1.991417	1.261678	-3.166434	47.768000
1.999234	1.265958	-3.158662	47.868000
2.006473	1.273556	-3.151495	47.968000
2.014235	1.276577	-3.144600	48.068000
2.021741	1.273197	-3.145119	48.168000
2.029316	1.270162	-3.144993	48.268000
2.036203	1.271400	-3.136875	48.368000
2.044000	1.273155	-3.136501	48.468000
2.051289	1.271891	-3.135026	48.568000
2.059934	1.272131	-3.128976	48.668000
2.067412	1.270695	-3.140609	48.768000
2.074212	1.272688	-3.146318	48.868000
2.081944	1.276990	-3.135996	48.968000
2.091337	1.278437	-3.129171	49.068000
2.095416	1.277011	-3.140986	49.169000
2.104964	1.275864	-3.161678	49.268000
2.112604	1.280102	-3.165586	49.368000
2.118503	1.280452	-3.158668	49.468000
2.129057	1.281172	-3.140578	49.568000
2.135553	1.280651	-3.115973	49.668000
2.141666	1.276844	-3.108195	49.768000
2.148554	1.276514	-3.118663	49.868000
2.155657	1.276075	-3.118046	49.968000
2.163378	1.276213	-3.108314	50.068000
2.173887	1.276215	-3.116353	50.168000
2.181048	1.275868	-3.120887	50.268000
2.188899	1.276136	-3.119335	50.369000
2.195125	1.275927	-3.117070	50.468000
2.203056	1.275853	-3.120647	50.568000
2.211095	1.277472	-3.116704	50.668000
2.218940	1.279019	-3.118140	50.768000
2.225834	1.278917	-3.116275	50.868000
2.232515	1.277489	-3.124402	50.968000
2.240357	1.279203	-3.128967	51.068000
2.248385	1.282746	-3.124515	51.168000
2.256117	1.281992	-3.113765	51.268000
2.263648	1.286495	-3.112497	51.368000
2.271451	1.291064	-3.112735	51.468000
2.278714	1.293857	-3.115585	51.568000
2.285651	1.289912	-3.113102	51.668000
2.292744	1.288053	-3.126193	51.768000
2.300772	1.286962	-3.129896	51.868000
2.308917	1.288145	-3.122671	51.969000
2.316057	1.289039	-3.124573	52.068000
2.324030	1.288474	-3.128158	52.168000
2.331656	1.287095	-3.129800	52.268000
2.338855	1.285523	-3.124923	52.368000
2.347057	1.286153	-3.114451	52.468000
2.353546	1.286536	-3.110475	52.568000
2.361593	1.285681	-3.103726	52.668000
2.369292	1.283877	-3.094640	52.768000
2.376139	1.283160	-3.092851	52.868000
2.383877	1.284961	-3.092359	52.968000
2.391636	1.286838	-3.096925	53.068000
2.398895	1.289312	-3.097029	53.168000
2.406292	1.292259	-3.091836	53.268000
2.413847	1.292078	-3.093081	53.368000
2.421797	1.294678	-3.082574	53.468000
2.427906	1.296358	-3.076031	53.568000
2.435969	1.296787	-3.073417	53.668000
2.444613	1.298264	-3.070140	53.768000
2.451942	1.297167	-3.074940	53.868000
2.458699	1.296652	-3.076231	53.968000
2.466091	1.296956	-3.076804	54.068000
2.473708	1.296491	-3.081907	54.168000
2.481618	1.297445	-3.076860	54.268000
2.489103	1.295191	-3.068900	54.368000
2.496025	1.291342	-3.073004	54.468000
2.504892	1.290210	-3.085728	54.568000
2.511573	1.292705	-3.095372	54.668000
2.518985	1.292314	-3.105880	54.768000
2.527316	1.290674	-3.104774	54.868000
2.535392	1.293873	-3.087774	54.968000
2.542513	1.296009	-3.070315	55.068000
2.549284	1.296411	-3.064524	55.168000
2.556457	1.294625	-3.066243	55.268000
2.564252	1.294701	-3.074486	55.368000
2.573245	1.296510	-3.076541	55.468000
2.580699	1.294013	-3.066442	55.568000
2.588003	1.291646	-3.050843	55.668000
2.595034	1.292501	-3.042897	55.768000
2.602654	1.291579	-3.047367	55.868000
2.609565	1.294502	-3.057894	55.968000
2.617313	1.298537	-3.073206	56.068000
2.624889	1.306011	-3.078097	56.168000
2.633149	1.313061	-3.078125	56.268000
2.640420	1.312323	-3.071125	56.368000
2.647599	1.310263	-3.056313	56.468000
2.654830	1.311645	-3.053398	56.568000
2.662916	1.311455	-3.069261	56.668000
2.670831	1.310781	-3.083704	56.768000
2.677174	1.311824	-3.084591	56.868000
2.687261	1.308907	-3.059769	56.968000
2.692786	1.306012	-3.033970	57.068000
2.699778	1.305512	-3.016777	57.168000
2.707453	1.303806	-3.017084	57.268000
2.715446	1.302040	-3.027428	57.368000
2.724117	1.303985	-3.033081	57.468000
2.731973	1.304835	-3.032261	57.568000
2.739089	1.304077	-3.032860	57.668000
2.745394	1.306843	-3.034995	57.768000
2.752218	1.308767	-3.045497	57.868000
2.760708	1.307653	-3.053728	57.968000
2.769392	1.307479	-3.046381	58.068000
2.776610	1.309052	-3.042129	58.168000
2.782287	1.310134	-3.042267	58.268000
2.793231	1.309161	-3.042845	58.368000
2.795916	1.307028	-3.039510	58.468000
2.808202	1.307963	-3.036998	58.568000
2.810842	1.307173	-3.036101	58.668000
2.822549	1.307257	-3.035346	58.768000
2.826123	1.309153	-3.030484	58.868000
2.838152	1.310200	-3.029064	58.968000
2.842001	1.310051	-3.034131	59.068000
2.852847	1.308985	-3.038660	59.168000
2.857723	1.310920	-3.040280	59.268000
2.866162	1.315058	-3.040411	59.368000
2.874768	1.316687	-3.042002	59.468000
2.879753	1.316774	-3.040959	59.568000
2.890364	1.315714	-3.046902	59.668000
2.894359	1.317891	-3.046922	59.768000
2.904389	1.320257	-3.037551	59.868000
2.909338	1.316846	-3.020752	59.968000
2.919602	1.314844	-3.008024	60.068000
2.924023	1.318032	-2.999287	60.168000
2.934037	1.318045	-2.981181	60.268000
2.939776	1.317975	-2.970359	60.368000
2.947532	1.313765	-2.970800	60.468000
2.956546	1.314492	-2.981294	60.568000
2.960474	1.316796	-2.983855	60.668000
2.967148	1.319615	-2.981706	60.768000
2.965462	1.321920	-2.974703	60.868000
2.964255	1.323561	-2.978033	60.968000
2.961841	1.320360	-2.990739	61.068000
2.958209	1.316198	-2.999991	61.168000
2.954690	1.314396	-2.997054	61.268000
2.951601	1.314956	-2.994304	61.368000
2.947896	1.317585	-2.996658	61.468000
2.943016	1.316008	-3.003466	61.568000
2.938881	1.311449	-3.001149	61.668000
2.934033	1.311408	-2.994714	61.769000
2.929529	1.311958	-2.992966	61.868000
2.924606	1.313058	-2.997077	61.968000
2.919994	1.316481	-3.001864	62.068000
2.915427	1.316530	-2.996776	62.168000
2.910473	1.314895	-2.993675	62.268000
2.904001	1.312570	-2.984406	62.368000
2.899357	1.312958	-2.982771	62.468000
2.893488	1.313695	-2.983459	62.568000
2.887957	1.313842	-2.985153	62.668000
2.884275	1.312769	-2.978500	62.768000
2.877039	1.312058	-2.976465	62.868000
2.868366	1.312880	-2.984025	62.968000
2.867626	1.316952	-2.993030	63.068000
2.858072	1.318546	-2.995069	63.168000
2.853385	1.316753	-3.005478	63.269000
2.847841	1.313189	-3.016255	63.369000
2.841222	1.311479	-3.022812	63.468000
2.837849	1.312619	-3.023291	63.568000
2.828016	1.313884	-3.020856	63.668000
2.823195	1.315379	-3.013246	63.768000
2.820633	1.314522	-3.012019	63.868000
2.811217	1.312709	-3.015947	63.968000
2.804449	1.310046	-3.024294	64.068000
2.800516	1.309705	-3.028449	64.169000
2.794841	1.313679	-3.025732	64.268000
2.783727	1.315648	-3.011498	64.369000
2.782467	1.318132	-3.012505	64.468000
2.777978	1.316097	-3.013588	64.568000
2.772702	1.311502	-3.004964	64.668000
2.765352	1.310178	-3.009235	64.768000
2.756955	1.310765	-3.010531	64.868000
2.746455	1.304547	-3.010733	64.968000
2.742886	1.301741	-3.022819	65.068000
2.740317	1.302454	-3.029791	65.168000
2.732984	1.305031	-3.033614	65.268000
2.722149	1.309695	-3.028730	65.368000
2.721117	1.311542	-3.024845	65.468000
2.711944	1.307677	-3.046218	65.568000
2.708854	1.301875	-3.076813	65.668000
2.699758	1.304365	-3.096727	65.769000
2.689956	1.309302	-3.091324	65.868000
2.687677	1.309751	-3.069140	65.968000
2.682287	1.307727	-3.043038	66.068000
2.670249	1.304996	-3.032267	66.168000
2.666454	1.304103	-3.034710	66.268000
2.662842	1.304448	-3.040801	66.368000
2.651648	1.303129	-3.058322	66.468000
2.649202	1.305396	-3.067558	66.568000
2.639223	1.307061	-3.050233	66.668000
2.636657	1.307151	-3.035846	66.768000
2.629005	1.304505	-3.026374	66.868000
2.620695	1.303461	-3.031975	66.968000
2.613688	1.300856	-3.040155	67.068000
2.607653	1.301164	-3.046665	67.168000
2.601604	1.302936	-3.041887	67.268000
2.596036	1.301577	-3.040742	67.368000
2.588418	1.299902	-3.063765	67.468000
2.581909	1.301717	-3.087387	67.568000
2.575219	1.301950	-3.102111	67.668000
2.569237	1.304122	-3.100278	67.768000
2.561890	1.302960	-3.089239	67.868000
2.555451	1.297761	-3.094057	67.968000
2.548683	1.300617	-3.093320	68.068000
2.542724	1.305631	-3.087406	68.168000
2.535959	1.307011	-3.083370	68.268000
2.529123	1.301885	-3.068671	68.368000
2.522932	1.297957	-3.054645	68.468000
2.516139	1.294818	-3.055126	68.568000
2.508036	1.296691	-3.065059	68.668000
2.504438	1.297094	-3.073611	68.768000
2.496815	1.298896	-3.095381	68.868000
2.487465	1.302962	-3.111791	68.968000
2.484172	1.305730	-3.105590	69.068000
2.478490	1.305853	-3.080390	69.168000
2.470711	1.307656	-3.062820	69.268000
2.465112	1.307301	-3.063818	69.368000
2.457726	1.305486	-3.080747	69.468000
2.447077	1.302938	-3.091469	69.568000
2.444289	1.299835	-3.097850	69.668000
2.434968	1.298274	-3.093672	69.768000
2.428169	1.296295	-3.080458	69.868000
2.422199	1.293148	-3.077398	69.968000
2.415201	1.289836	-3.085950	70.068000
2.409511	1.289073	-3.100423	70.168000
2.402585	1.290115	-3.102627	70.268000
2.394603	1.293224	-3.119153	70.368000
2.388319	1.295657	-3.129942	70.468000
2.381197	1.295146	-3.124666	70.568000
2.374834	1.294133	-3.113457	70.668000
2.367764	1.296017	-3.099961	70.768000
2.360874	1.293770	-3.090349	70.868000
2.354312	1.291604	-3.085585	70.968000
2.347670	1.290903	-3.088067	71.068000
2.340457	1.291441	-3.091364	71.168000
2.333389	1.290460	-3.108016	71.268000
2.326211	1.292261	-3.122156	71.368000
2.320367	1.290491	-3.135701	71.468000
2.311768	1.291906	-3.127455	71.568000
2.305388	1.291179	-3.118542	71.668000
2.298406	1.289403	-3.103196	71.768000
2.291371	1.288576	-3.086813	71.868000
2.284547	1.282883	-3.087203	71.968000
2.279623	1.282474	-3.102064	72.068000
2.269980	1.282795	-3.110449	72.168000
2.266086	1.278975	-3.096438	72.268000
2.256270	1.279989	-3.093759	72.369000
2.249807	1.280951	-3.104256	72.468000
2.243309	1.284683	-3.111375	72.568000
2.237166	1.284349	-3.107429	72.668000
2.231314	1.287287	-3.108660	72.768000
2.222493	1.286925	-3.114748	72.868000
2.216664	1.281136	-3.122131	72.968000
2.208326	1.279776	-3.123040	73.068000
2.202677	1.278857	-3.108003	73.168000
2.195230	1.276481	-3.098464	73.268000
2.188135	1.275765	-3.103213	73.368000
2.181649	1.276988	-3.105419	73.468000
2.174271	1.278483	-3.110078	73.568000
2.167288	1.278763	-3.108371	73.668000
2.160004	1.277648	-3.112620	73.768000
2.153160	1.276990	-3.118690	73.868000
2.146098	1.275214	-3.119993	73.968000
2.138915	1.269939	-3.120431	74.068000
2.132439	1.271273	-3.125174	74.168000
2.125273	1.275069	-3.140872	74.268000
2.118033	1.274344	-3.148075	74.368000
2.111533	1.273427	-3.147985	74.468000
2.104590	1.275248	-3.140514	74.568000
2.098195	1.273612	-3.128492	74.668000
2.090910	1.272984	-3.135920	74.768000
2.084104	1.273695	-3.145073	74.868000
2.077237	1.273186	-3.146975	74.968000
2.070430	1.274250	-3.147517	75.068000
2.062476	1.273158	-3.144374	75.168000
2.055780	1.270442	-3.126626	75.268000
2.048702	1.267609	-3.121944	75.368000
2.041393	1.271577	-3.125893	75.468000
2.034712	1.274155	-3.129922	75.568000
2.027747	1.274230	-3.150969	75.668000
2.020254	1.272003	-3.167599	75.768000
2.013958	1.272406	-3.171100	75.868000
2.006892	1.274886	-3.179611	75.968000
1.999801	1.274493	-3.165224	76.068000
1.992756	1.271014	-3.149907	76.168000
1.985328	1.268514	-3.139213	76.268000
1.978197	1.267594	-3.140214	76.368000
1.971019	1.269507	-3.158031	76.469000
1.963815	1.268042	-3.176692	76.568000
1.956926	1.264563	-3.191733	76.668000
1.949719	1.261898	-3.205840	76.768000
1.942717	1.261807	-3.202434	76.868000
1.935563	1.259487	-3.180246	76.968000
1.928836	1.256992	-3.172904	77.068000
1.921060	1.257029	-3.176271	77.168000
1.914192	1.258624	-3.176373	77.268000
1.906812	1.260416	-3.154827	77.368000
1.900287	1.261077	-3.150107	77.468000
1.892899	1.261343	-3.150268	77.568000
1.885851	1.261118	-3.149571	77.668000
1.878495	1.259953	-3.164903	77.768000
1.870265	1.256765	-3.183498	77.868000
1.865034	1.259639	-3.187806	77.968000
1.857423	1.258090	-3.171453	78.068000
1.849251	1.254435	-3.162689	78.168000
1.842702	1.255504	-3.179303	78.268000
1.835083	1.257896	-3.198336	78.368000
1.828171	1.256651	-3.197503	78.468000
1.820981	1.258127	-3.196738	78.568000
1.813866	1.257083	-3.186963	78.668000
1.806685	1.255898	-3.175726	78.768000
1.799238	1.252902	-3.176880	78.868000
1.791863	1.251830	-3.180749	78.968000
1.784765	1.252836	-3.191381	79.068000
1.777526	1.252362	-3.192644	79.168000
1.770501	1.251728	-3.195010	79.268000
1.763355	1.251218	-3.206245	79.368000
1.756149	1.249132	-3.213887	79.468000
1.748807	1.247862	-3.216702	79.568000
1.741728	1.251679	-3.215191	79.668000
1.734265	1.253749	-3.209232	79.768000
1.726814	1.252265	-3.200555	79.868000
1.720026	1.248090	-3.193570	79.968000
1.711991	1.245032	-3.189810	80.068000
1.705496	1.241812	-3.190260	80.168000
1.698412	1.238662	-3.207457	80.268000
1.691320	1.235282	-3.225428	80.368000
1.683899	1.237127	-3.242996	80.468000
1.676198	1.239617	-3.265574	80.568000
1.669055	1.245620	-3.267944	80.668000
1.661307	1.248081	-3.252384	80.768000
1.654194	1.243122	-3.246121	80.868000
1.646984	1.236950	-3.243891	80.968000
1.640017	1.234043	-3.255242	81.068000
1.632475	1.234418	-3.252931	81.168000
1.625221	1.235863	-3.232538	81.268000
1.618411	1.235752	-3.208554	81.368000
1.611112	1.234420	-3.205833	81.468000
1.604076	1.234227	-3.212766	81.568000
1.596927	1.232761	-3.216243	81.668000
1.589962	1.231585	-3.220852	81.768000
1.582580	1.228040	-3.221623	81.868000
1.575199	1.224518	-3.221783	81.968000
1.568413	1.223564	-3.229900	82.068000
1.560912	1.223882	-3.251061	82.168000
1.553626	1.225808	-3.258841	82.268000
1.546199	1.226371	-3.256406	82.368000
1.539320	1.225959	-3.247287	82.468000
1.532198	1.225873	-3.234267	82.568000
1.524736	1.225319	-3.232455	82.668000
1.517623	1.225083	-3.242760	82.768000
1.510482	1.224321	-3.245807	82.868000
1.503098	1.224086	-3.257870	82.968000
1.495586	1.222763	-3.261921	83.068000
1.488172	1.220914	-3.251454	83.168000
1.480760	1.219654	-3.244593	83.268000
1.473349	1.218250	-3.251305	83.368000
1.466036	1.216864	-3.255479	83.469000
1.458931	1.216629	-3.258297	83.568000
1.451744	1.216783	-3.258737	83.669000
1.444274	1.216144	-3.269399	83.768000
1.437070	1.209715	-3.272378	83.868000
1.430001	1.212095	-3.259910	83.968000
1.422549	1.214116	-3.245777	84.068000
1.415512	1.216725	-3.242410	84.168000
1.408169	1.218049	-3.248398	84.268000
1.400696	1.218387	-3.260693	84.368000
1.393558	1.218778	-3.266390	84.468000
1.386020	1.216516	-3.270391	84.568000
1.378975	1.212834	-3.266229	84.668000
1.371272	1.206111	-3.257966	84.768000
1.364402	1.200962	-3.252779	84.868000
1.356316	1.200710	-3.256554	84.968000
1.349145	1.201383	-3.266261	85.068000
1.342102	1.203776	-3.271949	85.168000
1.334654	1.202457	-3.284254	85.268000
1.327361	1.199988	-3.296334	85.368000
1.319717	1.199836	-3.289709	85.468000
1.312717	1.200660	-3.275569	85.568000
1.305069	1.199845	-3.263379	85.668000
1.297513	1.201588	-3.261445	85.768000
1.290435	1.197308	-3.270259	85.868000
1.282929	1.197295	-3.280279	85.968000
1.275791	1.198833	-3.278604	86.068000
1.268234	1.199848	-3.283327	86.168000
1.261203	1.199220	-3.300255	86.268000
1.254045	1.195406	-3.304181	86.368000
1.246373	1.196421	-3.294645	86.468000
1.238989	1.196413	-3.285530	86.568000
1.231301	1.198902	-3.283203	86.668000
1.223708	1.201054	-3.291549	86.768000
1.216384	1.198272	-3.304533	86.868000
1.209142	1.194917	-3.298766	86.968000
1.201782	1.190888	-3.299467	87.068000
1.194376	1.189042	-3.297672	87.168000
1.186962	1.187627	-3.299722	87.268000
1.179540	1.187194	-3.304750	87.368000
1.171682	1.186526	-3.303402	87.468000
1.164127	1.182749	-3.297865	87.568000
1.156728	1.178214	-3.293259	87.668000
1.149327	1.182869	-3.296477	87.768000
1.141908	1.184970	-3.298237	87.868000
1.134634	1.183451	-3.296323	87.968000
1.127248	1.183212	-3.295787	88.068000
1.119716	1.180956	-3.314902	88.168000
1.112346	1.178423	-3.330373	88.268000
1.104769	1.177945	-3.332440	88.368000
1.097596	1.179644	-3.323957	88.468000
1.090170	1.179553	-3.325518	88.568000
1.082482	1.174883	-3.339269	88.668000
1.075274	1.175132	-3.342661	88.768000
1.067910	1.176222	-3.327231	88.868000
1.060502	1.175716	-3.317160	88.968000
1.053213	1.169908	-3.311025	89.068000
1.045622	1.170802	-3.305879	89.168000
1.037467	1.169210	-3.315782	89.268000
1.030250	1.167187	-3.325343	89.368000
1.022611	1.168769	-3.328834	89.468000
1.015247	1.165447	-3.320100	89.568000
1.007904	1.161756	-3.315843	89.668000
1.000475	1.158121	-3.319083	89.768000
0.993084	1.158599	-3.323831	89.868000
0.985595	1.159666	-3.320477	89.968000
0.978177	1.161854	-3.327030	90.068000
0.970620	1.159927	-3.344490	90.168000
0.962873	1.157466	-3.351220	90.268000
0.955855	1.157740	-3.345864	90.368000
0.948197	1.159770	-3.346854	90.468000
0.941097	1.160174	-3.363616	90.569000
0.933493	1.159399	-3.361801	90.668000
0.926161	1.158341	-3.341498	90.768000
0.918593	1.157132	-3.334016	90.868000
0.910826	1.159404	-3.343884	90.968000
0.903287	1.156372	-3.356635	91.068000
0.895712	1.152235	-3.364953	91.168000
0.888346	1.148985	-3.365656	91.268000
0.881116	1.145162	-3.361895	91.368000
0.873390	1.144129	-3.362006	91.468000
0.865950	1.141401	-3.370173	91.568000
0.858327	1.143858	-3.366200	91.668000
0.850630	1.146820	-3.360252	91.768000
0.843032	1.149849	-3.355615	91.868000
0.835581	1.149292	-3.354999	91.968000
0.828048	1.147091	-3.353416	92.068000
0.820235	1.139107	-3.341774	92.168000
0.813136	1.139449	-3.334337	92.268000
0.805658	1.141539	-3.335124	92.368000
0.798057	1.136968	-3.335857	92.468000
0.790406	1.137131	-3.332313	92.568000
0.782599	1.141337	-3.321259	92.668000
0.775000	1.139182	-3.332654	92.768000
0.767321	1.136387	-3.363348	92.868000
0.759945	1.132852	-3.365781	92.968000
0.752520	1.126799	-3.364930	93.068000
0.745244	1.122005	-3.370237	93.168000
0.737633	1.118334	-3.366749	93.268000
0.729876	1.123320	-3.362996	93.368000
0.722399	1.128520	-3.349051	93.468000
0.714400	1.129329	-3.348497	93.568000
0.707107	1.130077	-3.352358	93.668000
0.699336	1.127620	-3.360334	93.768000
0.692028	1.123104	-3.365872	93.868000
0.684414	1.119135	-3.377657	93.968000
0.676705	1.115037	-3.377394	94.068000
0.669354	1.114080	-3.375690	94.168000
0.661866	1.109317	-3.384512	94.268000
0.653896	1.106826	-3.389576	94.368000
0.646193	1.108496	-3.386589	94.468000
0.638997	1.110766	-3.386662	94.568000
0.631419	1.109920	-3.390371	94.668000
0.623691	1.109751	-3.393742	94.768000
0.616167	1.109137	-3.390541	94.868000
0.608831	1.109787	-3.379619	94.968000
0.601394	1.109082	-3.376657	95.068000
0.593720	1.107628	-3.375743	95.168000
0.586269	1.106713	-3.387820	95.268000
0.578881	1.109384	-3.395931	95.368000
0.571426	1.108802	-3.402840	95.468000
0.563750	1.101715	-3.410741	95.568000
0.556325	1.100062	-3.415815	95.668000
0.549079	1.101687	-3.410223	95.768000
0.541465	1.100124	-3.418779	95.868000
0.533816	1.106197	-3.625359	95.968000
0.526181	1.009818	-3.882865	96.068000
0.518757	0.800212	-3.857086	96.168000
0.511281	0.628432	-3.625877	96.268000
0.503591	0.524397	-3.320122	96.368000
0.496312	0.467200	-3.060456	96.468000
0.488712	0.436906	-2.872724	96.568000
0.481213	0.420365	-2.753417	96.668000
0.473839	0.408580	-2.691429	96.768000
0.466034	0.399847	-2.658972	96.868000
0.458049	0.398497	-2.640176	96.968000
0.450632	0.398144	-2.623602	97.068000
0.442880	0.398620	-2.602931	97.168000
0.435311	0.395891	-2.601882	97.268000
0.427782	0.391817	-2.597874	97.368000
0.420451	0.392433	-2.584857	97.468000
0.412518	0.392995	-2.594330	97.568000
0.405089	0.391288	-2.605825	97.668000
0.397414	0.387862	-2.624794	97.768000
0.389494	0.387510	-2.623810	97.868000
0.381781	0.388540	-2.587976	97.968000
0.374086	0.390144	-2.591022	98.068000
0.366638	0.391184	-2.598337	98.168000
0.358838	0.389823	-2.611838	98.268000
0.351402	0.387197	-2.607133	98.368000
0.343935	0.387055	-2.601758	98.468000
0.336138	0.388455	-2.589323	98.568000
0.328707	0.389119	-2.563315	98.668000
0.321020	0.389664	-2.531919	98.768000
0.313658	0.394886	-2.525722	98.868000
0.306002	0.399638	-2.562903	98.968000
0.298589	0.396889	-2.579894	99.068000
0.290859	0.394270	-2.584723	99.168000
0.283254	0.391326	-2.609073	99.268000
0.275837	0.391344	-2.618535	99.368000
0.267893	0.391337	-2.617738	99.468000
0.260045	0.391117	-2.621051	99.568000
0.252427	0.391499	-2.613793	99.668000
0.244944	0.392564	-2.623749	99.768000
0.237643	0.391835	-2.619950	99.868000
0.229884	0.391018	-2.613722	99.968000
0.222275	0.389552	-2.607883	100.068000
0.214833	0.390001	-2.603628	100.168000
0.207019	0.390841	-2.616058	100.268000
0.199461	0.390484	-2.625104	100.368000
0.191462	0.389036	-2.644104	100.468000
0.183870	0.389404	-2.633668	100.568000
0.176147	0.390947	-2.601824	100.668000
0.168686	0.394409	-2.573102	100.768000
0.161126	0.392398	-2.555669	100.868000
0.153443	0.388663	-2.555060	100.968000
0.145936	0.383947	-2.551450	101.068000
0.138244	0.383729	-2.578505	101.168000
0.130310	0.383643	-2.578946	101.268000
0.122624	0.384326	-2.558390	101.368000
0.114915	0.386621	-2.556823	101.468000
0.107349	0.385068	-2.558791	101.568000
0.099835	0.383666	-2.563972	101.668000
0.091995	0.379651	-2.578265	101.768000
0.084621	0.378129	-2.549637	101.868000
0.076915	0.379851	-2.529343	101.968000
0.069334	0.382683	-2.565902	102.068000
0.061820	0.383236	-2.598289	102.168000
0.054245	0.382377	-2.563045	102.268000
0.046631	0.383480	-2.511767	102.368000
0.039105	0.390038	-2.501971	102.468000
0.031613	0.390510	-2.503046	102.568000
0.023981	0.386867	-2.530182	102.668000
0.016316	0.386713	-2.567432	102.768000
0.008714	0.390772	-2.594254	102.868000
0.001221	0.391427	-2.597572	102.968000
-0.006267	0.391321	-2.597815	103.068000
-0.013696	0.388927	-2.600630	103.168000
-0.021383	0.383915	-2.595016	103.268000
-0.029000	0.383920	-2.575570	103.369000
-0.036781	0.385995	-2.568091	103.468000
-0.044293	0.390833	-2.595271	103.568000
-0.051711	0.393635	-2.604682	103.668000
-0.059893	0.393704	-2.588696	103.768000
-0.067275	0.393666	-2.575346	103.868000
-0.075253	0.393421	-2.593460	103.968000
-0.082834	0.391803	-2.600056	104.068000
-0.090271	0.393238	-2.607788	104.168000
-0.097980	0.393707	-2.596146	104.268000
-0.105461	0.393544	-2.586179	104.368000
-0.113245	0.393767	-2.562560	104.468000
-0.120762	0.396426	-2.552508	104.568000
-0.128665	0.395741	-2.563054	104.668000
-0.136453	0.396196	-2.579264	104.768000
-0.144125	0.396353	-2.577796	104.868000
-0.151889	0.396482	-2.557136	104.968000
-0.159238	0.394926	-2.569264	105.068000
-0.166975	0.390136	-2.577928	105.168000
-0.174674	0.387745	-2.590299	105.268000
-0.182107	0.389721	-2.602822	105.368000
-0.190186	0.392571	-2.595410	105.468000
-0.197934	0.390287	-2.569823	105.568000
-0.205654	0.388464	-2.545375	105.668000
-0.213077	0.390021	-2.551846	105.768000
-0.221076	0.392710	-2.581983	105.868000
-0.228694	0.394325	-2.590116	105.968000
-0.235960	0.394387	-2.594346	106.068000
-0.243795	0.395041	-2.596249	106.168000
-0.251274	0.394102	-2.591106	106.268000
-0.259621	0.394705	-2.597315	106.368000
-0.267241	0.392062	-2.599390	106.468000
-0.274716	0.389912	-2.596415	106.568000
-0.282557	0.388496	-2.583458	106.668000
-0.290044	0.388323	-2.581159	106.768000
-0.297714	0.389008	-2.569045	106.868000
-0.305162	0.391677	-2.550280	106.968000
-0.312966	0.394361	-2.544519	107.068000
-0.320778	0.392189	-2.571524	107.168000
-0.328589	0.391472	-2.617719	107.268000
-0.336595	0.390494	-2.622678	107.368000
-0.344082	0.390907	-2.585008	107.468000
-0.351741	0.390208	-2.564076	107.568000
-0.359007	0.390064	-2.567270	107.668000
-0.366653	0.395004	-2.596395	107.768000
-0.374484	0.396638	-2.619232	107.868000
-0.381872	0.395118	-2.620366	107.968000
-0.389884	0.391535	-2.598506	108.068000
-0.397723	0.393591	-2.612245	108.168000
-0.405566	0.395787	-2.620212	108.268000
-0.413062	0.396856	-2.626917	108.368000
-0.420683	0.395866	-2.624962	108.468000
-0.428297	0.393909	-2.601948	108.568000
-0.435527	0.396458	-2.580659	108.668000
-0.443348	0.397968	-2.577099	108.768000
-0.451032	0.400869	-2.612198	108.868000
-0.458678	0.407753	-2.665448	108.968000
-0.466173	0.416668	-2.781464	109.068000
-0.473679	0.430927	-3.049531	109.168000
-0.481451	0.452140	-3.612048	109.268000
-0.489199	0.580487	-4.663410	109.368000
-0.496521	1.227282	-5.170612	109.468000
-0.504087	1.676387	-5.217942	109.568000
-0.512041	1.542601	-5.074372	109.668000
-0.519496	1.274199	-4.663087	109.768000
-0.526932	1.133368	-4.125106	109.868000
-0.534542	1.095766	-3.730405	109.968000
-0.541968	1.094649	-3.525146	110.068000
-0.549834	1.097481	-3.434454	110.168000
-0.557101	1.101205	-3.399648	110.268000
-0.564543	1.101828	-3.388943	110.368000
-0.572224	1.104822	-3.387905	110.468000
-0.579619	1.108412	-3.373598	110.568000
-0.587747	1.112290	-3.363785	110.668000
-0.593182	1.112533	-3.358747	110.768000
-0.596660	1.111798	-3.359104	110.868000
-0.599139	1.111807	-3.370319	110.968000
-0.601436	1.113626	-3.379282	111.068000
-0.603464	1.113954	-3.387654	111.168000
-0.605163	1.112316	-3.388374	111.268000
-0.606937	1.111476	-3.384072	111.368000
-0.608188	1.112178	-3.371280	111.468000
-0.609554	1.111711	-3.361277	111.568000
-0.610680	1.113500	-3.361038	111.668000
-0.611869	1.113092	-3.377835	111.768000
-0.612966	1.116740	-3.403977	111.868000
-0.613888	1.119589	-3.421751	111.968000
-0.614810	1.119700	-3.420040	112.068000
-0.615531	1.118350	-3.403703	112.168000
-0.616305	1.116342	-3.393961	112.268000
-0.617044	1.114318	-3.383434	112.368000
-0.617678	1.114655	-3.366330	112.468000
-0.618571	1.119192	-3.348345	112.568000
-0.619014	1.121173	-3.340992	112.668000
-0.619716	1.121491	-3.337772	112.768000
-0.620352	1.120247	-3.340659	112.868000
-0.621052	1.113881	-3.348259	112.968000
-0.621526	1.110396	-3.344721	113.068000
-0.621678	1.113100	-3.339946	113.171000
-0.622448	1.119132	-3.343058	113.268000
-0.622675	1.120579	-3.350397	113.368000
-0.623081	1.118395	-3.354570	113.468000
-0.623632	1.116553	-3.348735	113.568000
-0.623894	1.113919	-3.332818	113.668000
-0.624310	1.115526	-3.317104	113.768000
-0.624771	1.119902	-3.319434	113.868000
-0.625020	1.119592	-3.325796	113.969000
-0.625275	1.118584	-3.346176	114.068000
-0.625704	1.118808	-3.378674	114.168000
-0.625988	1.119939	-3.411386	114.268000
-0.626517	1.119365	-3.415900	114.368000
