NaN	NaN	NaN	9.607000
0.331171	0.730933	-4.385207	9.707000
0.331435	0.732777	-4.370511	9.807000
0.331140	0.733847	-4.386864	9.907000
0.331143	0.736474	-4.413568	10.007000
0.331211	0.728785	-4.421935	10.107000
0.331272	0.721369	-4.388414	10.208000
0.331039	0.719780	-4.370306	10.307000
0.331124	0.723378	-4.375104	10.407000
0.331118	0.730597	-4.392113	10.507000
0.331141	0.726429	-4.404216	10.607000
0.330970	0.721145	-4.401478	10.707000
0.331169	0.719600	-4.402590	10.808000
0.330864	0.719615	-4.382269	10.907000
0.330596	0.718718	-4.373544	11.007000
0.330511	0.722669	-4.374139	11.107000
0.330659	0.728608	-4.396735	11.207000
0.330590	0.725339	-4.406160	11.307000
0.330446	0.725742	-4.390631	11.407000
0.330476	0.730263	-4.382009	11.507000
0.330431	0.730644	-4.386583	11.608000
0.330491	0.730248	-4.372998	11.707000
0.330444	0.731071	-4.382861	11.808000
0.330487	0.728493	-4.390425	11.907000
0.330466	0.723911	-4.398554	12.007000
0.330492	0.722635	-4.407887	12.107000
0.330487	0.722396	-4.433040	12.207000
0.330484	0.719827	-4.442427	12.307000
0.330553	0.721413	-4.425627	12.407000
0.330464	0.726623	-4.419970	12.507000
0.330447	0.728351	-4.405443	12.607000
0.330760	0.732827	-4.370303	12.707000
0.330533	0.739648	-4.375676	12.807000
0.330626	0.742840	-4.384266	12.907000
0.330794	0.743181	-4.387984	13.007000
0.330710	0.741094	-4.391187	13.107000
0.330578	0.739112	-4.381037	13.207000
0.330751	0.736635	-4.384546	13.307000
0.330756	0.734835	-4.394116	13.407000
0.330591	0.731171	-4.405523	13.507000
0.330545	0.725086	-4.404838	13.607000
0.330798	0.721688	-4.383901	13.708000
0.330675	0.721852	-4.376973	13.807000
0.330713	0.724325	-4.381010	13.908000
0.330624	0.731962	-4.395734	14.007000
0.330783	0.734793	-4.403509	14.107000
0.330769	0.732958	-4.404799	14.208000
0.330864	0.728001	-4.395490	14.307000
0.330770	0.720438	-4.390883	14.407000
0.330684	0.720770	-4.393979	14.507000
0.330748	0.721724	-4.394264	14.607000
0.330780	0.724012	-4.395089	14.707000
0.330701	0.727305	-4.402541	14.807000
0.330784	0.728756	-4.422875	14.907000
0.330854	0.729492	-4.440435	15.007000
0.330920	0.727957	-4.441560	15.107000
0.330757	0.724183	-4.422229	15.208000
0.330731	0.724179	-4.394768	15.307000
0.330785	0.727567	-4.368403	15.407000
0.330726	0.728817	-4.366672	15.507000
0.330829	0.730113	-4.384386	15.607000
0.330777	0.728511	-4.403737	15.707000
0.330866	0.727849	-4.408565	15.807000
0.330765	0.730213	-4.405790	15.907000
0.330838	0.731004	-4.415496	16.007000
0.330863	0.730936	-4.422607	16.107000
0.330761	0.735321	-4.435026	16.207000
0.330716	0.737739	-4.424422	16.307000
0.330858	0.734852	-4.407869	16.407000
0.330965	0.730688	-4.382574	16.507000
0.330903	0.731377	-4.361072	16.607000
0.330916	0.731146	-4.363812	16.707000
0.331012	0.736085	-4.381647	16.807000
0.330835	0.739976	-4.392467	16.907000
0.330805	0.743456	-4.410148	17.007000
0.330764	0.740630	-4.425613	17.107000
0.330774	0.734200	-4.416030	17.207000
0.330882	0.732105	-4.405022	17.307000
0.330699	0.735312	-4.412979	17.408000
0.330774	0.739254	-4.397269	17.507000
0.330849	0.738599	-4.404103	17.607000
0.330830	0.732794	-4.398399	17.707000
0.330716	0.730097	-4.399465	17.807000
0.330726	0.725115	-4.387500	17.907000
0.330626	0.727402	-4.381658	18.007000
0.330685	0.731301	-4.382189	18.107000
0.330883	0.733384	-4.395631	18.207000
0.330714	0.735471	-4.399156	18.307000
0.330567	0.732966	-4.400758	18.407000
0.330816	0.730080	-4.405559	18.507000
0.330669	0.723800	-4.393614	18.607000
0.330731	0.721664	-4.406245	18.707000
0.330792	0.720304	-4.408777	18.807000
0.330913	0.723197	-4.398882	18.908000
0.330828	0.731322	-4.390036	19.007000
0.330572	0.734201	-4.392295	19.107000
0.331002	0.737540	-4.393007	19.207000
0.330900	0.735278	-4.382862	19.307000
0.330753	0.729508	-4.398435	19.408000
0.330803	0.722918	-4.404852	19.507000
0.330698	0.721186	-4.403310	19.608000
0.330771	0.721995	-4.410060	19.707000
0.330787	0.725784	-4.398973	19.807000
0.330808	0.725740	-4.385554	19.907000
0.330765	0.724730	-4.376867	20.007000
0.330736	0.730927	-4.377533	20.108000
0.330798	0.734615	-4.395430	20.207000
0.330828	0.733728	-4.401143	20.307000
0.330816	0.729005	-4.410558	20.407000
0.330710	0.725673	-4.402160	20.508000
0.330821	0.727643	-4.393872	20.607000
0.330859	0.731356	-4.392798	20.707000
0.330773	0.734924	-4.385946	20.807000
0.330950	0.735346	-4.381123	20.907000
0.330950	0.731066	-4.388538	21.007000
0.330873	0.727062	-4.396819	21.107000
0.330890	0.731182	-4.408956	21.207000
0.330933	0.731314	-4.418724	21.308000
0.330880	0.727832	-4.394853	21.408000
0.330874	0.724334	-4.377866	21.507000
0.331008	0.727831	-4.379357	21.607000
0.331071	0.731069	-4.375749	21.707000
0.330954	0.735905	-4.366790	21.807000
0.330826	0.739913	-4.379299	21.907000
0.331043	0.742850	-4.376632	22.007000
0.330900	0.743203	-4.363912	22.107000
0.330792	0.737356	-4.368183	22.207000
0.330957	0.735603	-4.360724	22.307000
0.331087	0.737843	-4.361119	22.407000
0.330872	0.737172	-4.370152	22.507000
0.330946	0.732810	-4.394974	22.607000
0.330902	0.731126	-4.388528	22.707000
0.330807	0.733596	-4.408029	22.807000
0.330816	0.732058	-4.411185	22.907000
0.330778	0.729353	-4.382235	23.007000
0.330882	0.726981	-4.378169	23.107000
0.330740	0.728658	-4.399652	23.207000
0.330658	0.735382	-4.421936	23.307000
0.330672	0.741321	-4.429202	23.407000
0.330733	0.739290	-4.421648	23.507000
0.330860	0.736678	-4.426702	23.607000
0.330732	0.733803	-4.415170	23.707000
0.330965	0.734956	-4.400753	23.807000
0.330850	0.736958	-4.398042	23.907000
0.330787	0.733908	-4.410047	24.007000
0.330943	0.731624	-4.426609	24.107000
0.330794	0.735548	-4.427866	24.207000
0.330666	0.736327	-4.409686	24.307000
0.330861	0.735885	-4.394815	24.407000
0.330710	0.732892	-4.375151	24.507000
0.330780	0.731541	-4.351127	24.607000
0.330869	0.733917	-4.345314	24.707000
0.330943	0.730985	-4.372723	24.807000
0.330938	0.725832	-4.386109	24.908000
0.330833	0.727778	-4.389301	25.007000
0.331013	0.727339	-4.397485	25.107000
0.330962	0.731881	-4.406372	25.207000
0.330916	0.731123	-4.429763	25.307000
0.330807	0.727802	-4.434386	25.407000
0.330619	0.727487	-4.419337	25.507000
0.330759	0.730009	-4.415269	25.607000
0.330669	0.731862	-4.418279	25.707000
0.330749	0.731961	-4.394389	25.808000
0.330897	0.734581	-4.394367	25.907000
0.330783	0.732244	-4.401055	26.007000
0.330951	0.732840	-4.409367	26.107000
0.330814	0.729964	-4.402808	26.207000
0.330873	0.731159	-4.388260	26.308000
0.330607	0.735965	-4.380808	26.407000
0.330809	0.731207	-4.394290	26.508000
0.330759	0.723807	-4.397818	26.607000
0.330825	0.722820	-4.395174	26.707000
0.330991	0.730937	-4.381388	26.807000
0.330898	0.736604	-4.390282	26.907000
0.330755	0.736806	-4.400507	27.007000
0.330957	0.734103	-4.391151	27.108000
0.331020	0.730930	-4.398045	27.207000
0.330942	0.728256	-4.398809	27.307000
0.330836	0.724084	-4.385762	27.408000
0.330916	0.726253	-4.388488	27.507000
0.330964	0.727804	-4.389357	27.607000
0.330896	0.725350	-4.381820	27.707000
0.330937	0.727366	-4.370916	27.807000
0.330974	0.727428	-4.383109	27.907000
0.330759	0.727925	-4.389447	28.007000
0.330642	0.731163	-4.382053	28.107000
0.330531	0.731803	-4.389516	28.207000
0.330739	0.729639	-4.409190	28.307000
0.330561	0.728478	-4.428006	28.407000
0.330473	0.727081	-4.424877	28.507000
0.330485	0.728645	-4.417595	28.607000
0.330478	0.726791	-4.420925	28.707000
0.330392	0.726219	-4.421166	28.807000
0.330408	0.729943	-4.405382	28.907000
0.330468	0.732467	-4.395371	29.007000
0.330576	0.735803	-4.375265	29.107000
0.330465	0.739588	-4.365791	29.207000
0.330309	0.743600	-4.344159	29.308000
0.330646	0.743278	-4.330584	29.408000
0.330563	0.735291	-4.331025	29.507000
0.330610	0.729037	-4.331343	29.607000
0.330783	0.729638	-4.337929	29.707000
0.330564	0.732730	-4.359232	29.807000
0.330613	0.734713	-4.387882	29.907000
0.330641	0.736643	-4.388851	30.007000
0.330480	0.733396	-4.388570	30.108000
0.330612	0.731475	-4.399838	30.207000
0.330818	0.725525	-4.419510	30.307000
0.330783	0.723382	-4.402767	30.407000
0.330885	0.729668	-4.394240	30.507000
0.330600	0.732907	-4.405517	30.607000
0.330685	0.731955	-4.409378	30.707000
0.330632	0.730960	-4.400780	30.807000
0.330673	0.729889	-4.397520	30.907000
0.330685	0.729383	-4.394571	31.007000
0.330532	0.729294	-4.392927	31.107000
0.330513	0.728960	-4.400101	31.207000
0.330548	0.730658	-4.400532	31.307000
0.330777	0.734996	-4.393139	31.408000
0.330735	0.742063	-4.380877	31.507000
0.330508	0.742660	-4.381793	31.607000
0.330588	0.741918	-4.381678	31.708000
0.330576	0.743037	-4.373982	31.807000
0.330508	0.740031	-4.366694	31.907000
0.330680	0.737176	-4.360258	32.008000
0.330600	0.735102	-4.357337	32.107000
0.330560	0.732890	-4.341644	32.207000
0.330609	0.734830	-4.345323	32.307000
0.330694	0.731096	-4.373476	32.407000
0.330765	0.723632	-4.385392	32.508000
0.330709	0.720722	-4.360872	32.607000
0.330645	0.724115	-4.358207	32.707000
0.330847	0.730443	-4.382130	32.807000
0.330903	0.732320	-4.407714	32.907000
0.330781	0.731796	-4.420453	33.008000
0.330805	0.728222	-4.402294	33.108000
0.330793	0.732059	-4.383742	33.207000
0.330815	0.734110	-4.371525	33.307000
0.331036	0.730523	-4.375251	33.407000
0.330809	0.727917	-4.379675	33.507000
0.330713	0.728122	-4.384913	33.607000
0.330642	0.733054	-4.380492	33.707000
0.330922	0.735248	-4.371679	33.808000
0.330878	0.736798	-4.371085	33.907000
0.330778	0.735417	-4.373179	34.007000
0.330618	0.734857	-4.390378	34.107000
0.330919	0.735013	-4.376431	34.207000
0.330751	0.734339	-4.374389	34.307000
0.330764	0.723259	-4.379824	34.407000
0.330713	0.718659	-4.378204	34.507000
0.330723	0.725218	-4.387133	34.607000
0.330814	0.729645	-4.397836	34.707000
0.330825	0.736634	-4.389190	34.807000
0.330854	0.742755	-4.391357	34.907000
0.330863	0.739035	-4.394321	35.008000
0.330726	0.731241	-4.400595	35.107000
0.330903	0.730879	-4.406853	35.207000
0.330718	0.738901	-4.412611	35.308000
0.330941	0.738101	-4.408267	35.407000
0.330757	0.730252	-4.428790	35.507000
0.330888	0.724557	-4.436597	35.607000
0.330858	0.724404	-4.428145	35.707000
0.330668	0.726383	-4.421459	35.807000
0.330597	0.727459	-4.423157	35.907000
0.330650	0.730072	-4.420700	36.007000
0.330784	0.731564	-4.418718	36.107000
0.330754	0.728165	-4.420702	36.207000
0.330779	0.729468	-4.419900	36.307000
0.330837	0.732836	-4.415904	36.407000
0.330669	0.733507	-4.416067	36.507000
0.330567	0.730704	-4.392525	36.607000
0.330721	0.729484	-4.377127	36.708000
0.330705	0.726049	-4.378722	36.807000
0.330791	0.724507	-4.381192	36.907000
0.331034	0.732626	-4.397713	37.007000
0.330805	0.731037	-4.403877	37.107000
0.330733	0.723782	-4.403461	37.207000
0.330773	0.721977	-4.392304	37.307000
0.330970	0.721471	-4.381188	37.407000
0.330784	0.722280	-4.386038	37.507000
0.330724	0.729920	-4.381487	37.607000
0.330962	0.737205	-4.401023	37.707000
0.330946	0.733889	-4.425693	37.807000
0.330848	0.735188	-4.440784	37.907000
0.331028	0.735683	-4.423104	38.007000
0.331012	0.740154	-4.400536	38.107000
0.330982	0.741785	-4.400533	38.207000
0.330945	0.740056	-4.396202	38.307000
0.330987	0.740791	-4.380836	38.407000
0.330961	0.737079	-4.369224	38.507000
0.331115	0.734995	-4.349867	38.607000
0.331229	0.735853	-4.347621	38.707000
0.331080	0.736163	-4.343558	38.807000
0.330784	0.735801	-4.359225	38.907000
0.330785	0.732671	-4.387189	39.007000
0.330694	0.727151	-4.412705	39.108000
0.330680	0.721161	-4.405508	39.207000
0.330583	0.722685	-4.401403	39.308000
0.330748	0.721206	-4.416200	39.407000
0.330539	0.717469	-4.405358	39.507000
0.330726	0.718061	-4.389181	39.607000
0.330705	0.723719	-4.383137	39.707000
0.330600	0.725053	-4.374185	39.807000
0.330723	0.728079	-4.369012	39.907000
0.330674	0.734546	-4.362051	40.007000
0.330924	0.736942	-4.381898	40.107000
0.330854	0.741733	-4.398753	40.207000
0.330844	0.746522	-4.401892	40.307000
0.330878	0.741720	-4.416526	40.407000
0.330834	0.733377	-4.420933	40.508000
0.330865	0.729040	-4.420788	40.607000
0.330765	0.732318	-4.402388	40.707000
0.330885	0.737798	-4.389728	40.807000
0.330808	0.736963	-4.400570	40.907000
0.330912	0.735564	-4.414887	41.007000
0.330822	0.731622	-4.416252	41.107000
0.330870	0.732225	-4.395352	41.207000
0.330853	0.734181	-4.401663	41.307000
0.330909	0.736621	-4.409776	41.407000
0.330923	0.740304	-4.410445	41.508000
0.330626	0.741087	-4.402431	41.607000
0.330794	0.741532	-4.378403	41.707000
0.330878	0.740002	-4.354133	41.807000
0.330621	0.737107	-4.344155	41.907000
0.330796	0.729774	-4.331465	42.007000
0.330752	0.726735	-4.350594	42.107000
0.330636	0.726181	-4.378386	42.207000
0.330703	0.732022	-4.391506	42.308000
0.330590	0.732485	-4.405758	42.407000
0.330839	0.732172	-4.408695	42.507000
0.330743	0.731653	-4.395458	42.608000
0.330832	0.731120	-4.397460	42.707000
0.330726	0.732538	-4.413161	42.807000
0.330730	0.732603	-4.400443	42.907000
0.330809	0.732010	-4.400549	43.007000
0.330777	0.729341	-4.400535	43.107000
0.330624	0.727485	-4.405891	43.207000
0.330850	0.730736	-4.396530	43.307000
0.330640	0.732801	-4.379012	43.407000
0.330762	0.736744	-4.382096	43.507000
0.330734	0.738039	-4.396324	43.607000
0.330956	0.742166	-4.393603	43.707000
0.330789	0.736492	-4.374683	43.807000
0.330745	0.735862	-4.362098	43.907000
0.330906	0.736943	-4.388517	44.007000
0.330668	0.733054	-4.416655	44.107000
0.330659	0.727974	-4.409604	44.207000
0.330646	0.729903	-4.377419	44.307000
0.330594	0.731771	-4.363232	44.407000
0.330628	0.733672	-4.374832	44.507000
0.330911	0.735964	-4.373112	44.607000
0.330824	0.736156	-4.372025	44.707000
0.330670	0.730712	-4.363140	44.807000
0.330766	0.724400	-4.359210	44.907000
0.330798	0.718577	-4.358088	45.007000
0.330789	0.714009	-4.357902	45.107000
0.330725	0.711050	-4.366833	45.207000
0.330832	0.713756	-4.354786	45.307000
0.330929	0.725652	-4.371416	45.407000
0.330655	0.734732	-4.387499	45.507000
0.330701	0.732671	-4.406521	45.607000
0.330813	0.726512	-4.413551	45.707000
0.330606	0.723271	-4.425364	45.807000
0.330840	0.726092	-4.426873	45.907000
0.330746	0.730996	-4.420733	46.007000
0.330937	0.737357	-4.418808	46.107000
0.330868	0.737793	-4.411379	46.207000
0.330846	0.736699	-4.410778	46.307000
0.330951	0.730137	-4.411416	46.407000
0.330679	0.723002	-4.423235	46.507000
0.330802	0.720459	-4.420725	46.607000
0.330982	0.720082	-4.419761	46.707000
0.330899	0.723223	-4.407874	46.807000
0.330677	0.730656	-4.410895	46.907000
0.330858	0.735343	-4.428374	47.008000
0.330779	0.733327	-4.423375	47.107000
0.330703	0.733207	-4.407708	47.208000
0.330624	0.733927	-4.391027	47.307000
0.330834	0.731009	-4.388243	47.407000
0.330861	0.731242	-4.391610	47.508000
0.330661	0.733718	-4.393357	47.607000
0.330600	0.736144	-4.374573	47.707000
0.330847	0.734103	-4.391707	47.807000
0.330724	0.732144	-4.412134	47.907000
0.330880	0.734798	-4.405705	48.007000
0.330739	0.729983	-4.401797	48.107000
0.330689	0.729051	-4.400264	48.207000
0.330750	0.729778	-4.400528	48.307000
0.330715	0.732880	-4.399942	48.407000
0.330688	0.737865	-4.397731	48.507000
0.330461	0.737415	-4.384857	48.607000
0.330686	0.733842	-4.374873	48.707000
0.330677	0.728849	-4.371783	48.808000
0.330610	0.726110	-4.362209	48.907000
0.330300	0.726603	-4.365003	49.007000
0.330544	0.732967	-4.379101	49.107000
0.330666	0.736058	-4.391621	49.207000
0.330453	0.733064	-4.380809	49.307000
0.330591	0.726865	-4.374030	49.407000
0.330602	0.724776	-4.359425	49.507000
0.330455	0.726599	-4.327289	49.607000
0.330564	0.731884	-4.330199	49.707000
0.330510	0.731007	-4.361036	49.807000
0.330570	0.726698	-4.379719	49.907000
0.330628	0.729453	-4.383575	50.007000
0.330484	0.731614	-4.399772	50.107000
0.330556	0.731772	-4.397042	50.207000
0.330410	0.732997	-4.384586	50.307000
0.330511	0.734461	-4.381120	50.407000
0.330632	0.739465	-4.392638	50.507000
0.330563	0.742906	-4.401430	50.607000
0.330525	0.742788	-4.417806	50.708000
0.330661	0.736021	-4.418257	50.807000
0.330614	0.729413	-4.405146	50.907000
0.330761	0.726595	-4.401832	51.007000
0.330580	0.723571	-4.393915	51.107000
0.330483	0.724206	-4.392963	51.207000
0.330731	0.726970	-4.392979	51.307000
0.330626	0.732019	-4.365939	51.407000
0.330470	0.734858	-4.374736	51.507000
0.330876	0.733003	-4.386909	51.607000
0.330945	0.732058	-4.384127	51.707000
0.330718	0.735606	-4.388319	51.807000
0.330929	0.732810	-4.394417	51.907000
0.331012	0.731627	-4.387853	52.007000
0.331027	0.731607	-4.405214	52.107000
0.331070	0.732403	-4.399817	52.207000
0.331033	0.736032	-4.384449	52.307000
0.331059	0.736461	-4.381428	52.407000
0.330745	0.740021	-4.397261	52.507000
0.330992	0.741619	-4.403414	52.607000
0.331076	0.734420	-4.400545	52.707000
0.330878	0.726213	-4.401374	52.808000
0.330734	0.727899	-4.386879	52.907000
0.330901	0.734533	-4.394764	53.007000
0.330815	0.733928	-4.413870	53.107000
0.330751	0.731308	-4.390696	53.207000
0.330915	0.730661	-4.358576	53.307000
0.330849	0.730394	-4.349695	53.407000
0.330803	0.732398	-4.356310	53.507000
0.330905	0.736305	-4.353943	53.607000
0.330908	0.737095	-4.360828	53.707000
0.330960	0.739854	-4.365913	53.807000
0.330872	0.736569	-4.391548	53.907000
0.330869	0.732757	-4.413168	54.007000
0.330905	0.729426	-4.419428	54.107000
0.330730	0.732555	-4.409021	54.207000
0.330871	0.735359	-4.422782	54.307000
0.330946	0.736854	-4.434953	54.407000
0.330682	0.736930	-4.424315	54.507000
0.330795	0.730864	-4.410348	54.607000
0.330892	0.726361	-4.404497	54.708000
0.330973	0.727841	-4.426523	54.808000
0.330867	0.731175	-4.433376	54.907000
0.330898	0.728070	-4.421437	55.007000
0.330975	0.727225	-4.413987	55.107000
0.330761	0.726105	-4.416083	55.207000
0.330838	0.727315	-4.398634	55.308000
0.331012	0.732706	-4.389152	55.407000
0.331001	0.733817	-4.402976	55.507000
0.330948	0.735350	-4.419009	55.607000
0.330996	0.736931	-4.434945	55.707000
0.331065	0.735170	-4.432078	55.807000
0.330854	0.731761	-4.425248	55.907000
0.330798	0.731534	-4.397440	56.007000
0.330965	0.728896	-4.379977	56.107000
0.330793	0.727596	-4.385056	56.207000
0.330837	0.730375	-4.415481	56.307000
0.330831	0.728856	-4.432362	56.407000
0.330844	0.731081	-4.421640	56.507000
0.330703	0.735784	-4.422214	56.607000
0.330736	0.740064	-4.436069	56.707000
0.330786	0.740748	-4.438200	56.808000
0.330745	0.732654	-4.445631	56.907000
0.330710	0.723382	-4.431320	57.008000
0.330883	0.721795	-4.403159	57.108000
0.330724	0.726277	-4.350559	57.207000
0.330631	0.733262	-4.368186	57.307000
0.330609	0.735162	-4.398357	57.407000
0.330732	0.739189	-4.384832	57.507000
0.330697	0.741627	-4.380989	57.607000
0.330633	0.736582	-4.380829	57.707000
0.330848	0.732978	-4.380835	57.808000
0.330782	0.730841	-4.382787	57.907000
0.330636	0.727045	-4.380856	58.007000
0.330906	0.731207	-4.393864	58.107000
0.330909	0.737410	-4.378461	58.207000
0.330938	0.732903	-4.349338	58.308000
0.330806	0.731467	-4.336977	58.407000
0.330840	0.733208	-4.349731	58.507000
0.330732	0.738899	-4.345963	58.607000
0.330730	0.740814	-4.347548	58.707000
0.330753	0.735675	-4.359548	58.808000
0.330744	0.732625	-4.363740	58.907000
0.331060	0.736620	-4.366214	59.007000
0.330740	0.739641	-4.379894	59.107000
0.330830	0.734593	-4.380850	59.207000
0.330780	0.733118	-4.379932	59.307000
0.330751	0.734550	-4.381150	59.407000
0.330765	0.731865	-4.376361	59.507000
0.330826	0.732043	-4.379791	59.607000
0.330957	0.730089	-4.393737	59.707000
0.330454	0.726655	-4.393366	59.807000
0.330690	0.726144	-4.380851	59.907000
0.330666	0.731369	-4.365869	60.007000
0.330774	0.736952	-4.354358	60.107000
0.330604	0.734686	-4.376206	60.207000
0.330797	0.729450	-4.402322	60.307000
0.330634	0.726608	-4.402155	60.407000
0.330640	0.728401	-4.404672	60.507000
0.330701	0.733299	-4.411280	60.607000
0.330706	0.739901	-4.426723	60.707000
0.330562	0.739528	-4.405538	60.808000
0.330505	0.743319	-4.367768	60.907000
0.330759	0.744918	-4.382928	61.007000
0.330577	0.737687	-4.414927	61.107000
0.330386	0.733887	-4.412695	61.207000
0.330620	0.733303	-4.399264	61.308000
0.330746	0.736194	-4.375907	61.407000
0.330604	0.736822	-4.361532	61.507000
0.330490	0.740407	-4.383159	61.607000
0.330681	0.742445	-4.419446	61.708000
0.330637	0.739038	-4.437604	61.807000
0.330473	0.731164	-4.426196	61.907000
0.330348	0.729030	-4.398783	62.007000
0.330568	0.731251	-4.396119	62.107000
0.330492	0.731383	-4.423990	62.208000
0.330538	0.727562	-4.425851	62.307000
0.330564	0.726710	-4.410780	62.407000
0.330503	0.727337	-4.398691	62.507000
0.330489	0.724129	-4.383426	62.607000
0.330648	0.725361	-4.368525	62.708000
0.330541	0.731697	-4.366265	62.807000
0.330425	0.736649	-4.393698	62.907000
0.330677	0.736183	-4.426685	63.007000
0.330648	0.731689	-4.425302	63.107000
0.330560	0.732980	-4.379071	63.208000
0.330345	0.735700	-4.367150	63.308000
0.330649	0.734387	-4.381780	63.407000
0.330457	0.736115	-4.380850	63.507000
0.330473	0.735419	-4.393272	63.607000
0.330526	0.730438	-4.390997	63.707000
0.330583	0.731524	-4.360754	63.807000
0.330616	0.734856	-4.361371	63.908000
0.330440	0.733730	-4.370935	64.007000
0.330445	0.733301	-4.369730	64.107000
0.330526	0.732172	-4.356053	64.208000
0.330529	0.735983	-4.357487	64.308000
0.330609	0.736927	-4.392133	64.407000
0.330578	0.736628	-4.399385	64.507000
0.330604	0.733461	-4.401364	64.607000
0.330671	0.728276	-4.384247	64.707000
0.330573	0.731148	-4.371312	64.807000
0.330462	0.736707	-4.374703	64.907000
0.330424	0.735540	-4.382187	65.007000
0.330440	0.730424	-4.390779	65.107000
0.330428	0.732079	-4.395979	65.207000
0.330437	0.736945	-4.402452	65.307000
0.330555	0.737012	-4.414470	65.408000
0.330419	0.733254	-4.424004	65.507000
0.330553	0.726707	-4.436058	65.607000
0.330364	0.723442	-4.418341	65.708000
0.330306	0.731185	-4.410068	65.807000
0.330404	0.735668	-4.414128	65.907000
0.330503	0.737209	-4.399335	66.007000
0.330488	0.740476	-4.400718	66.107000
0.330327	0.742965	-4.414696	66.207000
0.330515	0.744324	-4.410786	66.307000
0.330465	0.738447	-4.418800	66.407000
0.330429	0.730462	-4.416612	66.508000
0.330202	0.723316	-4.384255	66.607000
0.330392	0.721712	-4.375090	66.707000
0.330155	0.721558	-4.378761	66.808000
0.330264	0.724543	-4.356099	66.907000
0.330306	0.733983	-4.359555	67.007000
0.330298	0.740234	-4.368911	67.107000
0.330328	0.741841	-4.373034	67.207000
0.330221	0.740718	-4.370227	67.307000
0.330330	0.740727	-4.362179	67.407000
0.330341	0.741788	-4.357123	67.507000
0.330111	0.741509	-4.370464	67.607000
0.330419	0.741600	-4.397727	67.707000
0.330382	0.738195	-4.415113	67.807000
0.330261	0.732526	-4.418366	67.907000
0.330356	0.734055	-4.421342	68.007000
0.330344	0.734575	-4.426873	68.107000
0.330303	0.732116	-4.396207	68.207000
0.330294	0.732356	-4.376737	68.307000
0.330410	0.733417	-4.372475	68.407000
0.330241	0.734314	-4.382966	68.507000
0.330397	0.733307	-4.386994	68.608000
0.330465	0.734264	-4.380838	68.707000
0.330465	0.735418	-4.398128	68.808000
0.330612	0.731032	-4.392083	68.907000
0.330352	0.727464	-4.362224	69.007000
0.330581	0.726704	-4.364857	69.107000
0.330507	0.724384	-4.376632	69.207000
0.330783	0.717723	-4.378200	69.307000
0.330850	0.717607	-4.366787	69.407000
0.330865	0.716089	-4.357541	69.507000
0.330730	0.715338	-4.356654	69.607000
0.330967	0.714812	-4.359209	69.707000
0.330805	0.718398	-4.350275	69.807000
0.330899	0.722806	-4.367530	69.907000
0.330797	0.722814	-4.378740	70.007000
0.330879	0.724721	-4.397029	70.107000
0.330795	0.728338	-4.413753	70.207000
0.330656	0.727103	-4.420919	70.307000
0.331050	0.728990	-4.401950	70.407000
0.331029	0.742265	-4.383084	70.507000
0.330939	0.747976	-4.368394	70.607000
0.330927	0.747211	-4.361237	70.707000
0.330925	0.744887	-4.353264	70.807000
0.330884	0.739770	-4.367198	70.907000
0.330937	0.731149	-4.378292	71.007000
0.330849	0.726846	-4.368897	71.108000
0.330901	0.730877	-4.359368	71.207000
0.330874	0.739851	-4.363882	71.307000
0.330990	0.742732	-4.394475	71.407000
0.330972	0.738063	-4.400548	71.507000
0.330955	0.733513	-4.400777	71.607000
0.330794	0.729481	-4.395848	71.707000
0.330958	0.722875	-4.378213	71.807000
0.330901	0.718512	-4.372607	71.908000
0.331035	0.716110	-4.378035	72.007000
0.331199	0.721928	-4.393779	72.107000
0.331016	0.730898	-4.396167	72.208000
0.331134	0.737376	-4.369572	72.308000
0.330864	0.742386	-4.362980	72.407000
0.331048	0.742788	-4.370906	72.507000
0.330795	0.731474	-4.392605	72.607000
0.330914	0.723560	-4.397578	72.707000
0.331116	0.721509	-4.381710	72.807000
0.330914	0.721329	-4.384832	72.908000
0.331015	0.721494	-4.398200	73.007000
0.330949	0.722892	-4.389721	73.107000
0.331035	0.723934	-4.374999	73.207000
0.330945	0.725655	-4.355461	73.307000
0.330929	0.724882	-4.350799	73.407000
0.330711	0.726065	-4.353230	73.507000
0.330892	0.731506	-4.360738	73.607000
0.330762	0.732558	-4.364769	73.707000
0.330716	0.728282	-4.384139	73.807000
0.330683	0.726863	-4.391808	73.907000
0.330851	0.730075	-4.390094	74.008000
0.330595	0.739266	-4.394757	74.107000
0.330667	0.744085	-4.400507	74.207000
0.330820	0.742350	-4.409168	74.307000
0.330768	0.739908	-4.403742	74.408000
0.330680	0.736791	-4.390202	74.507000
0.330778	0.732325	-4.382738	74.607000
0.330799	0.730273	-4.395680	74.707000
0.330763	0.726637	-4.388502	74.808000
0.330785	0.718918	-4.368715	74.908000
0.330647	0.718833	-4.378340	75.007000
0.330618	0.725150	-4.388908	75.107000
0.330553	0.731052	-4.390339	75.208000
0.330582	0.740609	-4.394797	75.307000
0.330557	0.741690	-4.391169	75.407000
0.330630	0.741699	-4.401958	75.507000
0.330465	0.737175	-4.400540	75.607000
0.330500	0.734223	-4.371918	75.707000
0.330596	0.730368	-4.352627	75.807000
0.330561	0.731507	-4.355433	75.907000
0.330538	0.734970	-4.361063	76.007000
0.330602	0.741232	-4.365993	76.108000
0.330515	0.745357	-4.373511	76.207000
0.330401	0.743496	-4.373470	76.307000
0.330529	0.738778	-4.383035	76.407000
0.330626	0.733943	-4.402373	76.507000
0.330513	0.734104	-4.403242	76.607000
0.330614	0.736944	-4.394165	76.707000
0.330623	0.737861	-4.382592	76.807000
0.330521	0.737787	-4.385886	76.907000
0.330549	0.733940	-4.400770	77.007000
0.330741	0.733385	-4.415810	77.107000
0.330850	0.736289	-4.423766	77.208000
0.330662	0.738270	-4.420697	77.308000
0.330741	0.740276	-4.419174	77.407000
0.330962	0.740726	-4.399108	77.512000
0.330894	0.738917	-4.396395	77.607000
0.330828	0.733536	-4.401919	77.708000
0.330892	0.732290	-4.393317	77.808000
0.330799	0.733557	-4.366225	77.908000
0.330673	0.736716	-4.351314	78.007000
0.330660	0.732930	-4.351996	78.107000
0.330821	0.728815	-4.369648	78.208000
0.330756	0.728842	-4.394971	78.307000
0.330640	0.733649	-4.380173	78.407000
0.330657	0.735696	-4.381507	78.507000
0.330623	0.736485	-4.389100	78.607000
0.330654	0.737274	-4.368939	78.707000
0.330605	0.736874	-4.357921	78.807000
0.330618	0.736722	-4.368654	78.907000
0.330735	0.735928	-4.385127	79.007000
0.330525	0.735723	-4.390459	79.107000
0.330709	0.732704	-4.392114	79.207000
0.330702	0.729543	-4.400522	79.307000
0.330650	0.729800	-4.400521	79.408000
0.330726	0.726269	-4.391759	79.507000
0.330781	0.726219	-4.366227	79.607000
0.330669	0.732084	-4.365877	79.708000
0.330626	0.736187	-4.384698	79.808000
0.330570	0.728758	-4.405357	79.908000
0.330692	0.722104	-4.398559	80.007000
0.330801	0.726123	-4.396781	80.107000
0.330547	0.732863	-4.381913	80.207000
0.330608	0.736865	-4.386488	80.307000
0.330549	0.737875	-4.391374	80.407000
0.330571	0.741770	-4.396184	80.507000
0.330638	0.740798	-4.400241	80.607000
0.330447	0.734221	-4.398392	80.707000
0.330554	0.728502	-4.397602	80.807000
0.330535	0.728234	-4.377159	80.907000
0.330613	0.728473	-4.379414	81.007000
0.330627	0.730758	-4.380838	81.107000
0.330650	0.736144	-4.373421	81.207000
0.330685	0.734322	-4.360518	81.307000
0.330741	0.730936	-4.371872	81.407000
0.330583	0.731891	-4.378515	81.507000
0.330656	0.737552	-4.382973	81.607000
0.330528	0.739713	-4.400541	81.708000
0.330468	0.738991	-4.405034	81.807000
0.330377	0.739373	-4.389204	81.907000
0.330423	0.741570	-4.377142	82.007000
0.330447	0.742233	-4.376601	82.108000
0.330397	0.738567	-4.374007	82.207000
0.330409	0.741218	-4.363110	82.307000
0.330495	0.741951	-4.373177	82.407000
0.330489	0.746068	-4.384533	82.507000
0.330407	0.744573	-4.396440	82.607000
0.330892	0.738953	-4.404314	82.707000
0.330675	0.737017	-4.413259	82.807000
0.330628	0.736956	-4.408093	82.907000
0.330658	0.735739	-4.400858	83.007000
0.331004	0.733218	-4.400542	83.108000
0.330898	0.732553	-4.384266	83.207000
0.330874	0.732317	-4.350269	83.307000
0.330967	0.732432	-4.336556	83.407000
0.330838	0.734224	-4.360366	83.507000
0.330978	0.731944	-4.386377	83.607000
0.330738	0.729957	-4.397844	83.708000
0.330814	0.728302	-4.397896	83.807000
0.330768	0.726902	-4.403672	83.907000
0.330907	0.726528	-4.384771	84.007000
0.330900	0.726684	-4.370338	84.107000
0.330914	0.724051	-4.385753	84.207000
0.330800	0.722576	-4.391255	84.308000
0.330746	0.726690	-4.377591	84.407000
0.330871	0.731746	-4.389446	84.507000
0.330807	0.733515	-4.400538	84.607000
0.330852	0.732464	-4.399527	84.707000
0.330811	0.734473	-4.382496	84.807000
0.330687	0.734407	-4.364149	84.907000
0.330665	0.734309	-4.390150	85.007000
0.330652	0.736551	-4.411762	85.107000
0.330680	0.736859	-4.420721	85.207000
0.330714	0.734555	-4.425552	85.307000
0.330503	0.732026	-4.422137	85.407000
0.330488	0.730167	-4.405106	85.507000
0.330482	0.729722	-4.401036	85.607000
0.330755	0.727386	-4.398753	85.707000
0.330554	0.726278	-4.387946	85.807000
0.330530	0.726684	-4.403300	85.907000
0.330659	0.728127	-4.423661	86.007000
0.330657	0.731281	-4.433466	86.107000
0.330745	0.730120	-4.426741	86.207000
0.330520	0.724509	-4.405866	86.307000
0.330521	0.725990	-4.398213	86.408000
0.330580	0.731965	-4.396064	86.507000
0.330740	0.736328	-4.386957	86.607000
0.330524	0.737575	-4.414324	86.707000
0.330530	0.731179	-4.409074	86.807000
0.330595	0.726674	-4.382591	86.907000
0.330621	0.727609	-4.387599	87.007000
0.330591	0.728365	-4.398020	87.107000
0.330524	0.727165	-4.369539	87.207000
0.330520	0.726871	-4.367399	87.307000
0.330576	0.730227	-4.387910	87.407000
0.330555	0.732242	-4.398464	87.508000
0.330609	0.736561	-4.390795	87.607000
0.330574	0.739124	-4.383825	87.708000
0.330749	0.738761	-4.380608	87.807000
0.330570	0.734019	-4.374735	87.907000
0.330638	0.730886	-4.363081	88.007000
0.330450	0.727322	-4.379091	88.107000
0.330529	0.726769	-4.381633	88.207000
0.330635	0.728374	-4.379769	88.307000
0.330607	0.731635	-4.389010	88.407000
0.330728	0.730947	-4.414521	88.507000
0.330722	0.728252	-4.428133	88.607000
0.330579	0.731341	-4.415527	88.707000
0.330530	0.732011	-4.400539	88.807000
0.330530	0.728574	-4.403743	88.907000
0.330608	0.726944	-4.410485	89.007000
0.330753	0.727106	-4.418913	89.107000
0.330577	0.726398	-4.420709	89.207000
0.330548	0.723415	-4.420712	89.307000
0.330768	0.731149	-4.413787	89.407000
0.330719	0.736870	-4.406977	89.507000
0.330621	0.735039	-4.416062	89.607000
0.330625	0.732115	-4.421430	89.707000
0.330774	0.736114	-4.420413	89.807000
0.331159	0.741847	-4.413329	89.907000
0.331050	0.746794	-4.400933	90.007000
0.331163	0.745359	-4.403290	90.107000
0.331149	0.740992	-4.401698	90.207000
0.331232	0.737686	-4.396931	90.307000
0.330942	0.731803	-4.402896	90.407000
0.331225	0.729215	-4.426769	90.507000
0.331131	0.726538	-4.424336	90.607000
0.331090	0.724048	-4.399534	90.707000
0.331151	0.723704	-4.396670	90.807000
0.331355	0.726331	-4.388089	90.907000
0.331378	0.731434	-4.395604	91.007000
0.331306	0.730495	-4.407472	91.107000
0.331332	0.726710	-4.392461	91.207000
0.331200	0.728724	-4.379775	91.307000
0.331207	0.728515	-4.370108	91.407000
0.331218	0.726387	-4.375539	91.508000
0.331161	0.728385	-4.384934	91.607000
0.331160	0.737177	-4.383521	91.707000
0.331185	0.735687	-4.382765	91.807000
0.331316	0.729848	-4.394775	91.907000
0.330933	0.729303	-4.400452	92.007000
0.331294	0.730722	-4.392710	92.107000
0.331316	0.732118	-4.388066	92.207000
0.331337	0.734977	-4.377092	92.307000
0.331161	0.735238	-4.384012	92.407000
0.331316	0.734358	-4.388257	92.507000
0.331336	0.733566	-4.389273	92.607000
0.331209	0.731711	-4.396509	92.707000
0.331314	0.731629	-4.393807	92.807000
0.331146	0.734846	-4.400868	92.907000
0.331222	0.738107	-4.402703	93.008000
0.331174	0.741195	-4.417735	93.108000
0.331145	0.740014	-4.393789	93.207000
0.331304	0.735545	-4.380832	93.307000
0.331141	0.727554	-4.376799	93.407000
0.330967	0.725729	-4.359692	93.507000
0.331025	0.729053	-4.355969	93.607000
0.330955	0.726876	-4.371132	93.707000
0.330879	0.726778	-4.379991	93.807000
0.330824	0.726454	-4.384756	93.907000
0.330993	0.726880	-4.408476	94.007000
0.330927	0.726706	-4.426405	94.108000
0.330840	0.730576	-4.428609	94.207000
0.330864	0.732592	-4.414534	94.307000
0.330863	0.736173	-4.395963	94.407000
0.330974	0.736845	-4.381467	94.507000
0.330971	0.740855	-4.388533	94.607000
0.330950	0.742023	-4.381414	94.707000
0.330873	0.744079	-4.382886	94.807000
0.331116	0.743991	-4.381560	94.907000
0.331025	0.742022	-4.384749	95.008000
0.330835	0.741850	-4.388242	95.107000
0.330989	0.743400	-4.379904	95.207000
0.331088	0.739735	-4.368222	95.307000
0.330981	0.738388	-4.372481	95.407000
0.330992	0.736729	-4.399837	95.507000
0.331145	0.734894	-4.389964	95.607000
0.331032	0.736002	-4.380411	95.707000
0.331214	0.733079	-4.378762	95.807000
0.331021	0.729971	-4.367180	95.907000
0.331053	0.737912	-4.359138	96.007000
0.331214	0.745615	-4.371565	96.107000
0.330986	0.745086	-4.390719	96.207000
0.330968	0.738047	-4.398340	96.307000
0.331007	0.736640	-4.393039	96.407000
0.331107	0.734149	-4.398059	96.507000
0.331053	0.729611	-4.390703	96.607000
0.331058	0.728853	-4.383767	96.707000
0.331088	0.734717	-4.368209	96.807000
0.331065	0.733239	-4.394476	96.908000
0.331179	0.732569	-4.388041	97.007000
0.331112	0.736521	-4.373294	97.107000
0.331106	0.733832	-4.383950	97.207000
0.331108	0.729008	-4.390229	97.307000
0.331061	0.726781	-4.397187	97.407000
0.331185	0.726549	-4.397847	97.508000
0.331105	0.729083	-4.390498	97.607000
0.331086	0.729375	-4.393299	97.707000
0.331014	0.731501	-4.393350	97.807000
0.331096	0.731795	-4.407424	97.907000
0.331007	0.731860	-4.402874	98.007000
0.331108	0.734637	-4.397217	98.107000
0.331178	0.738687	-4.399628	98.207000
0.331091	0.741611	-4.400238	98.307000
0.331034	0.740452	-4.396091	98.407000
0.331050	0.736869	-4.384097	98.507000
0.331159	0.738572	-4.380848	98.607000
0.331000	0.738835	-4.376623	98.707000
0.330875	0.739456	-4.384613	98.807000
0.331230	0.737190	-4.400560	98.907000
0.331041	0.736429	-4.393186	99.007000
0.331159	0.738425	-4.380120	99.107000
0.331000	0.735006	-4.394872	99.207000
0.331279	0.730963	-4.424647	99.307000
0.331081	0.730780	-4.438867	99.407000
0.331183	0.731769	-4.433053	99.508000
0.331187	0.734673	-4.424507	99.607000
0.331121	0.735681	-4.419557	99.707000
0.331181	0.727592	-4.383767	99.807000
0.331254	0.727547	-4.354847	99.908000
0.331273	0.733321	-4.360745	100.007000
0.331340	0.736966	-4.374922	100.107000
0.331147	0.737748	-4.384312	100.207000
0.331315	0.732443	-4.395666	100.307000
0.331381	0.733429	-4.400531	100.407000
0.331354	0.731241	-4.402571	100.507000
0.331220	0.724941	-4.419374	100.607000
0.331323	0.721847	-4.420725	100.707000
0.331262	0.724432	-4.409866	100.807000
0.331140	0.727107	-4.397642	100.908000
0.331292	0.727030	-4.374805	101.007000
0.331246	0.724154	-4.359234	101.107000
0.331219	0.719607	-4.367792	101.208000
0.331204	0.721051	-4.377594	101.307000
0.331207	0.728663	-4.368422	101.407000
0.331255	0.731782	-4.362036	101.507000
0.331138	0.729359	-4.361358	101.607000
0.331267	0.722118	-4.364498	101.708000
0.331115	0.720409	-4.360057	101.807000
0.331125	0.726464	-4.376735	101.907000
0.331273	0.729284	-4.380203	102.007000
0.331202	0.734261	-4.380834	102.108000
0.330996	0.740400	-4.384269	102.207000
0.331029	0.739370	-4.394830	102.307000
0.330918	0.734399	-4.400306	102.407000
0.331009	0.733015	-4.413049	102.507000
0.330807	0.732041	-4.400381	102.607000
0.330968	0.732290	-4.381377	102.707000
0.331145	0.733746	-4.376197	102.808000
0.330919	0.735442	-4.392742	102.907000
0.330938	0.731768	-4.407540	103.007000
0.331096	0.733498	-4.420713	103.107000
0.330947	0.732663	-4.408556	103.207000
0.331009	0.731773	-4.400528	103.307000
0.330895	0.729643	-4.397776	103.408000
0.331187	0.730221	-4.381179	103.507000
0.331014	0.730612	-4.367286	103.607000
0.331081	0.729382	-4.332994	103.707000
0.331216	0.732255	-4.327782	103.807000
0.331112	0.735726	-4.332702	103.907000
0.331143	0.741645	-4.351755	104.007000
0.331105	0.739469	-4.376956	104.108000
0.331008	0.735056	-4.386190	104.207000
0.330919	0.736585	-4.391369	104.308000
0.330976	0.736370	-4.409113	104.407000
0.331041	0.731792	-4.431736	104.508000
0.331075	0.734130	-4.434744	104.607000
0.330974	0.735944	-4.421004	104.707000
0.330999	0.736787	-4.418800	104.807000
0.330991	0.735533	-4.422669	104.907000
0.330731	0.732763	-4.434790	105.007000
0.330762	0.731789	-4.435359	105.107000
0.330944	0.731257	-4.412508	105.207000
0.330958	0.728715	-4.376958	105.307000
0.330812	0.725350	-4.378110	105.407000
0.330857	0.727184	-4.378557	105.507000
0.330971	0.732381	-4.392322	105.608000
0.330774	0.732876	-4.401430	105.707000
0.330856	0.734697	-4.388606	105.807000
0.330922	0.736884	-4.371760	105.907000
0.331072	0.736054	-4.380156	106.007000
0.330911	0.732449	-4.380808	106.107000
0.331221	0.734700	-4.389828	106.207000
0.334100	0.736881	-4.400526	106.308000
0.337906	0.736882	-4.407044	106.407000
0.342152	0.735310	-4.425429	106.507000
0.346962	0.735803	-4.425256	106.607000
0.352418	0.735492	-4.430191	106.707000
0.357661	0.730389	-4.421895	106.807000
0.363122	0.727836	-4.391022	106.908000
0.368967	0.729681	-4.398249	107.007000
0.374845	0.727555	-4.393975	107.107000
0.380615	0.727727	-4.383389	107.207000
0.386564	0.734668	-4.387144	107.307000
0.392523	0.739458	-4.374165	107.407000
0.398439	0.737349	-4.375704	107.507000
0.404462	0.733263	-4.391504	107.607000
0.410791	0.729600	-4.394232	107.708000
0.416939	0.726691	-4.384661	107.807000
0.423331	0.728660	-4.379983	107.907000
0.429756	0.731800	-4.385136	108.007000
0.436002	0.731591	-4.391904	108.107000
0.442282	0.728528	-4.401122	108.207000
0.448663	0.727173	-4.422528	108.307000
0.454973	0.733444	-4.437438	108.407000
0.461317	0.736882	-4.430309	108.507000
0.467655	0.736160	-4.426155	108.607000
0.474302	0.736878	-4.430685	108.707000
0.481100	0.735476	-4.426351	108.807000
0.487469	0.735787	-4.399718	108.907000
0.493998	0.739449	-4.380808	109.007000
0.500490	0.736894	-4.391265	109.107000
0.507155	0.731429	-4.418190	109.207000
0.513490	0.729464	-4.401237	109.307000
0.520130	0.730845	-4.400521	109.408000
0.526796	0.730795	-4.403667	109.507000
0.533469	0.734298	-4.409636	109.607000
0.540349	0.734468	-4.400533	109.707000
0.546819	0.734585	-4.399936	109.807000
0.553574	0.729162	-4.385914	109.907000
0.560115	0.727550	-4.371714	110.008000
0.566732	0.726477	-4.372987	110.107000
0.573244	0.728426	-4.372433	110.207000
0.579947	0.729362	-4.354430	110.307000
0.586412	0.729292	-4.340807	110.407000
0.593700	0.728057	-4.331177	110.508000
0.600288	0.727643	-4.344488	110.607000
0.606941	0.729296	-4.378575	110.707000
0.613540	0.729370	-4.394213	110.807000
0.620310	0.729140	-4.403771	110.907000
0.626648	0.729382	-4.418903	111.007000
0.633698	0.730936	-4.411614	111.107000
0.640358	0.731845	-4.403600	111.207000
0.646897	0.731929	-4.391369	111.308000
0.653729	0.734259	-4.394116	111.407000
0.660484	0.736566	-4.381602	111.507000
0.667316	0.736481	-4.394242	111.608000
0.673921	0.733193	-4.403450	111.707000
0.680725	0.730994	-4.399205	111.807000
0.687663	0.733685	-4.400290	111.908000
0.694165	0.735646	-4.423030	112.007000
0.700914	0.737964	-4.431896	112.107000
0.707765	0.737375	-4.420071	112.207000
0.714547	0.739266	-4.414633	112.308000
0.721375	0.737988	-4.420217	112.408000
0.728215	0.738410	-4.403604	112.507000
0.735028	0.730366	-4.398863	112.607000
0.741728	0.721702	-4.392988	112.707000
0.748539	0.720868	-4.387892	112.807000
0.755277	0.723921	-4.378497	112.907000
0.762427	0.726664	-4.389559	113.007000
0.769316	0.727672	-4.385053	113.107000
0.776439	0.731283	-4.382572	113.207000
0.783205	0.731889	-4.399151	113.308000
0.790062	0.732813	-4.406250	113.407000
0.796893	0.732290	-4.401595	113.507000
0.803810	0.734811	-4.405789	113.607000
0.810780	0.740196	-4.425808	113.707000
0.817674	0.746835	-4.426817	113.807000
0.824812	0.747163	-4.415167	113.907000
0.831672	0.751050	-4.433008	114.007000
0.838812	0.749515	-4.448598	114.107000
0.845554	0.744418	-4.430631	114.207000
0.852464	0.740396	-4.421039	114.308000
0.859634	0.733140	-4.429694	114.407000
0.866671	0.734204	-4.426332	114.507000
0.873450	0.732277	-4.413188	114.607000
0.880636	0.727427	-4.418744	114.707000
0.887944	0.728926	-4.424398	114.807000
0.895026	0.727180	-4.412358	114.907000
0.902019	0.728233	-4.399004	115.007000
0.909059	0.734906	-4.404552	115.107000
0.916071	0.737729	-4.400843	115.207000
0.922860	0.739544	-4.397770	115.307000
0.930049	0.736704	-4.414874	115.407000
0.936822	0.732228	-4.416271	115.507000
0.943970	0.734908	-4.425429	115.607000
0.950816	0.740658	-4.421002	115.707000
0.957792	0.741697	-4.405471	115.807000
0.964791	0.743529	-4.377536	115.907000
0.971625	0.746884	-4.364986	116.007000
0.978846	0.746076	-4.382751	116.107000
0.985910	0.743728	-4.407917	116.207000
0.992833	0.739080	-4.408134	116.307000
0.999919	0.736194	-4.399332	116.407000
1.007436	0.736731	-4.390803	116.507000
1.014431	0.733794	-4.398059	116.607000
1.021516	0.732009	-4.397705	116.707000
1.028395	0.735941	-4.396484	116.807000
1.035839	0.736524	-4.409683	116.907000
1.042770	0.743045	-4.425440	117.007000
1.049791	0.741884	-4.441778	117.108000
1.056865	0.736737	-4.436320	117.207000
1.064199	0.735974	-4.421335	117.308000
1.071515	0.738455	-4.417207	117.407000
1.078479	0.741480	-4.401322	117.507000
1.085779	0.741900	-4.416443	117.607000
1.092882	0.741705	-4.431956	117.708000
1.099870	0.743128	-4.437908	117.807000
1.107027	0.741537	-4.437680	117.907000
1.114241	0.737598	-4.441077	118.007000
1.121300	0.729224	-4.451736	118.107000
1.128334	0.726629	-4.446621	118.207000
1.135513	0.728085	-4.437320	118.307000
1.142459	0.732746	-4.431476	118.407000
1.149681	0.739482	-4.432624	118.507000
1.156990	0.742661	-4.418035	118.607000
1.163918	0.746867	-4.402507	118.707000
1.170926	0.751637	-4.395097	118.807000
1.178543	0.746640	-4.392742	118.907000
1.185614	0.736761	-4.389866	119.007000
1.192711	0.732168	-4.391287	119.108000
1.199542	0.736916	-4.408962	119.207000
1.206788	0.741172	-4.413387	119.307000
1.214013	0.743061	-4.420073	119.407000
1.220539	0.741938	-4.420099	119.508000
1.228043	0.743171	-4.423425	119.607000
1.235276	0.741481	-4.437113	119.707000
1.242525	0.739484	-4.451676	119.807000
1.249474	0.741167	-4.449029	119.907000
1.256744	0.737171	-4.454069	120.007000
1.264116	0.733123	-4.438210	120.107000
1.271279	0.734307	-4.401680	120.207000
1.278239	0.737927	-4.395372	120.307000
1.285559	0.737035	-4.402197	120.407000
1.292750	0.732839	-4.404635	120.508000
1.299788	0.732924	-4.411518	120.607000
1.307195	0.737577	-4.421036	120.707000
1.314765	0.745421	-4.422227	120.807000
1.321842	0.755280	-4.439564	120.907000
1.329193	0.758765	-4.444608	121.007000
1.336554	0.758702	-4.454776	121.107000
1.343482	0.752962	-4.441282	121.207000
1.350647	0.745540	-4.437413	121.307000
1.358155	0.744758	-4.454283	121.408000
1.365337	0.748999	-4.467705	121.507000
1.372831	0.750133	-4.476446	121.607000
1.380238	0.748503	-4.463612	121.707000
1.387562	0.746977	-4.434745	121.808000
1.395164	0.746432	-4.436085	121.907000
1.402132	0.742785	-4.448709	122.007000
1.409553	0.745564	-4.456768	122.108000
1.416605	0.750840	-4.445366	122.207000
1.423817	0.751945	-4.440365	122.307000
1.431220	0.754257	-4.440844	122.407000
1.438825	0.750899	-4.442768	122.507000
1.446121	0.752809	-4.441876	122.608000
1.453571	0.758214	-4.456814	122.707000
1.460714	0.752865	-4.467171	122.808000
1.467975	0.751875	-4.490182	122.907000
1.475045	0.750388	-4.516817	123.007000
1.482710	0.750346	-4.493475	123.108000
1.489899	0.751909	-4.469120	123.207000
1.497284	0.751003	-4.457549	123.308000
1.505100	0.746811	-4.457071	123.407000
1.512332	0.747898	-4.439588	123.507000
1.519457	0.755834	-4.440394	123.607000
1.526724	0.760189	-4.455719	123.707000
1.534022	0.766133	-4.460374	123.807000
1.541827	0.765473	-4.455300	123.907000
1.548663	0.766559	-4.458796	124.007000
1.556238	0.767699	-4.470810	124.107000
1.563408	0.766645	-4.464930	124.207000
1.571172	0.768799	-4.460382	124.308000
1.578256	0.775771	-4.473153	124.407000
1.585289	0.777782	-4.493141	124.507000
1.592628	0.778587	-4.526699	124.607000
1.599830	0.777078	-4.532709	124.707000
1.607186	0.775545	-4.533375	124.807000
1.614256	0.771748	-4.531488	124.908000
1.621709	0.768735	-4.520970	125.007000
1.629629	0.771464	-4.517051	125.107000
1.636995	0.772956	-4.515196	125.207000
1.644400	0.773685	-4.536383	125.307000
1.651885	0.768778	-4.567706	125.407000
1.658876	0.770518	-4.568810	125.507000
1.666450	0.779509	-4.564618	125.607000
1.674140	0.788389	-4.589666	125.708000
1.681487	0.791584	-4.613252	125.808000
1.688020	0.791892	-4.607833	125.907000
1.696171	0.792756	-4.605624	126.007000
1.703335	0.789691	-4.618732	126.107000
1.710944	0.791892	-4.619043	126.207000
1.717580	0.801351	-4.630907	126.308000
1.724906	0.811242	-4.640160	126.407000
1.732265	0.817177	-4.640538	126.507000
1.739164	0.820346	-4.650209	126.607000
1.747257	0.827731	-4.660409	126.707000
1.755244	0.831511	-4.680939	126.807000
1.762838	0.832374	-4.702992	126.907000
1.770241	0.838491	-4.727408	127.008000
1.777471	0.839330	-4.753069	127.107000
1.784901	0.844419	-4.762123	127.207000
1.792242	0.856564	-4.791258	127.308000
1.799788	0.863695	-4.836991	127.407000
1.807124	0.872858	-4.876983	127.507000
1.814719	0.887178	-4.926789	127.608000
1.822492	0.905851	-4.969065	127.707000
1.829735	0.927298	-5.012211	127.807000
1.837365	0.947906	-5.078267	127.907000
1.844707	0.965464	-5.155886	128.007000
1.851926	0.984371	-5.225836	128.107000
1.859514	1.007969	-5.291554	128.207000
1.866646	1.035543	-5.379914	128.307000
1.874276	1.064400	-5.477289	128.407000
1.881815	1.094174	-5.553457	128.507000
1.889414	1.120867	-5.610732	128.608000
1.896558	1.136561	-5.669116	128.707000
1.903363	1.145655	-5.723703	128.807000
1.911472	1.157417	-5.750940	128.907000
1.919183	1.162827	-5.749337	129.007000
1.926670	1.166794	-5.730577	129.107000
1.933664	1.162572	-5.711439	129.207000
1.941173	1.155774	-5.698219	129.307000
1.948657	1.161127	-5.695777	129.408000
1.956227	1.169553	-5.705456	129.507000
1.963506	1.181307	-5.707526	129.607000
1.971233	1.197233	-5.702102	129.707000
1.978566	1.211815	-5.688515	129.808000
1.985861	1.232791	-5.681251	129.907000
1.993527	1.258043	-5.685227	130.007000
2.001062	1.288400	-5.704914	130.107000
2.008189	1.337140	-5.725794	130.207000
2.015525	1.394346	-5.745449	130.307000
2.023018	1.459207	-5.782400	130.407000
2.030435	1.534952	-5.815241	130.507000
2.037629	1.619909	-5.836633	130.607000
2.045062	1.706009	-5.854829	130.707000
2.052427	1.789109	-5.853049	130.807000
2.060022	1.875021	-5.837252	130.907000
2.067606	1.953459	-5.811494	131.007000
2.075334	2.035789	-5.784988	131.107000
2.082662	2.115001	-5.758233	131.207000
2.090252	2.180021	-5.736778	131.307000
2.098067	2.237482	-5.715435	131.407000
2.105345	2.283942	-5.693537	131.507000
2.112744	2.318112	-5.681190	131.608000
2.119915	2.336959	-5.660439	131.708000
2.128010	2.334789	-5.629472	131.807000
2.134974	2.307462	-5.582416	131.907000
2.142495	2.250348	-5.512322	132.007000
2.149946	2.154341	-5.421420	132.107000
2.157876	2.032755	-5.309320	132.208000
2.164916	1.919602	-5.188106	132.307000
2.172456	1.842102	-5.078077	132.407000
2.179955	1.800034	-5.002553	132.507000
2.187223	1.781092	-4.956920	132.607000
2.194452	1.773269	-4.927038	132.707000
2.201868	1.772253	-4.901023	132.807000
2.208983	1.779578	-4.887131	132.907000
2.216513	1.786874	-4.885204	133.007000
2.224162	1.795373	-4.894544	133.107000
2.231359	1.803615	-4.898234	133.208000
2.238935	1.816867	-4.898135	133.307000
2.246366	1.831075	-4.893761	133.407000
2.253849	1.846354	-4.875966	133.507000
2.261799	1.853383	-4.860090	133.607000
2.269311	1.859930	-4.855505	133.708000
2.276988	1.871008	-4.857049	133.807000
2.284580	1.880187	-4.843909	133.907000
2.292196	1.885753	-4.819970	134.012000
2.299634	1.893062	-4.805835	134.107000
2.307043	1.906803	-4.799500	134.207000
2.314610	1.920088	-4.799046	134.307000
2.321922	1.927878	-4.793803	134.407000
2.329827	1.933573	-4.784387	134.507000
2.337652	1.947663	-4.774458	134.607000
2.345187	1.963654	-4.757526	134.707000
2.352641	1.974878	-4.748099	134.807000
2.360013	1.982968	-4.751323	134.907000
2.367796	1.988941	-4.761134	135.007000
2.375043	1.992195	-4.764186	135.107000
2.382349	1.998873	-4.751163	135.207000
2.390468	2.004282	-4.752579	135.307000
2.398058	2.014688	-4.746795	135.407000
2.405545	2.020959	-4.727008	135.507000
2.413075	2.034978	-4.715033	135.607000
2.421011	2.044585	-4.710355	135.707000
2.428256	2.051766	-4.699393	135.808000
2.435654	2.062497	-4.685362	135.908000
2.443237	2.073234	-4.682349	136.007000
2.450790	2.087185	-4.689792	136.107000
2.458677	2.094884	-4.690254	136.207000
2.466279	2.099886	-4.682674	136.307000
2.473906	2.109131	-4.676571	136.407000
2.481355	2.117626	-4.664680	136.507000
2.488900	2.130815	-4.649799	136.607000
2.496241	2.138493	-4.636740	136.707000
2.503761	2.146077	-4.629063	136.808000
2.511256	2.152032	-4.622993	136.907000
2.518973	2.158480	-4.620648	137.007000
2.526951	2.165562	-4.616820	137.107000
2.534250	2.173485	-4.605944	137.207000
2.541875	2.176538	-4.592992	137.307000
2.549519	2.182263	-4.592176	137.407000
2.557067	2.185675	-4.589813	137.507000
2.564645	2.192796	-4.593385	137.608000
2.572307	2.197842	-4.599520	137.708000
2.579892	2.209755	-4.588945	137.807000
2.587618	2.219427	-4.580784	137.907000
2.595238	2.220273	-4.562527	138.007000
2.602869	2.227682	-4.550802	138.107000
2.610457	2.237169	-4.546619	138.207000
2.618114	2.240571	-4.545541	138.308000
2.625330	2.242308	-4.537957	138.407000
2.632746	2.247576	-4.531061	138.507000
2.640283	2.251218	-4.528566	138.607000
2.648131	2.252637	-4.524423	138.707000
2.655456	2.257991	-4.517659	138.807000
2.663179	2.263074	-4.521960	138.907000
2.670532	2.270274	-4.517011	139.008000
2.678280	2.272359	-4.500661	139.107000
2.685870	2.281846	-4.486643	139.207000
2.693372	2.288487	-4.481659	139.308000
2.700853	2.288802	-4.475321	139.407000
2.708126	2.287736	-4.469055	139.507000
2.715856	2.293180	-4.464409	139.607000
2.723369	2.303233	-4.465329	139.707000
2.730538	2.308290	-4.463917	139.807000
2.738179	2.312165	-4.457531	139.907000
2.746101	2.323162	-4.446526	140.007000
2.753393	2.327933	-4.436751	140.107000
2.760719	2.322208	-4.431229	140.208000
2.768490	2.318007	-4.428526	140.308000
2.775892	2.315924	-4.421906	140.407000
2.783740	2.314464	-4.420710	140.507000
2.791372	2.312466	-4.413040	140.607000
2.799171	2.320011	-4.405819	140.707000
2.806465	2.328339	-4.405739	140.807000
2.814272	2.335578	-4.405141	140.907000
2.821582	2.342652	-4.400637	141.007000
2.829075	2.343659	-4.392625	141.107000
2.836531	2.344620	-4.378013	141.207000
2.844484	2.345908	-4.369456	141.308000
2.852175	2.350232	-4.369277	141.407000
2.859653	2.355744	-4.369219	141.507000
2.867077	2.363773	-4.370904	141.607000
2.874873	2.367150	-4.371606	141.707000
2.882140	2.365509	-4.372910	141.808000
2.889619	2.360379	-4.361310	141.907000
2.897055	2.364179	-4.354825	142.007000
2.904886	2.368704	-4.350293	142.107000
2.912588	2.366494	-4.338992	142.208000
2.920552	2.370451	-4.328654	142.307000
2.927849	2.373959	-4.329486	142.407000
2.935686	2.372919	-4.329739	142.507000
2.943113	2.378873	-4.326379	142.607000
2.950466	2.384361	-4.321090	142.707000
2.957980	2.390743	-4.316517	142.807000
2.965474	2.393851	-4.315136	142.907000
2.973076	2.395518	-4.310053	143.007000
2.981051	2.391552	-4.309483	143.108000
2.988668	2.387948	-4.316258	143.207000
2.996202	2.387635	-4.322321	143.307000
3.003757	2.396377	-4.316388	143.407000
3.011478	2.403754	-4.308171	143.507000
3.018955	2.411913	-4.298329	143.607000
3.026216	2.417799	-4.289885	143.707000
3.033908	2.417442	-4.284601	143.807000
3.041551	2.414519	-4.285643	143.908000
3.049269	2.410001	-4.288830	144.007000
3.056831	2.406515	-4.288727	144.107000
3.064486	2.403392	-4.287037	144.207000
3.071967	2.401131	-4.290683	144.307000
3.079612	2.398576	-4.288841	144.407000
3.086870	2.402432	-4.290894	144.507000
3.094509	2.406899	-4.287736	144.607000
3.102057	2.409615	-4.275783	144.707000
3.109872	2.407864	-4.268817	144.807000
3.117501	2.405692	-4.265954	144.907000
3.125073	2.403820	-4.251790	145.007000
3.132887	2.401956	-4.238726	145.107000
3.140318	2.404834	-4.233837	145.207000
3.147932	2.412021	-4.232797	145.307000
3.155154	2.421988	-4.238012	145.407000
3.162661	2.423678	-4.239364	145.507000
3.170539	2.421659	-4.233953	145.607000
3.177799	2.416543	-4.230725	145.707000
3.184971	2.415684	-4.222107	145.807000
3.192644	2.420014	-4.215067	145.907000
3.200366	2.422160	-4.211664	146.007000
3.207962	2.421929	-4.203641	146.107000
3.214979	2.419613	-4.204231	146.207000
3.222517	2.420065	-4.208007	146.307000
3.230057	2.421641	-4.205274	146.407000
3.237828	2.419225	-4.194137	146.507000
3.245380	2.420047	-4.184674	146.607000
3.252564	2.424798	-4.188665	146.707000
3.260281	2.433030	-4.186353	146.807000
3.267675	2.440836	-4.181919	146.907000
3.275217	2.439406	-4.185451	147.008000
3.282460	2.434437	-4.178801	147.107000
3.290265	2.431953	-4.172716	147.207000
3.297584	2.431011	-4.173376	147.307000
3.305712	2.435101	-4.176029	147.407000
3.313089	2.434520	-4.177585	147.507000
3.320671	2.425069	-4.174613	147.607000
3.328409	2.420521	-4.172696	147.707000
3.335846	2.421226	-4.171069	147.807000
3.343229	2.426588	-4.173619	147.907000
3.350748	2.427325	-4.166423	148.008000
3.358291	2.434088	-4.158509	148.107000
3.366016	2.437027	-4.153936	148.207000
3.373501	2.436804	-4.147135	148.307000
3.380934	2.432071	-4.143981	148.408000
3.388618	2.424806	-4.148372	148.507000
3.396226	2.424223	-4.148837	148.607000
3.403704	2.427308	-4.141689	148.707000
3.410865	2.433155	-4.147600	148.808000
3.418519	2.436112	-4.157471	148.907000
3.425969	2.438827	-4.156633	149.008000
3.433858	2.436735	-4.151137	149.107000
3.441372	2.433449	-4.140463	149.207000
3.448868	2.431791	-4.134053	149.307000
3.456410	2.432023	-4.129511	149.407000
3.463965	2.434130	-4.123329	149.507000
3.471507	2.436577	-4.120686	149.608000
3.478669	2.437631	-4.123428	149.707000
3.486200	2.438294	-4.120746	149.807000
3.493863	2.441961	-4.114877	149.907000
3.501917	2.444412	-4.113223	150.007000
3.509183	2.444949	-4.124114	150.107000
3.516703	2.445991	-4.128458	150.207000
3.524317	2.441958	-4.128094	150.307000
3.531841	2.441088	-4.122587	150.407000
3.539071	2.444271	-4.122296	150.507000
3.546702	2.442161	-4.119621	150.608000
3.554571	2.445043	-4.116267	150.707000
3.562141	2.449677	-4.116699	150.807000
3.569674	2.448395	-4.115902	150.907000
3.577318	2.447466	-4.119683	151.007000
3.584850	2.452712	-4.126824	151.107000
3.592491	2.451525	-4.128629	151.207000
3.599900	2.449617	-4.129654	151.307000
3.607454	2.446286	-4.128364	151.407000
3.614759	2.447325	-4.125341	151.507000
3.621865	2.446802	-4.116866	151.607000
3.629968	2.443800	-4.112527	151.708000
3.637311	2.437554	-4.110262	151.807000
3.644618	2.437021	-4.106970	151.907000
3.652270	2.440479	-4.103636	152.007000
3.659790	2.440592	-4.104994	152.107000
3.667208	2.443913	-4.105635	152.208000
3.674627	2.449452	-4.105940	152.307000
3.682342	2.450416	-4.106409	152.407000
3.689604	2.449281	-4.111283	152.507000
3.696705	2.446427	-4.111267	152.607000
3.704182	2.441710	-4.107058	152.708000
3.711452	2.440143	-4.108161	152.807000
3.718946	2.440537	-4.107553	152.907000
3.726447	2.445316	-4.105775	153.007000
3.733483	2.445984	-4.105076	153.107000
3.741074	2.444477	-4.106026	153.208000
3.748379	2.441098	-4.104705	153.308000
3.756581	2.433699	-4.097108	153.407000
3.760499	2.429707	-4.095564	153.507000
3.760158	2.429106	-4.091510	153.607000
3.758461	2.431678	-4.092568	153.707000
3.755805	2.435569	-4.091761	153.807000
3.753011	2.439627	-4.093027	153.907000
3.749526	2.444798	-4.102791	154.007000
3.745774	2.444375	-4.113163	154.107000
3.742082	2.435914	-4.112622	154.207000
3.737491	2.434153	-4.112543	154.307000
3.733527	2.435529	-4.111476	154.407000
3.729090	2.441945	-4.104861	154.507000
3.724420	2.445606	-4.100497	154.607000
3.719560	2.444160	-4.100013	154.708000
3.714519	2.443373	-4.097777	154.807000
3.709597	2.445369	-4.098940	154.907000
3.704283	2.441207	-4.108585	155.007000
3.698999	2.432287	-4.111626	155.107000
3.693421	2.429912	-4.107447	155.207000
3.687714	2.429235	-4.098774	155.307000
3.682170	2.431977	-4.096963	155.408000
3.676434	2.435732	-4.095008	155.507000
3.670829	2.434737	-4.096300	155.607000
3.665512	2.435039	-4.100441	155.707000
3.659908	2.437926	-4.105635	155.807000
3.653847	2.435400	-4.108912	155.908000
3.647641	2.433965	-4.112959	156.007000
3.641808	2.432846	-4.118657	156.108000
3.635928	2.435608	-4.118555	156.207000
3.629713	2.442769	-4.107478	156.307000
3.623951	2.447470	-4.112817	156.407000
3.617842	2.442636	-4.106940	156.507000
3.612153	2.438942	-4.102858	156.607000
3.605798	2.441133	-4.101413	156.707000
3.599833	2.445542	-4.106383	156.807000
3.593700	2.444487	-4.114102	156.907000
3.587513	2.443116	-4.109951	157.007000
3.581225	2.438051	-4.107007	157.107000
3.575055	2.435440	-4.111252	157.207000
3.568598	2.428735	-4.117331	157.307000
3.562682	2.427543	-4.117294	157.407000
3.556412	2.430019	-4.118850	157.507000
3.549960	2.442536	-4.129731	157.607000
3.543712	2.448892	-4.127346	157.707000
3.537621	2.454488	-4.118405	157.808000
3.530912	2.454027	-4.122221	157.908000
3.524600	2.447472	-4.132514	158.008000
3.518164	2.444877	-4.139191	158.107000
3.512024	2.441661	-4.140144	158.207000
3.505589	2.439867	-4.131113	158.307000
3.499253	2.436158	-4.128723	158.407000
3.492659	2.438901	-4.131935	158.507000
3.486368	2.438291	-4.133856	158.607000
3.479998	2.435282	-4.132272	158.707000
3.473100	2.432514	-4.132194	158.807000
3.466812	2.429558	-4.135637	158.907000
3.460394	2.429774	-4.136696	159.008000
3.453934	2.429445	-4.135403	159.107000
3.447454	2.432203	-4.143292	159.207000
3.440832	2.441702	-4.150871	159.308000
3.434355	2.443861	-4.154555	159.407000
3.427635	2.442118	-4.156152	159.507000
3.420924	2.439638	-4.153707	159.607000
3.414102	2.440230	-4.141126	159.707000
3.407552	2.444035	-4.143255	159.807000
3.400969	2.444220	-4.146386	159.907000
3.394587	2.444307	-4.149794	160.007000
3.388070	2.442318	-4.154224	160.107000
3.381411	2.441171	-4.157903	160.207000
3.374908	2.435109	-4.160157	160.307000
3.368358	2.434029	-4.155666	160.408000
3.361581	2.432912	-4.155546	160.508000
3.355145	2.432936	-4.158290	160.607000
3.348485	2.435976	-4.159400	160.708000
3.341804	2.437835	-4.158267	160.808000
3.335200	2.434057	-4.163802	160.907000
3.328698	2.428776	-4.174894	161.007000
3.322124	2.432875	-4.176988	161.108000
3.315336	2.437399	-4.173345	161.207000
3.309075	2.428887	-4.177602	161.307000
3.302278	2.419903	-4.183066	161.407000
3.295567	2.428260	-4.178257	161.508000
3.288866	2.435058	-4.176595	161.607000
3.282663	2.431562	-4.179555	161.707000
3.275554	2.430365	-4.179945	161.807000
3.268949	2.435802	-4.186560	161.907000
3.262207	2.437974	-4.197557	162.007000
3.255577	2.438902	-4.206535	162.107000
3.248457	2.429756	-4.204156	162.207000
3.241576	2.424560	-4.196614	162.307000
3.235108	2.426636	-4.191685	162.408000
3.228248	2.432614	-4.192403	162.507000
3.221601	2.433348	-4.198591	162.607000
3.214795	2.429084	-4.207693	162.707000
3.207938	2.423417	-4.206277	162.807000
3.201339	2.421843	-4.214919	162.907000
3.194555	2.422872	-4.222145	163.008000
3.187136	2.417803	-4.221152	163.107000
3.180471	2.416425	-4.215294	163.207000
3.173680	2.413718	-4.216775	163.307000
3.166900	2.415888	-4.219067	163.407000
3.160171	2.417454	-4.222159	163.507000
3.153223	2.418988	-4.226577	163.607000
3.146384	2.421867	-4.234516	163.707000
3.139561	2.419177	-4.245467	163.807000
3.132371	2.418041	-4.250117	163.908000
3.125190	2.424687	-4.245438	164.007000
3.118395	2.423135	-4.245524	164.107000
3.111744	2.423115	-4.249969	164.207000
3.104730	2.423496	-4.256444	164.307000
3.097734	2.420369	-4.254673	164.407000
3.090989	2.419931	-4.257482	164.507000
3.084149	2.417803	-4.263551	164.607000
3.077067	2.415873	-4.269997	164.708000
3.069878	2.417394	-4.270747	164.807000
3.062787	2.410552	-4.271595	164.907000
3.056023	2.409310	-4.264463	165.010000
3.049172	2.408809	-4.259536	165.108000
3.042210	2.402033	-4.263109	165.208000
3.035041	2.392771	-4.279172	165.307000
3.028319	2.386406	-4.287447	165.407000
3.021469	2.385278	-4.291286	165.507000
3.014127	2.385483	-4.293733	165.608000
3.007340	2.386692	-4.296057	165.707000
3.000100	2.387552	-4.295300	165.808000
2.993417	2.387368	-4.300670	165.908000
2.986459	2.393535	-4.311830	166.007000
2.979475	2.395607	-4.319266	166.107000
2.972436	2.389946	-4.327056	166.207000
2.965256	2.381713	-4.331183	166.307000
2.958539	2.376559	-4.329234	166.407000
2.951508	2.377385	-4.330734	166.507000
2.944006	2.381617	-4.333969	166.608000
2.936875	2.386642	-4.339663	166.707000
2.929909	2.389903	-4.346535	166.807000
2.923183	2.388147	-4.346813	166.907000
2.916052	2.384546	-4.347220	167.007000
2.908981	2.378547	-4.347782	167.107000
2.902054	2.373180	-4.349038	167.207000
2.894966	2.370283	-4.348132	167.307000
2.887689	2.364249	-4.345461	167.408000
2.880883	2.359091	-4.348123	167.507000
2.874052	2.356556	-4.358817	167.607000
2.867227	2.354033	-4.364906	167.707000
2.860066	2.350784	-4.370593	167.807000
2.853099	2.350096	-4.373492	167.907000
2.845718	2.349083	-4.382678	168.007000
2.838898	2.352571	-4.392180	168.107000
2.831993	2.356524	-4.400610	168.207000
2.824884	2.354531	-4.404710	168.307000
2.817943	2.353245	-4.412117	168.407000
2.810914	2.349431	-4.412733	168.507000
2.803621	2.348309	-4.411987	168.608000
2.796702	2.342774	-4.414578	168.707000
2.789713	2.335507	-4.410721	168.807000
2.782805	2.328860	-4.413080	168.908000
2.775611	2.331787	-4.418898	169.007000
2.768094	2.332303	-4.427241	169.107000
2.761139	2.328285	-4.435412	169.207000
2.753878	2.326603	-4.441229	169.307000
2.746861	2.324434	-4.447268	169.407000
2.739821	2.317688	-4.451323	169.507000
2.732541	2.316233	-4.454975	169.607000
2.725509	2.309000	-4.460479	169.707000
2.718400	2.299399	-4.458743	169.807000
2.711163	2.297847	-4.460851	169.907000
2.703857	2.295427	-4.467948	170.007000
2.696521	2.292395	-4.475561	170.107000
2.689151	2.289760	-4.478843	170.207000
2.682039	2.286937	-4.497945	170.307000
2.675136	2.278158	-4.512996	170.407000
2.667941	2.271208	-4.512044	170.507000
2.660850	2.266076	-4.503212	170.607000
2.653370	2.266518	-4.512533	170.708000
2.646403	2.261123	-4.517030	170.808000
2.638628	2.251948	-4.513755	170.907000
2.631453	2.241910	-4.518055	171.007000
2.624759	2.236607	-4.531790	171.107000
2.617770	2.232244	-4.541837	171.207000
2.610644	2.233360	-4.545311	171.308000
2.603594	2.234737	-4.561914	171.407000
2.596247	2.230517	-4.573633	171.507000
2.588297	2.221477	-4.574384	171.607000
2.581441	2.208236	-4.575509	171.707000
2.573507	2.205812	-4.581945	171.807000
2.566915	2.207316	-4.593689	171.908000
2.559512	2.205929	-4.602737	172.008000
2.552352	2.196152	-4.599921	172.107000
2.544994	2.188960	-4.596552	172.207000
2.537768	2.180704	-4.605635	172.307000
2.530649	2.173991	-4.612217	172.407000
2.523342	2.169114	-4.616399	172.507000
2.515779	2.159533	-4.621315	172.607000
2.508624	2.148414	-4.622725	172.707000
2.501293	2.148198	-4.632726	172.807000
2.494246	2.147371	-4.640952	172.907000
2.486771	2.139960	-4.644993	173.008000
2.479844	2.127932	-4.648409	173.107000
2.472383	2.113680	-4.660623	173.207000
2.465104	2.099185	-4.670725	173.307000
2.457541	2.091208	-4.680228	173.407000
2.449949	2.079738	-4.693857	173.507000
2.442906	2.066419	-4.702007	173.607000
2.435749	2.055784	-4.705261	173.707000
2.428351	2.049987	-4.718306	173.807000
2.421303	2.039679	-4.728877	173.908000
2.413940	2.030943	-4.732257	174.007000
2.406463	2.028150	-4.737875	174.107000
2.399656	2.022201	-4.736063	174.208000
2.392767	2.014686	-4.732257	174.307000
2.384649	2.002155	-4.731946	174.407000
2.377780	1.992124	-4.735771	174.507000
2.370554	1.983270	-4.740569	174.607000
2.363691	1.971312	-4.753246	174.707000
2.356322	1.961328	-4.758793	174.807000
2.348919	1.955199	-4.768175	174.907000
2.341509	1.944195	-4.789279	175.007000
2.334434	1.933840	-4.802424	175.107000
2.326809	1.925468	-4.811246	175.207000
2.319868	1.917834	-4.812722	175.308000
2.312706	1.913611	-4.816872	175.407000
2.305473	1.904476	-4.818236	175.507000
2.297835	1.893355	-4.825574	175.607000
2.290798	1.877729	-4.834328	175.708000
2.283377	1.870282	-4.838082	175.807000
2.275945	1.865430	-4.838750	175.907000
2.268589	1.860401	-4.844541	176.007000
2.261247	1.856069	-4.858058	176.107000
2.253694	1.845632	-4.861896	176.207000
2.246364	1.829050	-4.874013	176.307000
2.239215	1.814809	-4.890281	176.407000
2.231391	1.806879	-4.903245	176.508000
2.224376	1.791760	-4.907993	176.607000
2.217377	1.780192	-4.911845	176.707000
2.210092	1.776830	-4.912750	176.807000
2.202586	1.773646	-4.918806	176.907000
2.194768	1.760842	-4.923891	177.008000
2.187975	1.744431	-4.932258	177.107000
2.181093	1.729873	-4.928754	177.207000
2.173311	1.721223	-4.921620	177.308000
2.165567	1.711858	-4.929672	177.408000
2.158218	1.706144	-4.940610	177.507000
2.151392	1.695663	-4.937150	177.608000
2.143182	1.688238	-4.930191	177.708000
2.136210	1.683297	-4.949009	177.808000
2.128879	1.677224	-4.987077	177.908000
2.121294	1.679264	-5.039080	178.007000
2.114148	1.708921	-5.123195	178.107000
2.106903	1.761336	-5.251979	178.207000
2.099283	1.844947	-5.405043	178.307000
2.091941	1.955355	-5.564862	178.407000
2.084615	2.067169	-5.700600	178.507000
2.076937	2.153467	-5.813011	178.607000
2.069455	2.181769	-5.888796	178.707000
2.062185	2.160537	-5.912769	178.808000
2.054981	2.112252	-5.896705	178.908000
2.047509	2.058301	-5.866651	179.007000
2.040233	1.998600	-5.845198	179.107000
2.032782	1.926399	-5.834281	179.207000
2.025748	1.851780	-5.830439	179.307000
2.017378	1.777096	-5.818546	179.408000
2.010282	1.704341	-5.801693	179.507000
2.002539	1.635906	-5.784303	179.607000
1.995064	1.566193	-5.759371	179.707000
1.988048	1.496772	-5.724814	179.807000
1.980645	1.433587	-5.693870	179.907000
1.972909	1.369494	-5.654968	180.008000
1.965473	1.312024	-5.610827	180.107000
1.957818	1.259129	-5.560632	180.207000
1.950454	1.214144	-5.530657	180.308000
1.942563	1.171717	-5.497134	180.407000
1.934975	1.128300	-5.466463	180.507000
1.927835	1.096117	-5.423309	180.607000
1.920440	1.067711	-5.394462	180.707000
1.912882	1.044967	-5.346023	180.807000
1.905454	1.026815	-5.285693	180.907000
1.898139	1.008052	-5.234111	181.007000
1.890472	0.989676	-5.180235	181.107000
1.883143	0.975476	-5.147293	181.207000
1.875563	0.961964	-5.130824	181.307000
1.868034	0.948589	-5.117317	181.407000
1.860778	0.932566	-5.093593	181.507000
1.853316	0.923300	-5.055855	181.607000
1.845793	0.921052	-5.024144	181.707000
1.838445	0.909517	-5.006929	181.807000
1.830829	0.899046	-4.975747	181.908000
1.822942	0.895467	-4.940809	182.008000
1.815489	0.896088	-4.925353	182.107000
1.807646	0.887469	-4.910747	182.207000
1.800270	0.882144	-4.891481	182.307000
1.792830	0.874141	-4.865560	182.407000
1.785413	0.866145	-4.848349	182.512000
1.777791	0.859423	-4.849634	182.607000
1.770498	0.856685	-4.832524	182.707000
1.763318	0.853107	-4.825670	182.807000
1.755573	0.844024	-4.814289	182.907000
1.748351	0.841173	-4.802151	183.007000
1.740903	0.839700	-4.787285	183.108000
1.733349	0.837744	-4.768467	183.208000
1.725920	0.839002	-4.737619	183.307000
1.718513	0.835707	-4.723075	183.407000
1.710889	0.826109	-4.718899	183.507000
1.703281	0.814037	-4.714460	183.607000
1.695544	0.807462	-4.694076	183.707000
1.687910	0.811929	-4.675290	183.808000
1.680164	0.817723	-4.673691	183.907000
1.672859	0.818957	-4.681435	184.007000
1.665353	0.818465	-4.687460	184.107000
1.657798	0.815389	-4.671825	184.207000
1.650392	0.812002	-4.652261	184.307000
1.642678	0.809665	-4.633173	184.407000
1.634988	0.805713	-4.619775	184.507000
1.627455	0.799707	-4.598736	184.607000
1.619666	0.799082	-4.593913	184.707000
1.612319	0.801292	-4.605379	184.808000
1.604873	0.801881	-4.650845	184.907000
1.597269	0.800470	-4.671192	185.007000
1.589930	0.796646	-4.653010	185.107000
1.582087	0.796458	-4.642810	185.208000
1.574571	0.795639	-4.636591	185.307000
1.567231	0.792600	-4.624458	185.407000
1.559107	0.786491	-4.619362	185.507000
1.551261	0.784034	-4.617397	185.607000
1.544351	0.788877	-4.615515	185.707000
1.536393	0.790874	-4.606249	185.807000
1.529082	0.791310	-4.603655	185.907000
1.521488	0.790500	-4.594925	186.007000
1.513905	0.785094	-4.580718	186.107000
1.506135	0.780053	-4.576195	186.207000
1.498463	0.777067	-4.556321	186.307000
1.490935	0.780232	-4.549510	186.408000
1.483343	0.782020	-4.578199	186.507000
1.475703	0.783807	-4.584807	186.607000
1.468187	0.786660	-4.576048	186.707000
1.460707	0.782065	-4.589328	186.807000
1.453214	0.774096	-4.592205	186.907000
1.445668	0.770501	-4.570517	187.007000
1.437822	0.766932	-4.568953	187.108000
1.430403	0.770390	-4.554736	187.208000
1.422935	0.771769	-4.564524	187.308000
1.415063	0.770361	-4.570743	187.407000
1.407772	0.764220	-4.564075	187.507000
1.400304	0.761525	-4.541852	187.607000
1.392668	0.764352	-4.541592	187.707000
1.385184	0.768457	-4.531790	187.807000
1.377482	0.766029	-4.522300	187.907000
1.369950	0.765232	-4.538883	188.008000
1.362399	0.765794	-4.547804	188.108000
1.354845	0.766651	-4.543142	188.208000
1.347343	0.767587	-4.529096	188.307000
1.339875	0.769090	-4.525424	188.407000
1.332263	0.766963	-4.529808	188.507000
1.324800	0.761581	-4.531240	188.607000
1.317151	0.758535	-4.497899	188.707000
1.309693	0.764193	-4.496214	188.807000
1.302166	0.766867	-4.508619	188.907000
1.294611	0.766523	-4.480450	189.007000
1.287037	0.766863	-4.485747	189.107000
1.279601	0.767027	-4.512009	189.207000
1.272016	0.767496	-4.536031	189.307000
1.264404	0.765219	-4.549605	189.407000
1.256827	0.764553	-4.547824	189.507000
1.249218	0.770019	-4.540658	189.607000
1.241286	0.773615	-4.522451	189.707000
1.233630	0.774326	-4.501402	189.807000
1.226069	0.771791	-4.524994	189.907000
1.218547	0.766438	-4.534743	190.007000
1.210595	0.762046	-4.524760	190.107000
1.202985	0.761055	-4.532167	190.207000
1.195442	0.761552	-4.559344	190.307000
1.188074	0.760267	-4.571004	190.407000
1.179990	0.754572	-4.549430	190.507000
1.172227	0.749062	-4.503133	190.607000
1.164605	0.751436	-4.462002	190.707000
1.156956	0.759301	-4.447517	190.807000
1.149338	0.761702	-4.441413	190.907000
1.141745	0.761487	-4.447207	191.007000
1.134194	0.757718	-4.448986	191.107000
1.126552	0.754168	-4.440871	191.207000
1.119100	0.752794	-4.449591	191.307000
1.111366	0.752437	-4.459617	191.407000
1.103188	0.751074	-4.447256	191.507000
1.095824	0.747483	-4.452622	191.607000
1.088088	0.747083	-4.474129	191.707000
1.080387	0.751290	-4.486833	191.807000
1.072664	0.757077	-4.470887	191.907000
1.065602	0.762936	-4.445920	192.007000
1.058072	0.764977	-4.450110	192.107000
1.050085	0.759683	-4.483974	192.207000
1.042097	0.753355	-4.472950	192.307000
1.034565	0.750461	-4.455911	192.407000
1.026824	0.752278	-4.453595	192.507000
1.019142	0.756659	-4.465213	192.607000
1.011505	0.756881	-4.476847	192.707000
1.003983	0.756746	-4.493310	192.807000
0.996390	0.756968	-4.486735	192.907000
0.988741	0.754475	-4.513731	193.007000
0.980865	0.750426	-4.529612	193.107000
0.973183	0.751844	-4.527390	193.207000
0.965446	0.754217	-4.522857	193.307000
0.957724	0.757912	-4.528924	193.407000
0.950266	0.760751	-4.532134	193.507000
0.942779	0.757249	-4.521351	193.607000
0.935224	0.750832	-4.501842	193.707000
0.927799	0.747036	-4.490150	193.808000
0.920004	0.751108	-4.484719	193.907000
0.911882	0.757337	-4.469354	194.007000
0.904137	0.756466	-4.464020	194.107000
0.896580	0.747908	-4.473947	194.207000
0.888989	0.746776	-4.473777	194.307000
0.881300	0.752954	-4.441910	194.407000
0.873594	0.755018	-4.430888	194.507000
0.866181	0.752500	-4.454862	194.607000
0.858623	0.749851	-4.462497	194.707000
0.850731	0.751855	-4.457753	194.808000
0.843094	0.756523	-4.471610	194.908000
0.835431	0.751769	-4.477227	195.007000
0.827717	0.745307	-4.467070	195.108000
0.820107	0.745573	-4.456557	195.207000
0.812877	0.748246	-4.443376	195.307000
0.805257	0.741405	-4.437897	195.407000
0.797492	0.732349	-4.437907	195.507000
0.789928	0.735493	-4.439869	195.607000
0.782245	0.745191	-4.456764	195.707000
0.774824	0.755110	-4.447087	195.808000
0.767089	0.761554	-4.465798	195.907000
0.759606	0.762282	-4.477238	196.007000
0.752097	0.757119	-4.477237	196.108000
0.744477	0.745543	-4.469925	196.207000
0.736961	0.737080	-4.472614	196.307000
0.729544	0.735024	-4.494924	196.407000
0.721531	0.738449	-4.491797	196.507000
0.713584	0.742470	-4.496413	196.607000
0.706140	0.746780	-4.494709	196.707000
0.698320	0.751708	-4.503333	196.807000
0.690656	0.748699	-4.526494	196.907000
0.683212	0.742263	-4.503094	197.007000
0.675641	0.744718	-4.468408	197.107000
0.667930	0.749456	-4.443491	197.207000
0.660219	0.752019	-4.434565	197.307000
0.652254	0.754438	-4.448760	197.407000
0.644613	0.753789	-4.457307	197.508000
0.636980	0.746799	-4.473388	197.608000
0.629274	0.744294	-4.485413	197.707000
0.621985	0.745823	-4.480134	197.808000
0.614145	0.747240	-4.476119	197.908000
0.606432	0.750208	-4.453665	198.007000
0.599031	0.749313	-4.439109	198.107000
0.590731	0.747022	-4.429789	198.207000
0.582908	0.745555	-4.420419	198.307000
0.575299	0.742129	-4.431824	198.407000
0.567663	0.738062	-4.453375	198.507000
0.559908	0.738769	-4.454762	198.607000
0.552121	0.739012	-4.442256	198.707000
0.544707	0.743546	-4.460892	198.808000
0.537095	0.742462	-4.468080	198.908000
0.529436	0.741776	-4.446482	199.007000
0.521503	0.739376	-4.437660	199.107000
0.513784	0.737180	-4.439459	199.207000
0.506193	0.741940	-4.464160	199.307000
0.498355	0.749063	-4.477564	199.407000
0.490713	0.753797	-4.463102	199.507000
0.483232	0.751290	-4.450942	199.607000
0.475599	0.745889	-4.449051	199.707000
0.468120	0.745592	-4.451285	199.807000
0.460299	0.750368	-4.453673	199.907000
0.452469	0.754874	-4.448150	200.007000
0.444649	0.757115	-4.436342	200.107000
0.436943	0.754207	-4.434501	200.207000
0.429381	0.751919	-4.440232	200.307000
0.421695	0.752235	-4.457710	200.407000
0.414057	0.754337	-4.477495	200.507000
0.406321	0.753006	-4.487640	200.607000
0.398960	0.745602	-4.480839	200.707000
0.391203	0.745482	-4.477219	200.807000
0.383274	0.749645	-4.477531	200.907000
0.375871	0.755214	-4.471454	201.007000
0.368036	0.754444	-4.473736	201.107000
0.360144	0.750906	-4.477544	201.207000
0.352478	0.747923	-4.473929	201.307000
0.345238	0.751983	-4.455837	201.407000
0.337424	0.751893	-4.455506	201.508000
0.329796	0.749649	-4.478120	201.607000
0.322341	0.743680	-4.499028	201.707000
0.314612	0.741772	-4.494308	201.807000
0.307179	0.737859	-4.468206	201.907000
0.299398	0.740032	-4.452713	202.007000
0.291766	0.743168	-4.454938	202.107000
0.284340	0.741655	-4.457760	202.208000
0.276861	0.742885	-4.457771	202.307000
