NaN	NaN	NaN	13.366000
-0.637535	1.090427	-3.376228	13.466000
-0.637606	1.088658	-3.379080	13.566000
-0.637446	1.090789	-3.382146	13.666000
-0.637217	1.096911	-3.373628	13.766000
-0.637724	1.098507	-3.365218	13.866000
-0.637368	1.099818	-3.378745	13.966000
-0.637662	1.097201	-3.390146	14.066000
-0.637556	1.096607	-3.387091	14.166000
-0.637365	1.097590	-3.384057	14.267000
-0.637461	1.101875	-3.377022	14.366000
-0.637516	1.103946	-3.383970	14.466000
-0.637468	1.100943	-3.387793	14.566000
-0.637380	1.100776	-3.394717	14.666000
-0.637413	1.097331	-3.398611	14.766000
-0.637543	1.092631	-3.390228	14.866000
-0.637435	1.092078	-3.381147	14.966000
-0.637497	1.094236	-3.379220	15.066000
-0.637488	1.094502	-3.362075	15.166000
-0.637687	1.097222	-3.356143	15.266000
-0.637476	1.097770	-3.368961	15.366000
-0.637574	1.097364	-3.379089	15.466000
-0.637660	1.096613	-3.372453	15.566000
-0.637451	1.098791	-3.380227	15.666000
-0.637448	1.102750	-3.387666	15.766000
-0.637398	1.103460	-3.382338	15.866000
-0.637404	1.099011	-3.382663	15.966000
-0.637344	1.097899	-3.385066	16.066000
-0.637397	1.098507	-3.382545	16.166000
-0.637360	1.098366	-3.364855	16.266000
-0.637415	1.098325	-3.349993	16.366000
-0.637377	1.102243	-3.354083	16.466000
-0.637411	1.106836	-3.368436	16.566000
-0.637368	1.106943	-3.378413	16.666000
-0.637481	1.103093	-3.381345	16.766000
-0.637611	1.097126	-3.377441	16.866000
-0.637491	1.094067	-3.372752	16.966000
-0.637287	1.092935	-3.380235	17.067000
-0.637422	1.097300	-3.368912	17.166000
-0.637314	1.096810	-3.366671	17.266000
-0.637316	1.094119	-3.374158	17.368000
-0.637319	1.090059	-3.379187	17.466000
-0.637263	1.088218	-3.386910	17.566000
-0.637612	1.089614	-3.396316	17.666000
-0.637256	1.095822	-3.401794	17.767000
-0.637444	1.097686	-3.397414	17.866000
-0.637535	1.100144	-3.394281	17.966000
-0.637419	1.096429	-3.384354	18.066000
-0.636039	1.095519	-3.366285	18.166000
-0.631876	1.099325	-3.359634	18.266000
-0.627329	1.099332	-3.370939	18.366000
-0.622180	1.099474	-3.377589	18.467000
-0.617451	1.096018	-3.380900	18.566000
-0.612346	1.093061	-3.376650	18.666000
-0.606882	1.094699	-3.391992	18.766000
-0.601733	1.090590	-3.400056	18.866000
-0.595948	1.086070	-3.400903	18.967000
-0.590662	1.087238	-3.408641	19.066000
-0.584989	1.088256	-3.405348	19.166000
-0.578924	1.087742	-3.401641	19.267000
-0.573216	1.086478	-3.396995	19.367000
-0.567591	1.093406	-3.395199	19.466000
-0.561761	1.093931	-3.394978	19.566000
-0.555621	1.089492	-3.401254	19.666000
-0.549610	1.085918	-3.407557	19.766000
-0.543851	1.080386	-3.399367	19.867000
-0.537633	1.079344	-3.400867	19.966000
-0.531879	1.082688	-3.403476	20.066000
-0.525299	1.082625	-3.387671	20.166000
-0.519539	1.080603	-3.373570	20.266000
-0.513420	1.080657	-3.382199	20.366000
-0.507052	1.079174	-3.401691	20.466000
-0.500921	1.079116	-3.428211	20.567000
-0.494561	1.081257	-3.432990	20.666000
-0.488295	1.081177	-3.419370	20.767000
-0.481583	1.076320	-3.409089	20.866000
-0.475467	1.074550	-3.408942	20.966000
-0.468750	1.073295	-3.408678	21.066000
-0.462575	1.075794	-3.418697	21.166000
-0.456273	1.074412	-3.450924	21.266000
-0.450006	1.108867	-3.735516	21.367000
-0.443774	0.997079	-3.922098	21.466000
-0.437127	0.778415	-3.839668	21.566000
-0.430345	0.601586	-3.578824	21.666000
-0.423771	0.497256	-3.269674	21.766000
-0.417382	0.441166	-3.021184	21.866000
-0.410811	0.405779	-2.848553	21.967000
-0.404369	0.385934	-2.752682	22.066000
-0.398238	0.378492	-2.717935	22.166000
-0.391673	0.374219	-2.690726	22.266000
-0.385027	0.373991	-2.679880	22.366000
-0.378552	0.376249	-2.655325	22.466000
-0.371764	0.378507	-2.652743	22.566000
-0.365028	0.379055	-2.642554	22.666000
-0.358183	0.376938	-2.615622	22.767000
-0.351857	0.374181	-2.608036	22.866000
-0.345430	0.368486	-2.610350	22.967000
-0.338830	0.367686	-2.606689	23.066000
-0.332468	0.370656	-2.608987	23.166000
-0.325730	0.373137	-2.618059	23.266000
-0.319073	0.373822	-2.616031	23.367000
-0.312078	0.371685	-2.601077	23.466000
-0.305428	0.369114	-2.585414	23.566000
-0.298889	0.372507	-2.586464	23.666000
-0.292104	0.374826	-2.616813	23.766000
-0.285532	0.374557	-2.642281	23.866000
-0.278809	0.369398	-2.613604	23.967000
-0.272045	0.366378	-2.601841	24.066000
-0.265646	0.367843	-2.611473	24.166000
-0.258592	0.367905	-2.647034	24.266000
-0.252014	0.362413	-2.621358	24.366000
-0.244831	0.364026	-2.608380	24.466000
-0.238504	0.363913	-2.615466	24.566000
-0.231733	0.364222	-2.646814	24.666000
-0.224998	0.366035	-2.651053	24.767000
-0.218338	0.370105	-2.641837	24.866000
-0.211474	0.370645	-2.630379	24.966000
-0.204655	0.369325	-2.604658	25.066000
-0.197554	0.368697	-2.572657	25.166000
-0.191133	0.367389	-2.599882	25.267000
-0.183971	0.370994	-2.646477	25.366000
-0.177423	0.375355	-2.656852	25.466000
-0.170196	0.375328	-2.612461	25.571000
-0.163288	0.371585	-2.602772	25.666000
-0.157022	0.370696	-2.636464	25.766000
-0.149811	0.371324	-2.647496	25.866000
-0.143260	0.372604	-2.643571	25.966000
-0.136474	0.373818	-2.624503	26.066000
-0.129715	0.372178	-2.628708	26.166000
-0.123209	0.374298	-2.637661	26.266000
-0.116255	0.374163	-2.613534	26.366000
-0.109881	0.371813	-2.626066	26.466000
-0.102695	0.369951	-2.644693	26.566000
-0.095879	0.369169	-2.615999	26.666000
-0.088992	0.373964	-2.595626	26.766000
-0.082181	0.372016	-2.584997	26.866000
-0.075503	0.370575	-2.592520	26.966000
-0.068289	0.374885	-2.622321	27.067000
-0.061842	0.377064	-2.618215	27.166000
-0.055030	0.377051	-2.609024	27.267000
-0.048212	0.376579	-2.585189	27.366000
-0.041263	0.373298	-2.584969	27.466000
-0.034374	0.370888	-2.582910	27.566000
-0.027485	0.370177	-2.613217	27.666000
-0.020233	0.372708	-2.602042	27.766000
-0.013331	0.376884	-2.587177	27.866000
-0.006197	0.379897	-2.607613	27.966000
0.000647	0.377667	-2.614274	28.066000
0.007409	0.375606	-2.590353	28.166000
0.014422	0.374660	-2.544871	28.266000
0.021213	0.369601	-2.514144	28.366000
0.028155	0.367699	-2.523846	28.467000
0.035332	0.366036	-2.555819	28.566000
0.042507	0.369268	-2.576881	28.666000
0.049521	0.366056	-2.569582	28.766000
0.056386	0.362197	-2.546376	28.866000
0.063306	0.360574	-2.513667	28.966000
0.070434	0.357737	-2.520653	29.066000
0.077262	0.358663	-2.546859	29.166000
0.084128	0.361397	-2.577797	29.266000
0.091269	0.362067	-2.595117	29.366000
0.098562	0.364399	-2.607315	29.466000
0.105475	0.369355	-2.627918	29.566000
0.112615	0.374573	-2.643779	29.666000
0.119683	0.375553	-2.648263	29.766000
0.126734	0.375634	-2.657802	29.866000
0.133613	0.373941	-2.688062	29.966000
0.140850	0.367891	-2.674511	30.066000
0.147659	0.364629	-2.638985	30.167000
0.154786	0.361967	-2.611739	30.266000
0.161802	0.364428	-2.586477	30.366000
0.168799	0.365987	-2.563126	30.466000
0.175682	0.370535	-2.569604	30.566000
0.182996	0.373549	-2.589446	30.666000
0.189574	0.373371	-2.597522	30.766000
0.197071	0.366601	-2.619707	30.866000
0.203825	0.362658	-2.622849	30.966000
0.211013	0.364866	-2.607869	31.066000
0.218455	0.364731	-2.630232	31.166000
0.225442	0.366153	-2.625542	31.266000
0.232921	0.369337	-2.638983	31.366000
0.239672	0.369636	-2.605361	31.466000
0.246981	0.368042	-2.579650	31.567000
0.253777	0.364888	-2.561761	31.667000
0.260797	0.366718	-2.592851	31.766000
0.267811	0.369355	-2.621660	31.866000
0.275018	0.369739	-2.639166	31.966000
0.282477	0.368430	-2.603317	32.066000
0.289722	0.367574	-2.589975	32.166000
0.296579	0.366751	-2.594706	32.266000
0.303898	0.369004	-2.585319	32.366000
0.310669	0.370869	-2.578271	32.466000
0.317928	0.371672	-2.576797	32.566000
0.324955	0.371586	-2.576174	32.666000
0.332330	0.373506	-2.604300	32.766000
0.339204	0.368602	-2.639696	32.867000
0.346245	0.366490	-2.667769	32.967000
0.353642	0.367329	-2.667725	33.066000
0.360440	0.369356	-2.640664	33.166000
0.367801	0.367247	-2.605617	33.266000
0.374626	0.368127	-2.605346	33.366000
0.381793	0.373373	-2.605888	33.467000
0.388611	0.374039	-2.592753	33.566000
0.396097	0.372197	-2.594622	33.666000
0.403079	0.369931	-2.593187	33.766000
0.410094	0.371353	-2.626944	33.866000
0.417393	0.372252	-2.664559	33.966000
0.424447	0.367995	-2.662537	34.066000
0.431803	0.367676	-2.663106	34.166000
0.439052	0.370955	-2.653195	34.266000
0.446220	0.373699	-2.625536	34.366000
0.453373	0.381403	-2.649414	34.466000
0.460515	0.388330	-2.739445	34.567000
0.467942	0.398220	-2.948239	34.666000
0.474989	0.419017	-3.434855	34.766000
0.481987	0.478081	-4.445635	34.866000
0.489236	0.969069	-5.192703	34.966000
0.496079	1.577089	-5.242573	35.066000
0.503492	1.577587	-5.153121	35.166000
0.510694	1.316615	-4.826060	35.267000
0.518076	1.138211	-4.317381	35.366000
0.525522	1.084910	-3.889878	35.466000
0.532618	1.076657	-3.642851	35.567000
0.540446	1.075806	-3.496691	35.666000
0.547455	1.078818	-3.434982	35.767000
0.554986	1.082708	-3.423174	35.866000
0.561954	1.083372	-3.420098	35.967000
0.569189	1.078385	-3.410271	36.066000
0.576471	1.075288	-3.396848	36.166000
0.583968	1.076509	-3.392687	36.266000
0.591653	1.079855	-3.401532	36.366000
0.598856	1.081845	-3.416259	36.466000
0.605964	1.085377	-3.423228	36.566000
0.613292	1.089075	-3.438887	36.666000
0.620484	1.090617	-3.446193	36.766000
0.627868	1.091577	-3.428789	36.866000
0.634904	1.092902	-3.401810	36.966000
0.642353	1.086455	-3.385416	37.066000
0.649895	1.083456	-3.386400	37.166000
0.657362	1.084140	-3.413250	37.267000
0.664758	1.090535	-3.427802	37.366000
0.671990	1.098061	-3.435338	37.466000
0.679194	1.103749	-3.429185	37.566000
0.686361	1.103662	-3.420341	37.666000
0.693643	1.098060	-3.419037	37.767000
0.701028	1.100321	-3.405677	37.866000
0.708434	1.103386	-3.392623	37.966000
0.716081	1.104799	-3.372044	38.066000
0.722845	1.106848	-3.363495	38.166000
0.730363	1.107475	-3.363663	38.266000
0.737743	1.111833	-3.373247	38.367000
0.744942	1.114603	-3.366984	38.466000
0.752266	1.112041	-3.357849	38.566000
0.759754	1.106953	-3.358674	38.666000
0.767210	1.104635	-3.372739	38.766000
0.774214	1.108275	-3.382219	38.867000
0.781477	1.114423	-3.384756	38.966000
0.788793	1.118216	-3.385297	39.067000
0.796199	1.117459	-3.381759	39.166000
0.803427	1.116415	-3.385991	39.266000
0.810671	1.120640	-3.406559	39.366000
0.817944	1.119425	-3.406540	39.466000
0.825190	1.116663	-3.391112	39.566000
0.833066	1.114735	-3.388809	39.666000
0.840435	1.113418	-3.376622	39.766000
0.847685	1.116160	-3.363369	39.866000
0.855401	1.119892	-3.367977	39.966000
0.862479	1.121563	-3.375302	40.066000
0.869948	1.121094	-3.381306	40.166000
0.877335	1.123047	-3.390545	40.267000
0.884478	1.126007	-3.398010	40.367000
0.891917	1.130851	-3.391457	40.466000
0.899465	1.131059	-3.378369	40.566000
0.906651	1.130366	-3.365286	40.667000
0.913982	1.129579	-3.362283	40.766000
0.921874	1.129401	-3.348999	40.866000
0.928855	1.129544	-3.348961	40.966000
0.936254	1.129208	-3.347964	41.066000
0.943360	1.129275	-3.348025	41.166000
0.950731	1.122073	-3.347669	41.266000
0.958127	1.122524	-3.353515	41.366000
0.966022	1.124216	-3.362018	41.466000
0.973500	1.123518	-3.352883	41.566000
0.980946	1.124330	-3.337138	41.667000
0.988161	1.129385	-3.325505	41.766000
0.995710	1.135897	-3.329947	41.866000
1.002838	1.139341	-3.336861	41.967000
1.010384	1.144485	-3.348367	42.066000
1.017645	1.146691	-3.353975	42.166000
1.025349	1.146833	-3.348515	42.266000
1.032688	1.143583	-3.341742	42.366000
1.040059	1.142854	-3.338335	42.467000
1.047943	1.142569	-3.342055	42.566000
1.054900	1.143920	-3.352340	42.666000
1.062446	1.140634	-3.360025	42.766000
1.069957	1.143345	-3.339652	42.866000
1.077264	1.152384	-3.321198	42.967000
1.084707	1.156422	-3.322906	43.066000
1.092319	1.154919	-3.327567	43.166000
1.099653	1.152698	-3.329680	43.266000
1.107207	1.152915	-3.331416	43.366000
1.114584	1.153498	-3.334232	43.466000
1.121831	1.156538	-3.322221	43.566000
1.129406	1.159708	-3.328032	43.666000
1.137022	1.160153	-3.351236	43.766000
1.144273	1.158463	-3.363491	43.867000
1.151897	1.161142	-3.361943	43.966000
1.159453	1.160126	-3.346917	44.066000
1.166830	1.162136	-3.336180	44.166000
1.174083	1.159962	-3.329537	44.266000
1.181779	1.158395	-3.316312	44.366000
1.189210	1.161453	-3.299290	44.466000
1.196505	1.165782	-3.309029	44.566000
1.204117	1.167683	-3.320746	44.666000
1.211473	1.167198	-3.307940	44.766000
1.218527	1.166551	-3.300139	44.866000
1.225892	1.164312	-3.313785	44.966000
1.233579	1.163502	-3.320417	45.066000
1.241618	1.163643	-3.319692	45.166000
1.247975	1.165379	-3.311963	45.266000
1.255860	1.169018	-3.309047	45.367000
1.263538	1.171359	-3.308139	45.466000
1.270294	1.170542	-3.309383	45.566000
1.278104	1.171154	-3.304775	45.666000
1.285740	1.172438	-3.296241	45.766000
1.293462	1.172762	-3.292656	45.866000
1.300523	1.173580	-3.297087	45.966000
1.308473	1.177494	-3.301992	46.066000
1.315910	1.181303	-3.302870	46.167000
1.323011	1.181290	-3.300519	46.267000
1.330730	1.183204	-3.294749	46.366000
1.337850	1.183674	-3.289883	46.467000
1.345444	1.179869	-3.284352	46.566000
1.352747	1.177941	-3.286907	46.666000
1.360445	1.177174	-3.284775	46.766000
1.367726	1.181993	-3.280101	46.866000
1.375359	1.187082	-3.278167	46.966000
1.382898	1.190043	-3.272024	47.066000
1.389981	1.187880	-3.267476	47.167000
1.396924	1.188086	-3.281491	47.267000
1.405209	1.193701	-3.284571	47.366000
1.412443	1.197010	-3.278771	47.467000
1.418666	1.193830	-3.278601	47.566000
1.427662	1.188571	-3.280113	47.666000
1.433854	1.188626	-3.286836	47.766000
1.442690	1.188911	-3.295010	47.866000
1.450044	1.183207	-3.307319	47.966000
1.457339	1.186354	-3.298070	48.066000
1.463445	1.194863	-3.281538	48.166000
1.472213	1.198378	-3.272641	48.266000
1.479485	1.199223	-3.268115	48.366000
1.487072	1.196994	-3.277131	48.467000
1.494161	1.199044	-3.278276	48.566000
1.501979	1.201128	-3.279563	48.666000
1.509607	1.198850	-3.267541	48.766000
1.516935	1.198131	-3.254404	48.866000
1.524188	1.195987	-3.258303	48.966000
1.531869	1.196584	-3.257487	49.066000
1.539564	1.199470	-3.255972	49.166000
1.547154	1.203303	-3.254149	49.266000
1.554724	1.203089	-3.253116	49.366000
1.562008	1.201381	-3.254759	49.466000
1.569637	1.200657	-3.249363	49.567000
1.577247	1.202205	-3.234835	49.666000
1.584345	1.207500	-3.238311	49.766000
1.592185	1.209367	-3.251028	49.867000
1.599831	1.210843	-3.248448	49.966000
1.607148	1.215093	-3.234758	50.066000
1.615265	1.216645	-3.224605	50.166000
1.621957	1.212509	-3.219056	50.266000
1.629701	1.211737	-3.225485	50.366000
1.637148	1.206996	-3.233704	50.466000
1.644707	1.205786	-3.237195	50.566000
1.652337	1.210222	-3.229087	50.667000
1.660306	1.213547	-3.220935	50.766000
1.667280	1.212009	-3.226375	50.866000
1.675626	1.214098	-3.235586	50.966000
1.683205	1.215091	-3.240566	51.066000
1.690782	1.213284	-3.247430	51.166000
1.697819	1.215743	-3.239053	51.266000
1.705168	1.222195	-3.234225	51.366000
1.712834	1.222772	-3.238093	51.466000
1.720152	1.222026	-3.238021	51.567000
1.728174	1.218645	-3.228590	51.667000
1.735984	1.215258	-3.215776	51.766000
1.743205	1.216876	-3.210375	51.866000
1.751126	1.216802	-3.212815	51.966000
1.758407	1.214988	-3.213541	52.067000
1.765993	1.219276	-3.212427	52.166000
1.773441	1.223616	-3.221306	52.266000
1.781091	1.223459	-3.220242	52.366000
1.788461	1.221775	-3.214755	52.467000
1.795985	1.223833	-3.215309	52.566000
1.804423	1.227341	-3.216772	52.666000
1.810613	1.228327	-3.206106	52.766000
1.818537	1.229346	-3.198736	52.867000
1.827267	1.229983	-3.202722	52.966000
1.834945	1.231771	-3.190946	53.066000
1.841454	1.232307	-3.175496	53.166000
1.848432	1.236890	-3.180813	53.266000
1.855938	1.237221	-3.188712	53.366000
1.863227	1.237940	-3.192454	53.466000
1.870793	1.234455	-3.199703	53.566000
1.879180	1.232418	-3.217940	53.666000
1.887749	1.231711	-3.215895	53.766000
1.892880	1.232158	-3.218938	53.866000
1.902432	1.228987	-3.212574	53.966000
1.909775	1.231592	-3.202073	54.066000
1.916279	1.233991	-3.198729	54.166000
1.924147	1.231869	-3.197651	54.267000
1.931522	1.231000	-3.197151	54.366000
1.939540	1.230536	-3.199229	54.466000
1.946608	1.236599	-3.186564	54.566000
1.954001	1.239743	-3.189591	54.666000
1.961707	1.241544	-3.197463	54.766000
1.969035	1.239589	-3.190933	54.866000
1.976110	1.238858	-3.190396	54.966000
1.984445	1.237387	-3.188312	55.066000
1.991618	1.240007	-3.172753	55.166000
1.999216	1.241762	-3.167863	55.267000
2.007086	1.240576	-3.177366	55.366000
2.014537	1.241304	-3.174683	55.466000
2.022133	1.243337	-3.159042	55.566000
2.029729	1.245536	-3.156620	55.667000
2.036753	1.246612	-3.160762	55.766000
2.044545	1.246998	-3.163038	55.866000
2.052394	1.244449	-3.153484	55.966000
2.059839	1.244971	-3.162013	56.066000
2.067529	1.243018	-3.180464	56.167000
2.075156	1.244827	-3.177660	56.266000
2.082485	1.249371	-3.168409	56.366000
2.089812	1.255863	-3.160657	56.466000
2.097842	1.256694	-3.164291	56.566000
2.104815	1.254098	-3.157398	56.666000
2.111857	1.253496	-3.144732	56.766000
2.120283	1.251643	-3.141677	56.867000
2.128429	1.250131	-3.130600	56.966000
2.135811	1.248466	-3.134207	57.067000
2.141056	1.253857	-3.144657	57.167000
2.148507	1.257150	-3.149531	57.266000
2.156278	1.258698	-3.138862	57.366000
2.166274	1.259774	-3.140642	57.466000
2.173651	1.257669	-3.148602	57.566000
2.179507	1.259414	-3.156348	57.666000
2.186999	1.262304	-3.154205	57.766000
2.194263	1.264489	-3.144211	57.866000
2.202555	1.263834	-3.142504	57.966000
2.210729	1.259764	-3.140154	58.066000
2.217202	1.257680	-3.141204	58.167000
2.224300	1.253592	-3.146582	58.267000
2.233803	1.253475	-3.138983	58.367000
2.242747	1.252819	-3.122777	58.466000
2.247916	1.256851	-3.111073	58.566000
2.256983	1.263049	-3.107709	58.666000
2.264212	1.263035	-3.109585	58.766000
2.271068	1.265343	-3.110425	58.866000
2.279095	1.263949	-3.121265	58.966000
2.287180	1.261586	-3.131193	59.066000
2.293931	1.264197	-3.131481	59.166000
2.300994	1.268066	-3.133395	59.266000
2.308440	1.269847	-3.124585	59.366000
2.316639	1.267677	-3.117412	59.466000
2.324339	1.269189	-3.121263	59.566000
2.332048	1.269635	-3.124215	59.666000
2.340037	1.270737	-3.125240	59.766000
2.346519	1.267680	-3.116780	59.866000
2.354705	1.266655	-3.114542	59.966000
2.361410	1.265206	-3.119381	60.067000
2.369439	1.266885	-3.107405	60.166000
2.377134	1.268355	-3.094741	60.266000
2.385171	1.264549	-3.092900	60.367000
2.391749	1.264732	-3.094645	60.466000
2.395896	1.268313	-3.094186	60.566000
2.408350	1.271649	-3.096967	60.667000
2.416453	1.273537	-3.102243	60.766000
2.418182	1.269924	-3.098473	60.866000
2.430444	1.267861	-3.099717	60.966000
2.437729	1.265358	-3.112432	61.066000
2.441684	1.265998	-3.113030	61.166000
2.455163	1.268119	-3.108010	61.266000
2.460535	1.271682	-3.107106	61.366000
2.469551	1.273518	-3.103421	61.467000
2.477262	1.269731	-3.106938	61.567000
2.484257	1.271746	-3.109544	61.667000
2.489231	1.273966	-3.103775	61.766000
2.495991	1.273793	-3.100463	61.866000
2.501529	1.274577	-3.099714	61.967000
2.508585	1.277675	-3.087916	62.066000
2.516738	1.279320	-3.079126	62.166000
2.528338	1.279827	-3.086156	62.266000
2.538451	1.277822	-3.086457	62.366000
2.545612	1.274982	-3.079044	62.467000
2.552900	1.273716	-3.078737	62.566000
2.557750	1.273943	-3.076155	62.666000
2.563783	1.277466	-3.070481	62.766000
2.570314	1.278102	-3.073903	62.866000
2.579887	1.276295	-3.073334	62.966000
2.589854	1.272258	-3.064305	63.066000
2.598325	1.273490	-3.062570	63.166000
2.603780	1.273845	-3.054901	63.266000
2.607602	1.275760	-3.047890	63.366000
2.614496	1.273643	-3.051058	63.466000
2.626449	1.275677	-3.050234	63.567000
2.634669	1.279584	-3.049384	63.666000
2.638606	1.278278	-3.062420	63.767000
2.645202	1.281322	-3.065684	63.866000
2.658358	1.285814	-3.064772	63.966000
2.660142	1.284809	-3.062104	64.066000
2.672874	1.282315	-3.047863	64.166000
2.675990	1.280469	-3.030721	64.266000
2.685794	1.278899	-3.024164	64.366000
2.693635	1.274338	-3.025869	64.466000
2.698497	1.277639	-3.036202	64.566000
2.708798	1.282824	-3.051558	64.666000
2.717564	1.280859	-3.057736	64.766000
2.720526	1.275593	-3.055713	64.866000
2.732969	1.275979	-3.047411	64.966000
2.736000	1.282279	-3.037511	65.066000
2.747531	1.286562	-3.037816	65.167000
2.751783	1.285165	-3.033270	65.267000
2.759823	1.285818	-3.029924	65.367000
2.769479	1.290732	-3.026902	65.466000
2.776193	1.293678	-3.026702	65.566000
2.782620	1.293994	-3.025995	65.667000
2.789615	1.291686	-3.023810	65.766000
2.798481	1.290049	-3.026105	65.866000
2.807028	1.291183	-3.035421	65.966000
2.813177	1.293275	-3.029763	66.066000
2.818910	1.290778	-3.026893	66.167000
2.828968	1.283446	-3.013664	66.267000
2.836348	1.282591	-3.012366	66.367000
2.842457	1.283453	-3.012957	66.466000
2.852969	1.282949	-3.015167	66.566000
2.856632	1.287700	-3.019390	66.666000
2.868366	1.293633	-3.011994	66.766000
2.871427	1.300976	-3.004456	66.866000
2.883056	1.304357	-3.001193	66.966000
2.886414	1.303730	-3.001426	67.066000
2.896959	1.302457	-2.999134	67.166000
2.902138	1.302933	-3.000767	67.266000
2.910296	1.299486	-3.007915	67.367000
2.918730	1.296495	-3.010217	67.466000
2.923712	1.293191	-3.002988	67.566000
2.933101	1.292530	-3.003665	67.666000
2.941165	1.289748	-3.008769	67.766000
2.947701	1.290439	-2.994545	67.866000
2.953222	1.292668	-2.980222	67.966000
2.963299	1.293030	-2.981986	68.066000
2.965826	1.292075	-2.985377	68.166000
2.965105	1.291135	-2.991356	68.266000
2.963007	1.291705	-3.006766	68.366000
2.961294	1.291997	-3.015765	68.466000
2.958438	1.291318	-3.013428	68.566000
2.954609	1.292906	-3.014868	68.666000
2.950625	1.295014	-3.011609	68.766000
2.946350	1.296227	-3.004790	68.867000
2.942708	1.298776	-3.001085	68.966000
2.938176	1.297189	-2.993329	69.066000
2.933299	1.293305	-2.992622	69.166000
2.929305	1.298882	-2.989561	69.267000
2.923351	1.298966	-3.005220	69.366000
2.919743	1.295893	-3.011474	69.466000
2.914988	1.291744	-3.015709	69.567000
2.908458	1.293520	-3.014990	69.666000
2.903646	1.294239	-3.016814	69.766000
2.899051	1.296071	-3.026985	69.866000
2.892717	1.297271	-3.033858	69.967000
2.886699	1.294239	-3.027172	70.066000
2.881576	1.294916	-3.030102	70.166000
2.876120	1.295985	-3.035994	70.267000
2.869912	1.292932	-3.020456	70.366000
2.865146	1.289284	-3.020497	70.466000
2.859352	1.284059	-3.021645	70.566000
2.852667	1.288477	-3.022483	70.666000
2.847778	1.289958	-3.019374	70.766000
2.840782	1.289408	-3.008846	70.866000
2.835659	1.286112	-3.001929	70.966000
2.829137	1.287473	-2.997774	71.066000
2.823352	1.288842	-2.985910	71.167000
2.817550	1.291683	-2.984794	71.266000
2.811324	1.292864	-2.993172	71.366000
2.805540	1.288769	-3.008189	71.467000
2.798945	1.288794	-3.019547	71.566000
2.793367	1.290293	-3.022554	71.667000
2.786383	1.289569	-3.026172	71.766000
2.780672	1.292419	-3.029380	71.866000
2.774839	1.293733	-3.026270	71.966000
2.768269	1.292214	-3.017363	72.066000
2.761616	1.287266	-3.017038	72.166000
2.755561	1.282810	-3.022638	72.266000
2.750089	1.280809	-3.026779	72.366000
2.744095	1.280360	-3.037260	72.466000
2.737483	1.283131	-3.048125	72.566000
2.728086	1.285848	-3.055071	72.667000
2.724997	1.285276	-3.054513	72.766000
2.717955	1.287499	-3.050143	72.866000
2.711250	1.288535	-3.046034	72.967000
2.703317	1.289660	-3.036752	73.066000
2.702001	1.289600	-3.018288	73.167000
2.691979	1.285089	-3.012423	73.266000
2.682518	1.282745	-3.021602	73.367000
2.676337	1.286935	-3.046044	73.466000
2.669973	1.286917	-3.059570	73.566000
2.663052	1.286528	-3.055886	73.666000
2.659485	1.285969	-3.056767	73.767000
2.656723	1.285592	-3.055815	73.866000
2.648480	1.288381	-3.038985	73.966000
2.638295	1.290349	-3.036050	74.066000
2.634656	1.288830	-3.046753	74.166000
2.626406	1.285170	-3.057994	74.266000
2.622123	1.282510	-3.062638	74.366000
2.614303	1.278688	-3.071466	74.466000
2.607634	1.276871	-3.068532	74.566000
2.600859	1.277930	-3.079921	74.666000
2.593995	1.278433	-3.088640	74.767000
2.588154	1.276316	-3.078645	74.866000
2.581470	1.268271	-3.059835	74.966000
2.575068	1.262840	-3.065486	75.066000
2.568444	1.262089	-3.075377	75.166000
2.561816	1.268203	-3.078438	75.266000
2.554882	1.274338	-3.071621	75.366000
2.548824	1.274095	-3.064721	75.466000
2.541540	1.274197	-3.063443	75.566000
2.535245	1.273319	-3.066139	75.667000
2.528839	1.268084	-3.073192	75.766000
2.522718	1.267649	-3.087843	75.866000
2.513775	1.271762	-3.102516	75.966000
2.510938	1.275183	-3.115195	76.066000
2.500020	1.278073	-3.110643	76.166000
2.496487	1.279533	-3.101953	76.266000
2.491414	1.278446	-3.091509	76.366000
2.484502	1.276249	-3.082800	76.466000
2.477551	1.272719	-3.077566	76.566000
2.470640	1.270133	-3.085121	76.666000
2.461163	1.270997	-3.100983	76.766000
2.456106	1.269643	-3.119823	76.866000
2.448940	1.273035	-3.113929	76.966000
2.442192	1.277443	-3.097444	77.066000
2.435196	1.276842	-3.104158	77.166000
2.428777	1.274234	-3.104585	77.266000
2.421935	1.268803	-3.097497	77.366000
2.414843	1.265921	-3.100663	77.466000
2.408328	1.265388	-3.102685	77.566000
2.401206	1.265327	-3.094548	77.667000
2.394640	1.267691	-3.096308	77.766000
2.387672	1.273540	-3.106600	77.866000
2.380555	1.273832	-3.108300	77.966000
2.374347	1.273939	-3.101284	78.066000
2.367543	1.275232	-3.097502	78.166000
2.360305	1.272462	-3.097820	78.267000
2.353733	1.271607	-3.099681	78.366000
2.347151	1.274470	-3.101146	78.467000
2.339637	1.275535	-3.107259	78.566000
2.333202	1.274048	-3.117966	78.666000
2.325861	1.274155	-3.128775	78.766000
2.319842	1.273309	-3.123466	78.866000
2.311111	1.269971	-3.099884	78.966000
2.304900	1.267261	-3.069855	79.066000
2.298863	1.265275	-3.068600	79.167000
2.292885	1.260967	-3.083744	79.266000
2.285506	1.257117	-3.079684	79.366000
2.278048	1.262906	-3.083146	79.466000
2.269864	1.265536	-3.109404	79.566000
2.262845	1.265455	-3.138110	79.666000
2.258419	1.267204	-3.160467	79.766000
2.251102	1.271194	-3.165456	79.866000
2.242992	1.265736	-3.158267	79.966000
2.235932	1.263253	-3.148847	80.066000
2.229133	1.262712	-3.151873	80.166000
2.222089	1.261466	-3.138544	80.266000
2.215218	1.264934	-3.116452	80.367000
2.209250	1.266664	-3.103848	80.466000
2.201151	1.268329	-3.097566	80.566000
2.194860	1.266417	-3.106803	80.667000
2.187308	1.264577	-3.124282	80.766000
2.181191	1.266235	-3.127844	80.866000
2.173795	1.262579	-3.122965	80.966000
2.166628	1.260021	-3.119887	81.066000
2.159645	1.259571	-3.130014	81.166000
2.152416	1.258986	-3.142368	81.266000
2.145779	1.260666	-3.139976	81.366000
2.138359	1.260723	-3.127652	81.466000
2.131867	1.255326	-3.116901	81.566000
2.124622	1.250721	-3.119678	81.666000
2.117194	1.255717	-3.132650	81.766000
2.111250	1.263683	-3.149453	81.866000
2.103646	1.266572	-3.160192	81.966000
2.096857	1.263589	-3.167059	82.066000
2.089836	1.258232	-3.163470	82.166000
2.082969	1.254547	-3.148883	82.266000
2.076809	1.253791	-3.143768	82.366000
2.069451	1.251527	-3.153614	82.466000
2.062569	1.249919	-3.173861	82.566000
2.054847	1.249419	-3.186885	82.666000
2.047868	1.247724	-3.188791	82.766000
2.041160	1.248493	-3.165957	82.866000
2.033363	1.246007	-3.150494	82.966000
2.026969	1.247668	-3.159448	83.067000
2.020171	1.247125	-3.161564	83.166000
2.012972	1.244723	-3.147509	83.266000
2.006184	1.246551	-3.135822	83.366000
1.999187	1.246262	-3.137539	83.466000
1.992274	1.242043	-3.137261	83.566000
1.984673	1.237092	-3.138625	83.666000
1.977691	1.236459	-3.147865	83.766000
1.970508	1.237770	-3.155320	83.866000
1.963521	1.238019	-3.165437	83.966000
1.956227	1.238813	-3.176344	84.066000
1.949484	1.240026	-3.185250	84.166000
1.942273	1.240484	-3.189225	84.266000
1.935449	1.242192	-3.183014	84.366000
1.928128	1.243331	-3.185198	84.466000
1.920741	1.241364	-3.197693	84.567000
1.913190	1.237645	-3.196615	84.667000
1.906025	1.237726	-3.186147	84.766000
1.899601	1.233055	-3.187939	84.866000
1.891326	1.227645	-3.192006	84.966000
1.885059	1.228180	-3.183813	85.066000
1.878451	1.235435	-3.186630	85.166000
1.870321	1.239687	-3.184090	85.266000
1.862549	1.238413	-3.169130	85.366000
1.855736	1.232945	-3.158126	85.467000
1.849791	1.232011	-3.156136	85.566000
1.841005	1.231530	-3.155938	85.667000
1.835291	1.230903	-3.162970	85.766000
1.826940	1.232419	-3.172450	85.866000
1.820672	1.236379	-3.182066	85.966000
1.813324	1.235360	-3.187041	86.066000
1.806342	1.235199	-3.180857	86.166000
1.798619	1.234126	-3.179689	86.267000
1.791473	1.228773	-3.200347	86.366000
1.784152	1.222545	-3.210917	86.466000
1.777081	1.222876	-3.208084	86.566000
1.769736	1.221755	-3.210477	86.666000
1.762563	1.223444	-3.215772	86.766000
1.755537	1.231828	-3.221053	86.866000
1.748154	1.236532	-3.212618	86.966000
1.741304	1.237845	-3.202561	87.067000
1.733483	1.237795	-3.205631	87.166000
1.726556	1.230976	-3.223296	87.266000
1.719570	1.225199	-3.244710	87.366000
1.711607	1.228510	-3.237733	87.466000
1.705407	1.225718	-3.217695	87.566000
1.697681	1.221808	-3.203926	87.666000
1.689850	1.215390	-3.193386	87.766000
1.683669	1.212444	-3.197349	87.866000
1.676041	1.214273	-3.206469	87.966000
1.668387	1.217814	-3.213165	88.066000
1.661206	1.219457	-3.225011	88.166000
1.654463	1.222135	-3.231827	88.266000
1.646161	1.219303	-3.229121	88.366000
1.638824	1.216950	-3.234293	88.466000
1.632079	1.214520	-3.237244	88.566000
1.624405	1.208622	-3.234806	88.667000
1.617262	1.202369	-3.231040	88.766000
1.611043	1.205090	-3.233265	88.866000
1.603574	1.214793	-3.242879	88.967000
1.597168	1.218081	-3.260303	89.066000
1.588580	1.217401	-3.266144	89.167000
1.582476	1.213307	-3.258554	89.267000
1.574711	1.211623	-3.260530	89.366000
1.567915	1.205074	-3.258216	89.466000
1.560752	1.200467	-3.254198	89.567000
1.553446	1.200386	-3.262264	89.667000
1.546018	1.204058	-3.268040	89.766000
1.538987	1.208914	-3.273311	89.867000
1.531736	1.208996	-3.281884	89.966000
1.524330	1.208640	-3.282693	90.066000
1.517261	1.201402	-3.278020	90.166000
1.509963	1.195142	-3.286706	90.266000
1.502718	1.192087	-3.301603	90.366000
1.495372	1.190540	-3.318957	90.466000
1.487592	1.189627	-3.300601	90.566000
1.480609	1.192653	-3.275835	90.666000
1.473304	1.192666	-3.265307	90.766000
1.465697	1.192635	-3.265861	90.866000
1.458508	1.192878	-3.265128	90.966000
1.451115	1.191936	-3.257266	91.066000
1.444150	1.193925	-3.258183	91.167000
1.436578	1.196746	-3.263496	91.266000
1.429375	1.198488	-3.272600	91.366000
1.422107	1.198743	-3.282904	91.466000
1.414873	1.195534	-3.280385	91.566000
1.407610	1.193804	-3.288252	91.666000
1.400517	1.194207	-3.295678	91.767000
1.393143	1.196270	-3.294346	91.867000
1.386054	1.197129	-3.267340	91.967000
1.378592	1.198402	-3.259258	92.066000
1.371348	1.198812	-3.268949	92.166000
1.363564	1.195503	-3.279116	92.267000
1.356291	1.190225	-3.281128	92.366000
1.348739	1.182202	-3.281544	92.466000
1.341600	1.179917	-3.297372	92.567000
1.334271	1.182201	-3.308624	92.667000
1.326716	1.182030	-3.301467	92.766000
1.319393	1.182405	-3.292684	92.866000
1.312360	1.181211	-3.276203	92.966000
1.304915	1.177088	-3.270164	93.067000
1.297409	1.177035	-3.271469	93.166000
1.290146	1.174957	-3.282163	93.266000
1.282907	1.170821	-3.286986	93.366000
1.275242	1.170723	-3.279925	93.466000
1.268532	1.173613	-3.294214	93.566000
1.260855	1.175511	-3.303373	93.666000
1.253258	1.172291	-3.306759	93.766000
1.246049	1.174325	-3.315587	93.866000
1.238540	1.176849	-3.314206	93.967000
1.230887	1.177322	-3.298423	94.067000
1.223292	1.180019	-3.285797	94.166000
1.216354	1.177284	-3.283907	94.266000
1.208862	1.173466	-3.289508	94.366000
1.201343	1.170828	-3.289008	94.466000
1.194249	1.171957	-3.301909	94.566000
1.186556	1.170057	-3.313491	94.666000
1.179297	1.166651	-3.317493	94.766000
1.171566	1.164682	-3.316734	94.866000
1.163837	1.163059	-3.303118	94.966000
1.156270	1.161929	-3.300137	95.067000
1.148667	1.163478	-3.292126	95.167000
1.141703	1.160475	-3.297614	95.266000
1.134010	1.161783	-3.297370	95.366000
1.126990	1.163242	-3.300975	95.466000
1.119480	1.157948	-3.325299	95.566000
1.112141	1.153703	-3.335252	95.666000
1.104831	1.147660	-3.327182	95.766000
1.096903	1.146127	-3.333592	95.866000
1.089357	1.144357	-3.339387	95.966000
1.081856	1.146092	-3.339488	96.067000
1.074752	1.148921	-3.342836	96.166000
1.067264	1.151063	-3.339403	96.266000
1.059784	1.152073	-3.333369	96.366000
1.052471	1.152220	-3.335095	96.466000
1.044556	1.147329	-3.340624	96.567000
1.037273	1.143206	-3.333642	96.667000
1.029882	1.142036	-3.316110	96.766000
1.022219	1.143696	-3.315435	96.866000
1.014832	1.141958	-3.326603	96.966000
1.007197	1.142096	-3.327123	97.066000
1.000021	1.141953	-3.314636	97.166000
0.992432	1.141698	-3.316356	97.266000
0.984949	1.137880	-3.334278	97.366000
0.977605	1.136224	-3.352988	97.466000
0.969887	1.139352	-3.359524	97.566000
0.962771	1.140708	-3.349758	97.666000
0.955208	1.141290	-3.347992	97.766000
0.947810	1.138434	-3.348102	97.866000
0.940309	1.138253	-3.358652	97.966000
0.932818	1.139038	-3.374489	98.066000
0.925526	1.140976	-3.382758	98.166000
0.917948	1.141848	-3.374644	98.266000
0.910391	1.139588	-3.370429	98.366000
0.902748	1.139730	-3.361416	98.466000
0.895107	1.136813	-3.353347	98.567000
0.887687	1.134300	-3.355978	98.666000
0.880508	1.131684	-3.350620	98.766000
0.872849	1.127572	-3.351926	98.866000
0.865360	1.122906	-3.361940	98.966000
0.857947	1.120604	-3.368255	99.066000
0.849835	1.121504	-3.360191	99.166000
0.842459	1.123385	-3.355884	99.266000
0.834825	1.118873	-3.369535	99.366000
0.827260	1.117333	-3.388508	99.466000
0.820112	1.118832	-3.385730	99.566000
0.812520	1.115007	-3.372808	99.666000
0.805231	1.109743	-3.356174	99.766000
0.797495	1.105656	-3.356499	99.866000
0.789704	1.102373	-3.374707	99.966000
0.782072	1.106585	-3.388534	100.066000
0.774503	1.110846	-3.385162	100.166000
0.766937	1.111782	-3.372478	100.266000
0.759418	1.113890	-3.373584	100.366000
0.752100	1.115788	-3.384507	100.466000
0.744813	1.114598	-3.384670	100.566000
0.736883	1.114785	-3.377592	100.667000
0.729584	1.112803	-3.373277	100.766000
0.721453	1.108452	-3.375716	100.866000
0.714144	1.102244	-3.385882	100.966000
0.706463	1.102031	-3.396796	101.066000
0.698984	1.099353	-3.414584	101.166000
0.691521	1.095323	-3.405140	101.266000
0.683967	1.097176	-3.387663	101.366000
0.676665	1.095452	-3.381307	101.466000
0.668914	1.090912	-3.381317	101.566000
0.661509	1.089159	-3.389349	101.666000
0.653649	1.087187	-3.404465	101.766000
0.646108	1.085868	-3.397857	101.867000
0.638509	1.082263	-3.381438	101.966000
0.631031	1.081248	-3.370918	102.066000
0.623507	1.087880	-3.366014	102.166000
0.615896	1.089971	-3.380271	102.266000
0.608254	1.087423	-3.396987	102.369000
0.600918	1.081755	-3.410241	102.466000
0.593530	1.081794	-3.413881	102.566000
0.586173	1.086429	-3.420041	102.666000
0.578562	1.088921	-3.399639	102.766000
0.571232	1.083559	-3.385513	102.866000
0.563712	1.079823	-3.395147	102.967000
0.556056	1.079172	-3.401810	103.066000
0.548793	1.075738	-3.393698	103.166000
0.540934	1.077669	-3.386988	103.266000
0.533570	1.079068	-3.391832	103.367000
0.526010	1.080369	-3.403259	103.467000
0.518689	1.080024	-3.428504	103.566000
0.510903	1.077281	-3.445272	103.667000
0.503292	1.077124	-3.462695	103.766000
0.496102	1.098941	-3.695857	103.866000
0.488445	0.995896	-3.919593	103.966000
0.480884	0.775563	-3.878094	104.066000
0.473435	0.604521	-3.626616	104.166000
0.465737	0.502054	-3.300532	104.266000
0.458037	0.443337	-3.032951	104.366000
0.450369	0.406360	-2.878046	104.466000
0.442999	0.384712	-2.770550	104.566000
0.435160	0.376571	-2.701791	104.667000
0.427792	0.371918	-2.652042	104.766000
0.420253	0.368017	-2.592198	104.867000
0.412439	0.369531	-2.600829	104.966000
0.405270	0.372979	-2.593577	105.066000
0.397139	0.369671	-2.579981	105.166000
0.389587	0.365952	-2.591950	105.266000
0.381953	0.371599	-2.590926	105.366000
0.374081	0.373983	-2.556806	105.467000
0.366553	0.375146	-2.547765	105.566000
0.358667	0.377243	-2.581542	105.667000
0.351461	0.379051	-2.620882	105.766000
0.343812	0.379113	-2.621327	105.866000
0.336201	0.374826	-2.617371	105.966000
0.328563	0.370309	-2.580815	106.066000
0.320952	0.371725	-2.570760	106.166000
0.313658	0.375165	-2.564300	106.266000
0.305689	0.375358	-2.587842	106.366000
0.298455	0.373677	-2.596711	106.467000
0.290734	0.368273	-2.588746	106.566000
0.283215	0.366757	-2.597437	106.666000
0.275848	0.372684	-2.604763	106.766000
0.267705	0.373749	-2.583341	106.866000
0.260113	0.372288	-2.578566	106.966000
0.252474	0.375586	-2.595555	107.066000
0.244761	0.378799	-2.583778	107.166000
0.237420	0.376734	-2.578367	107.266000
0.229801	0.374160	-2.604317	107.366000
0.222468	0.375387	-2.599928	107.466000
0.214539	0.378244	-2.587089	107.566000
0.207095	0.378240	-2.568124	107.667000
0.199145	0.380123	-2.589439	107.766000
0.191690	0.380861	-2.605582	107.866000
0.184244	0.373469	-2.571619	107.967000
0.176283	0.364539	-2.568654	108.066000
0.168483	0.365468	-2.549501	108.166000
0.161015	0.365228	-2.539973	108.266000
0.153762	0.362621	-2.545721	108.366000
0.145940	0.364510	-2.559334	108.466000
0.137745	0.365053	-2.580984	108.566000
0.130165	0.363821	-2.577504	108.666000
0.122360	0.364198	-2.580156	108.766000
0.115141	0.366599	-2.563544	108.867000
0.107606	0.371037	-2.541649	108.966000
0.099814	0.376637	-2.558001	109.066000
0.092199	0.379855	-2.598499	109.166000
0.084657	0.378061	-2.646573	109.267000
0.077285	0.373960	-2.689452	109.366000
0.069559	0.371268	-2.698706	109.466000
0.061845	0.370994	-2.688695	109.566000
0.054224	0.373650	-2.662259	109.666000
0.046676	0.371805	-2.628552	109.766000
0.039081	0.372826	-2.648145	109.866000
0.031442	0.376302	-2.655136	109.966000
0.024161	0.371714	-2.634504	110.066000
0.016169	0.367260	-2.613743	110.166000
0.008707	0.366630	-2.602628	110.266000
0.001167	0.367744	-2.576300	110.366000
-0.006454	0.370024	-2.555963	110.466000
-0.014031	0.367424	-2.547009	110.571000
-0.021927	0.366962	-2.543206	110.666000
-0.028990	0.369017	-2.554156	110.766000
-0.036717	0.372850	-2.513390	110.866000
-0.044117	0.373095	-2.483856	110.966000
-0.051764	0.371491	-2.497253	111.066000
-0.059940	0.370108	-2.560923	111.166000
-0.067678	0.371165	-2.562699	111.266000
-0.075184	0.373490	-2.561468	111.366000
-0.082933	0.374052	-2.584951	111.466000
-0.090116	0.367086	-2.629523	111.566000
-0.097960	0.366345	-2.658566	111.666000
-0.105358	0.368139	-2.675126	111.766000
-0.113024	0.367589	-2.666775	111.866000
-0.120527	0.371125	-2.633903	111.966000
-0.128678	0.368510	-2.630230	112.066000
-0.136590	0.366526	-2.606476	112.166000
-0.144097	0.366629	-2.596695	112.266000
-0.151611	0.366291	-2.628759	112.366000
-0.159199	0.365124	-2.627638	112.466000
-0.166762	0.366531	-2.622959	112.567000
-0.174468	0.366540	-2.621332	112.666000
-0.182158	0.366287	-2.593562	112.766000
-0.189913	0.366195	-2.552267	112.867000
-0.197945	0.366297	-2.557975	112.966000
-0.205450	0.368593	-2.608397	113.066000
-0.213139	0.371783	-2.625515	113.166000
-0.220708	0.370867	-2.573334	113.266000
-0.228646	0.368331	-2.531503	113.366000
-0.235856	0.366467	-2.520590	113.466000
-0.243998	0.366296	-2.500233	113.566000
-0.251441	0.366188	-2.500479	113.666000
-0.259728	0.369569	-2.534819	113.766000
-0.267280	0.373182	-2.543175	113.866000
-0.274877	0.374387	-2.536353	113.966000
-0.282557	0.371400	-2.536757	114.066000
-0.290087	0.367644	-2.566807	114.166000
-0.297731	0.365125	-2.571930	114.266000
-0.305327	0.366243	-2.548633	114.366000
-0.312951	0.368505	-2.541542	114.466000
-0.320698	0.370947	-2.534327	114.567000
-0.328432	0.370496	-2.557378	114.666000
-0.336443	0.368383	-2.555979	114.766000
-0.343854	0.370084	-2.571378	114.866000
-0.351749	0.373726	-2.616279	114.967000
-0.359054	0.374058	-2.594305	115.066000
-0.366773	0.373971	-2.592763	115.167000
-0.374522	0.373063	-2.573993	115.266000
-0.381854	0.372167	-2.511415	115.366000
-0.390011	0.367873	-2.460400	115.466000
-0.397661	0.364714	-2.468084	115.566000
-0.405117	0.365195	-2.480345	115.666000
-0.412867	0.366784	-2.517297	115.766000
-0.420463	0.366560	-2.543828	115.866000
-0.428313	0.367242	-2.572704	115.966000
-0.435458	0.378215	-2.693375	116.066000
-0.443165	0.394300	-2.922431	116.166000
-0.450649	0.413375	-3.392929	116.266000
-0.458657	0.473802	-4.373463	116.367000
-0.466282	0.975128	-5.148845	116.466000
-0.473767	1.549926	-5.229374	116.566000
-0.481561	1.536661	-5.139359	116.666000
-0.488801	1.292998	-4.791932	116.766000
-0.496381	1.132834	-4.265590	116.866000
-0.504072	1.077794	-3.831579	116.966000
-0.511525	1.067020	-3.586639	117.066000
-0.519083	1.070794	-3.467940	117.166000
-0.526381	1.072562	-3.410609	117.266000
-0.533899	1.076045	-3.398838	117.366000
-0.541453	1.081964	-3.389316	117.466000
-0.549149	1.088562	-3.384366	117.566000
-0.556830	1.092386	-3.386279	117.666000
-0.564173	1.090324	-3.372645	117.766000
-0.571743	1.089382	-3.365676	117.866000
-0.579126	1.087679	-3.380414	117.966000
-0.587387	1.085609	-3.389304	118.066000
-0.592752	1.087488	-3.392509	118.166000
-0.596023	1.092716	-3.383570	118.266000
-0.598861	1.095224	-3.387815	118.367000
-0.600861	1.096272	-3.406606	118.467000
-0.602949	1.095543	-3.414290	118.566000
-0.604712	1.093662	-3.421753	118.666000
-0.606284	1.088894	-3.429815	118.766000
-0.607817	1.085899	-3.441086	118.866000
-0.608900	1.092854	-3.430186	118.966000
-0.610170	1.099323	-3.399808	119.066000
-0.611268	1.098543	-3.388781	119.166000
-0.612494	1.094605	-3.385694	119.266000
-0.613377	1.092902	-3.382084	119.367000
-0.614231	1.097162	-3.382292	119.466000
-0.615238	1.096948	-3.388008	119.566000
-0.615699	1.095039	-3.388789	119.666000
-0.616699	1.089633	-3.382954	119.766000
-0.617346	1.088458	-3.375926	119.866000
-0.617909	1.085247	-3.385683	119.966000
-0.618618	1.085657	-3.394791	120.066000
-0.619245	1.084314	-3.399326	120.166000
-0.620055	1.084030	-3.411541	120.266000
-0.620266	1.089694	-3.410493	120.366000
-0.620999	1.098016	-3.411211	120.466000
-0.621372	1.102258	-3.403554	120.566000
-0.621680	1.098500	-3.383436	120.666000
-0.622652	1.095988	-3.366932	120.766000
-0.622492	1.094607	-3.367762	120.866000
-0.622999	1.089546	-3.376058	120.967000
-0.623278	1.087454	-3.366653	121.066000
-0.623807	1.091248	-3.367993	121.167000
-0.624474	1.094999	-3.390037	121.267000
-0.624441	1.094722	-3.407620	121.367000
-0.624738	1.095029	-3.407624	121.466000
-0.625085	1.092195	-3.401081	121.566000
-0.625421	1.088557	-3.393620	121.666000
-0.625800	1.088032	-3.401704	121.766000
-0.625974	1.089100	-3.403363	121.866000
-0.626253	1.094021	-3.398177	121.966000
-0.626450	1.098355	-3.390123	122.066000
-0.626855	1.101775	-3.388387	122.166000
-0.626966	1.102639	-3.387321	122.266000
-0.627330	1.096963	-3.390646	122.366000
-0.627567	1.090004	-3.390218	122.466000
-0.627632	1.088765	-3.384802	122.566000
-0.628028	1.093060	-3.373850	122.666000
-0.628097	1.097190	-3.371067	122.766000
-0.628350	1.096517	-3.365170	122.867000
-0.628771	1.094243	-3.360287	122.966000
-0.628654	1.092787	-3.370157	123.066000
