NaN	NaN	NaN	10.050000
0.331249	0.131250	1.980123	10.150000
0.331040	0.131184	2.117148	10.250000
0.331123	0.136349	2.134309	10.350000
0.331348	0.140364	2.014645	10.450000
0.331315	0.140143	1.941739	10.551000
0.331177	0.137490	2.018354	10.650000
0.331296	0.137547	2.079121	10.750000
0.331322	0.138677	2.115882	10.850000
0.331241	0.136883	2.137917	10.950000
0.331246	0.132193	2.034991	11.051000
0.331153	0.130794	1.970008	11.150000
0.331468	0.130801	1.987438	11.250000
0.331278	0.132315	2.043204	11.350000
0.331320	0.135202	2.030022	11.450000
0.331190	0.136263	2.108063	11.550000
0.331253	0.138353	2.187175	11.650000
0.331330	0.136858	2.207350	11.750000
0.331273	0.135131	2.167802	11.850000
0.331431	0.132903	2.100479	11.950000
0.330984	0.131446	2.091332	12.050000
0.330868	0.130640	2.148673	12.150000
0.331094	0.128912	2.177981	12.250000
0.331186	0.129523	2.007091	12.350000
0.330915	0.132190	1.943677	12.450000
0.331077	0.134059	2.002674	12.550000
0.331067	0.139128	2.019623	12.650000
0.330657	0.140587	2.000815	12.750000
0.330918	0.137085	2.007459	12.850000
0.330734	0.133127	2.043791	12.950000
0.330752	0.135552	2.071816	13.050000
0.330771	0.137727	2.221568	13.151000
0.330766	0.141348	2.210018	13.250000
0.330670	0.137057	2.119508	13.350000
0.330591	0.134963	2.137453	13.450000
0.330805	0.134434	2.236561	13.550000
0.330741	0.135676	2.318335	13.650000
0.330773	0.135964	2.144988	13.750000
0.330680	0.139002	2.068271	13.850000
0.330889	0.140943	2.093802	13.950000
0.330761	0.141287	2.014891	14.050000
0.330493	0.136775	2.032183	14.150000
0.330801	0.136752	2.185869	14.250000
0.330562	0.142355	2.189558	14.350000
0.330516	0.145321	2.107973	14.450000
0.330805	0.142173	2.043809	14.551000
0.330793	0.135530	2.015318	14.651000
0.330677	0.132227	1.945561	14.750000
0.330762	0.134582	1.912340	14.850000
0.330713	0.140551	1.861163	14.950000
0.330735	0.146768	1.944356	15.050000
0.330669	0.149937	2.055224	15.150000
0.330579	0.148093	2.118361	15.250000
0.330835	0.146327	2.164340	15.350000
0.330660	0.144136	2.166217	15.450000
0.330590	0.139368	2.196296	15.550000
0.330815	0.135977	2.186708	15.650000
0.330756	0.136526	2.165944	15.751000
0.330581	0.138673	2.199990	15.850000
0.330673	0.139805	2.191885	15.950000
0.330670	0.140969	2.078480	16.050000
0.330676	0.147088	2.101965	16.150000
0.330671	0.151561	2.163994	16.250000
0.330715	0.149198	2.199202	16.350000
0.330641	0.145311	2.107447	16.451000
0.330588	0.143542	2.007449	16.550000
0.330643	0.145242	1.994091	16.650000
0.330571	0.149606	1.997860	16.750000
0.330704	0.153161	2.111601	16.850000
0.330877	0.151030	2.150240	16.950000
0.330644	0.149564	2.173133	17.050000
0.330595	0.148190	2.180483	17.152000
0.330639	0.146165	2.059389	17.250000
0.330744	0.144065	1.969313	17.350000
0.330694	0.141420	1.993978	17.450000
0.330574	0.137245	2.101895	17.550000
0.330585	0.135020	2.042712	17.650000
0.330527	0.135892	1.950280	17.750000
0.330526	0.134947	1.988462	17.850000
0.330706	0.136818	2.028617	17.950000
0.330547	0.138495	2.046385	18.050000
0.330597	0.141163	2.065441	18.150000
0.330614	0.142562	2.083347	18.251000
0.330684	0.141324	2.093615	18.350000
0.330586	0.135805	2.116249	18.450000
0.330588	0.134978	2.083696	18.551000
0.330655	0.136016	1.985415	18.651000
0.330780	0.136766	1.961414	18.750000
0.330559	0.137422	1.938486	18.850000
0.330598	0.141115	1.940027	18.950000
0.330804	0.141297	1.939754	19.050000
0.330722	0.139975	1.926601	19.150000
0.330781	0.136385	1.900661	19.250000
0.330983	0.136038	1.874263	19.350000
0.330712	0.134783	1.845892	19.450000
0.330872	0.134177	1.954091	19.551000
0.330749	0.135990	2.092807	19.650000
0.330881	0.133462	2.055892	19.750000
0.330948	0.131210	1.973828	19.850000
0.330861	0.136096	1.976976	19.950000
0.330979	0.142651	1.968255	20.050000
0.330901	0.145591	2.033898	20.150000
0.330851	0.138482	2.033997	20.250000
0.330727	0.130546	1.969366	20.350000
0.330890	0.128496	1.945651	20.450000
0.330909	0.131486	2.001255	20.550000
0.330715	0.136129	2.048093	20.650000
0.330832	0.135955	1.994111	20.750000
0.330904	0.134372	2.001060	20.850000
0.330623	0.133191	2.171140	20.950000
0.330606	0.140621	2.248332	21.050000
0.330673	0.145976	2.241446	21.150000
0.330681	0.148366	2.199476	21.250000
0.330585	0.147832	2.168370	21.351000
0.330897	0.144920	2.162315	21.450000
0.330711	0.142847	2.067127	21.550000
0.330747	0.143464	2.038837	21.650000
0.330835	0.143413	1.998038	21.751000
0.330644	0.142206	1.950647	21.850000
0.330761	0.136929	1.896646	21.950000
0.330748	0.133800	1.887449	22.050000
0.330971	0.133298	1.998545	22.150000
0.330736	0.134863	2.136885	22.250000
0.330812	0.138007	2.136806	22.350000
0.330970	0.139274	2.053970	22.450000
0.331010	0.135268	2.070628	22.550000
0.331020	0.136613	2.101261	22.651000
0.330844	0.139507	2.085378	22.750000
0.330964	0.138312	2.007173	22.850000
0.331060	0.134928	1.941378	22.950000
0.330899	0.129575	1.885639	23.051000
0.330914	0.129073	1.926519	23.150000
0.331129	0.135301	1.953242	23.250000
0.330935	0.135023	1.942521	23.350000
0.331025	0.135574	1.963323	23.450000
0.331029	0.133642	2.078314	23.550000
0.331149	0.134051	2.109956	23.651000
0.331037	0.135825	2.053411	23.750000
0.330974	0.140558	1.981272	23.850000
0.330952	0.144104	2.023322	23.950000
0.330763	0.146803	2.090946	24.050000
0.330722	0.143609	2.148661	24.150000
0.331036	0.145932	2.101426	24.251000
0.330757	0.145525	1.976240	24.350000
0.330834	0.142054	1.965211	24.450000
0.330872	0.137744	2.050344	24.550000
0.330818	0.133953	2.073192	24.650000
0.330872	0.135338	2.106621	24.750000
0.330770	0.136757	2.105945	24.850000
0.331013	0.136747	2.034896	24.950000
0.330948	0.135151	1.959640	25.050000
0.330844	0.131932	1.935632	25.150000
0.331012	0.130821	1.970054	25.250000
0.330932	0.132620	1.987161	25.350000
0.330963	0.135924	1.993776	25.450000
0.330875	0.139787	1.950827	25.551000
0.331040	0.134982	2.001408	25.650000
0.330895	0.131600	1.948912	25.750000
0.330865	0.133245	1.893443	25.850000
0.331002	0.139575	1.929954	25.950000
0.330847	0.139102	2.028212	26.050000
0.330865	0.137442	2.083654	26.150000
0.330898	0.140729	2.058588	26.250000
0.330901	0.143956	2.027873	26.350000
0.330819	0.146638	2.050782	26.451000
0.331040	0.149028	2.125840	26.550000
0.330919	0.148516	2.140000	26.651000
0.330812	0.145539	2.097939	26.750000
0.330890	0.141466	2.132358	26.850000
0.330924	0.137880	2.113335	26.951000
0.330782	0.139253	2.036445	27.050000
0.330805	0.141517	1.981708	27.150000
0.330864	0.141689	1.962975	27.250000
0.330732	0.140815	1.987180	27.350000
0.330721	0.142652	1.983341	27.450000
0.330658	0.143455	1.956222	27.551000
0.330826	0.144242	1.912351	27.650000
0.330603	0.143134	1.843711	27.751000
0.330749	0.143514	1.862473	27.850000
0.330749	0.145015	1.949829	27.950000
0.330752	0.138080	2.066345	28.050000
0.330674	0.135910	2.152908	28.151000
0.330642	0.136202	2.227202	28.250000
0.330764	0.136461	2.202748	28.351000
0.330879	0.134599	2.147520	28.450000
0.331750	0.135115	2.225441	28.550000
0.335057	0.139583	2.334289	28.650000
0.339237	0.140783	2.282782	28.750000
0.343565	0.140227	2.220429	28.850000
0.348629	0.135905	2.193715	28.951000
0.353792	0.136784	2.235188	29.050000
0.359158	0.141598	2.259767	29.150000
0.364846	0.143696	2.322584	29.250000
0.370813	0.144406	2.192390	29.350000
0.376739	0.144611	2.176845	29.450000
0.382786	0.140208	2.142571	29.550000
0.388804	0.135357	2.061038	29.651000
0.394873	0.137831	2.040171	29.751000
0.400930	0.141246	2.113087	29.850000
0.406940	0.141481	2.188017	29.950000
0.412927	0.140683	2.245848	30.050000
0.419390	0.141295	2.360926	30.150000
0.425970	0.145580	2.388595	30.250000
0.432386	0.144244	2.278497	30.350000
0.438597	0.143216	2.197116	30.450000
0.444902	0.140181	2.088242	30.550000
0.451251	0.134839	1.951056	30.650000
0.457714	0.133512	1.957758	30.750000
0.464111	0.133500	2.048769	30.850000
0.470529	0.136160	2.137699	30.951000
0.477254	0.140129	2.184267	31.050000
0.483908	0.139469	2.123707	31.150000
0.490317	0.139781	2.087064	31.250000
0.496817	0.140628	2.160877	31.350000
0.503377	0.145121	2.246743	31.450000
0.509958	0.147736	2.155101	31.550000
0.516031	0.147944	2.035058	31.650000
0.522763	0.144161	1.975948	31.750000
0.529399	0.140695	1.979360	31.850000
0.536372	0.137755	1.968870	31.950000
0.542814	0.134968	1.922745	32.050000
0.549412	0.132934	1.959419	32.150000
0.556186	0.133192	1.992615	32.250000
0.562511	0.133313	2.010324	32.350000
0.569383	0.134314	1.958524	32.450000
0.575864	0.130990	1.964943	32.550000
0.582504	0.134094	1.935302	32.650000
0.589162	0.133450	1.924628	32.750000
0.596087	0.133853	1.922732	32.850000
0.602682	0.135235	1.951593	32.950000
0.609324	0.139190	2.052721	33.050000
0.616341	0.140389	2.076086	33.150000
0.622846	0.135917	2.044362	33.250000
0.629492	0.136392	2.011771	33.350000
0.636120	0.139440	1.992139	33.450000
0.642898	0.139238	1.916182	33.550000
0.649673	0.140316	1.927549	33.651000
0.656401	0.141394	1.905749	33.750000
0.663249	0.137020	1.878307	33.850000
0.669999	0.135790	1.887083	33.950000
0.676430	0.133639	1.926686	34.050000
0.683362	0.133201	1.929051	34.150000
0.690264	0.131011	1.976020	34.250000
0.696922	0.131019	2.014934	34.351000
0.703777	0.134880	2.029532	34.450000
0.710615	0.138430	2.045549	34.551000
0.717428	0.143160	2.107572	34.651000
0.724228	0.143714	2.132994	34.750000
0.730917	0.139884	2.069847	34.850000
0.737784	0.135070	2.058754	34.950000
0.744577	0.136247	2.019303	35.050000
0.751306	0.140631	2.053432	35.150000
0.758067	0.139713	2.063431	35.250000
0.765206	0.134144	2.053849	35.350000
0.772242	0.130324	2.017611	35.450000
0.779152	0.128514	2.090754	35.550000
0.786186	0.133235	2.081898	35.651000
0.792895	0.137720	2.039023	35.750000
0.799891	0.142698	2.027052	35.850000
0.806605	0.140294	1.999161	35.951000
0.813562	0.142404	1.992603	36.050000
0.820641	0.143326	1.986295	36.151000
0.827772	0.139767	1.921803	36.250000
0.834652	0.136165	1.885300	36.351000
0.841720	0.139678	1.882381	36.451000
0.848499	0.137779	1.964374	36.550000
0.855556	0.134922	1.952364	36.650000
0.862362	0.133018	1.956717	36.750000
0.869432	0.136907	2.023894	36.850000
0.876367	0.139844	2.052921	36.950000
0.883646	0.137742	2.039157	37.050000
0.890894	0.136871	2.039370	37.151000
0.898119	0.130075	2.033112	37.250000
0.904943	0.130483	1.974228	37.350000
0.911734	0.132282	1.834457	37.450000
0.918820	0.133117	1.716793	37.550000
0.925639	0.135227	1.734357	37.650000
0.932704	0.133562	1.801388	37.750000
0.939766	0.132819	1.906390	37.851000
0.946864	0.133536	1.996254	37.950000
0.953738	0.135242	1.970379	38.051000
0.960933	0.133614	1.994890	38.150000
0.967869	0.138880	2.034562	38.250000
0.974589	0.143099	1.928958	38.350000
0.981430	0.141508	1.822576	38.450000
0.988733	0.136801	1.846436	38.550000
0.995793	0.134903	1.806140	38.651000
1.002816	0.135471	1.843934	38.750000
1.010230	0.134019	1.928657	38.851000
1.017609	0.135428	1.903614	38.950000
1.024404	0.137052	2.019867	39.050000
1.031384	0.139716	2.123891	39.150000
1.038400	0.137989	2.047053	39.251000
1.045640	0.136777	2.028384	39.350000
1.052595	0.136717	2.027924	39.450000
1.059717	0.136389	2.065718	39.550000
1.067149	0.138358	2.089425	39.650000
1.074335	0.136404	1.969283	39.750000
1.081482	0.134389	1.912143	39.850000
1.088792	0.134297	1.998009	39.950000
1.095755	0.136014	2.018093	40.050000
1.102733	0.135855	1.929881	40.150000
1.109955	0.137182	1.845988	40.250000
1.116830	0.137968	1.865981	40.350000
1.124125	0.138300	1.908364	40.450000
1.131240	0.141085	1.878567	40.550000
1.138476	0.140136	1.908278	40.650000
1.145466	0.133192	1.919860	40.750000
1.152599	0.129249	1.879305	40.850000
1.159775	0.127647	1.940227	40.950000
1.167043	0.129435	2.072322	41.051000
1.173996	0.131205	2.222690	41.150000
1.181048	0.134344	2.256263	41.250000
1.188244	0.133418	2.173892	41.350000
1.195255	0.132965	1.995842	41.451000
1.202530	0.131941	1.841058	41.550000
1.209498	0.134343	1.806190	41.651000
1.216709	0.132265	1.869014	41.750000
1.223805	0.130872	1.967763	41.851000
1.231079	0.130859	1.970052	41.950000
1.238136	0.132557	1.940612	42.050000
1.245258	0.135355	1.892351	42.150000
1.252557	0.134963	1.808623	42.250000
1.259909	0.134486	1.808881	42.350000
1.267205	0.132617	1.869235	42.450000
1.274132	0.130784	1.922839	42.550000
1.281326	0.133653	1.952513	42.650000
1.288652	0.137278	1.934009	42.750000
1.295882	0.137965	1.970434	42.850000
1.303078	0.137420	1.985040	42.950000
1.310286	0.134305	1.985916	43.050000
1.317574	0.135945	2.087263	43.150000
1.325091	0.137978	2.121839	43.250000
1.332332	0.137515	2.086662	43.350000
1.339389	0.139458	1.966715	43.450000
1.346665	0.135846	1.850720	43.550000
1.353700	0.130289	1.807256	43.650000
1.361183	0.130502	1.962694	43.750000
1.368460	0.140367	2.099505	43.851000
1.376137	0.146918	2.160346	43.950000
1.383516	0.145625	2.050665	44.051000
1.390971	0.138957	1.983158	44.151000
1.398137	0.133915	1.952439	44.250000
1.405141	0.132985	2.011238	44.350000
1.412224	0.135587	2.084250	44.450000
1.419580	0.136086	2.080153	44.550000
1.426724	0.132889	2.067018	44.651000
1.434200	0.130060	2.078165	44.750000
1.441864	0.130225	1.994259	44.851000
1.449107	0.129479	1.941795	44.950000
1.456468	0.131706	1.823953	45.050000
1.463763	0.133845	1.791683	45.150000
1.470929	0.135642	1.867051	45.250000
1.478390	0.133490	1.924696	45.350000
1.485389	0.133074	1.949674	45.450000
1.492988	0.131920	2.034249	45.550000
1.500412	0.136313	2.043424	45.650000
1.507822	0.145212	1.945752	45.750000
1.514736	0.143897	1.913412	45.851000
1.522348	0.142359	1.964353	45.950000
1.529822	0.138010	2.004658	46.050000
1.536275	0.132395	1.957199	46.150000
1.544561	0.134860	1.902641	46.250000
1.551475	0.133907	1.901219	46.350000
1.558898	0.131596	1.996440	46.450000
1.566099	0.131116	2.013097	46.550000
1.572800	0.133367	1.953834	46.651000
1.580841	0.134355	1.934081	46.751000
1.587686	0.132003	1.974271	46.850000
1.595057	0.131490	1.978579	46.950000
1.602331	0.131433	1.975446	47.050000
1.609573	0.135304	1.999825	47.150000
1.616801	0.135965	2.005058	47.250000
1.624400	0.133813	1.958374	47.350000
1.632145	0.130811	1.914905	47.450000
1.639958	0.134196	1.891049	47.550000
1.647347	0.137471	1.918970	47.650000
1.654398	0.136440	1.924828	47.750000
1.662099	0.131536	1.984748	47.851000
1.669260	0.135131	2.081702	47.950000
1.676766	0.133891	2.048724	48.050000
1.683890	0.130248	1.858253	48.150000
1.691488	0.129265	1.796349	48.250000
1.698770	0.134812	1.829992	48.350000
1.706241	0.137202	1.895412	48.450000
1.713291	0.137983	1.815814	48.550000
1.721150	0.136803	1.764467	48.650000
1.728307	0.135587	1.821994	48.750000
1.735705	0.135035	1.891758	48.850000
1.742646	0.133917	1.929529	48.951000
1.750174	0.131942	1.996851	49.050000
1.757679	0.131111	2.040278	49.150000
1.765821	0.129404	2.067535	49.250000
1.773389	0.130346	2.022667	49.350000
1.780479	0.131277	2.014490	49.450000
1.787729	0.133420	2.016081	49.550000
1.795403	0.133113	1.935558	49.650000
1.802721	0.130572	1.960327	49.750000
1.810306	0.131480	1.998287	49.850000
1.818287	0.136586	2.008591	49.950000
1.825638	0.136495	1.918397	50.050000
1.833141	0.136816	1.891699	50.150000
1.840624	0.138116	1.850801	50.250000
1.847934	0.136686	1.849327	50.350000
1.855089	0.137611	1.790354	50.450000
1.862669	0.141348	1.736386	50.550000
1.870196	0.142536	1.795681	50.650000
1.877713	0.137174	1.905496	50.750000
1.885190	0.134321	1.933873	50.850000
1.892502	0.134449	1.935084	50.951000
1.899946	0.137695	1.917906	51.050000
1.907635	0.146160	1.880377	51.150000
1.914906	0.144465	1.923098	51.250000
1.922247	0.143565	1.926576	51.350000
1.929363	0.141194	1.937600	51.450000
1.936854	0.137381	1.932823	51.550000
1.944989	0.133360	1.983480	51.650000
1.951908	0.131049	2.013176	51.750000
1.960169	0.132196	1.914064	51.850000
1.967078	0.138954	1.768685	51.950000
1.973986	0.143390	1.829519	52.050000
1.981516	0.143619	1.956957	52.150000
1.989553	0.143504	2.019609	52.250000
1.996827	0.140116	1.996995	52.350000
2.003805	0.138563	1.917822	52.450000
2.011337	0.137029	1.893477	52.550000
2.019424	0.142503	1.914755	52.650000
2.026784	0.148267	1.955129	52.750000
2.033865	0.147614	1.934940	52.850000
2.041205	0.147527	1.935785	52.950000
2.048705	0.147042	2.039526	53.050000
2.056295	0.145489	2.172089	53.150000
2.063729	0.143504	2.123560	53.250000
2.071440	0.143456	2.070100	53.351000
2.079064	0.144565	2.136517	53.451000
2.086524	0.146002	2.123078	53.550000
2.094121	0.148642	2.106886	53.650000
2.101326	0.154743	2.216841	53.750000
2.109028	0.170654	2.360896	53.850000
2.116275	0.196565	2.533092	53.950000
2.123673	0.226202	2.700040	54.050000
2.131142	0.264827	2.824625	54.151000
2.138510	0.315548	2.929633	54.250000
2.146219	0.384315	3.035603	54.350000
2.153653	0.464563	3.062147	54.450000
2.161115	0.548046	3.017138	54.550000
2.168225	0.610550	2.930746	54.651000
2.175740	0.619544	2.821125	54.750000
2.183378	0.557916	2.752649	54.850000
2.190582	0.447426	2.818161	54.950000
2.197976	0.347474	3.072430	55.050000
2.205328	0.286423	3.378929	55.151000
2.212709	0.254877	3.586935	55.250000
2.220208	0.243267	3.719342	55.350000
2.227827	0.234505	3.792633	55.451000
2.235185	0.230830	3.890914	55.550000
2.242538	0.232645	3.943354	55.650000
2.250381	0.231177	3.943763	55.750000
2.257610	0.230446	3.937025	55.850000
2.265661	0.229956	3.895899	55.950000
2.272870	0.232371	3.893471	56.050000
2.280514	0.231144	3.959280	56.151000
2.288202	0.232324	4.025943	56.250000
2.295387	0.229384	4.042958	56.350000
2.302935	0.222576	4.013892	56.450000
2.310435	0.218913	4.055455	56.550000
2.318052	0.220762	4.109353	56.650000
2.325682	0.222686	4.112579	56.750000
2.333338	0.223982	4.114905	56.850000
2.340969	0.224339	4.115181	56.951000
2.348582	0.227407	4.121401	57.050000
2.356186	0.225429	4.063571	57.150000
2.363580	0.220624	4.009214	57.250000
2.370997	0.222852	4.008753	57.351000
2.378502	0.227914	3.991697	57.450000
2.386213	0.228211	3.962836	57.550000
2.393948	0.226564	3.941417	57.650000
2.401610	0.223374	3.927958	57.750000
2.409125	0.223715	3.987527	57.850000
2.416657	0.225999	4.055016	57.950000
2.424072	0.230482	4.121301	58.050000
2.431823	0.231017	4.148554	58.150000
2.439291	0.230223	4.070491	58.250000
2.446589	0.223239	3.988116	58.350000
2.454673	0.219863	3.970949	58.450000
2.462226	0.222474	3.972505	58.550000
2.469965	0.224447	4.014060	58.651000
2.477584	0.225337	4.073468	58.750000
2.484997	0.223585	4.125954	58.851000
2.492432	0.223988	4.176344	58.951000
2.499935	0.227764	4.141840	59.050000
2.507317	0.231178	4.127929	59.150000
2.514665	0.231483	4.127608	59.250000
2.522595	0.227952	4.148248	59.351000
2.530146	0.222834	4.155820	59.450000
2.537913	0.223596	4.201170	59.550000
2.545497	0.223598	4.185216	59.650000
2.552943	0.226819	4.086031	59.750000
2.560527	0.223577	4.016111	59.850000
2.567943	0.219143	3.990827	59.951000
2.575507	0.218986	3.941677	60.051000
2.583019	0.218844	3.949456	60.150000
2.591127	0.222662	4.015760	60.250000
2.598595	0.228943	4.064870	60.350000
2.606217	0.229871	4.125874	60.451000
2.613949	0.228861	4.156316	60.550000
2.621334	0.227681	4.120046	60.650000
2.628529	0.225976	4.092077	60.750000
2.636240	0.219425	4.141692	60.850000
2.643704	0.215882	4.243334	60.950000
2.651420	0.219861	4.271786	61.050000
2.658881	0.225691	4.265535	61.150000
2.666351	0.227187	4.216047	61.250000
2.674094	0.224012	4.179692	61.350000
2.681663	0.228937	4.181837	61.450000
2.689233	0.232136	4.125862	61.551000
2.696782	0.237261	4.060976	61.651000
2.704012	0.232641	4.046772	61.751000
2.711711	0.226569	4.055299	61.850000
2.719193	0.226247	4.054657	61.950000
2.726410	0.225379	4.105390	62.050000
2.734273	0.222424	4.161361	62.150000
2.741834	0.217914	4.121328	62.250000
2.749203	0.216490	4.095056	62.350000
2.756676	0.212869	4.143881	62.450000
2.764137	0.216258	4.224897	62.550000
2.771730	0.216724	4.205340	62.650000
2.779371	0.219742	4.149167	62.751000
2.787167	0.226194	4.152884	62.850000
2.794799	0.228801	4.125534	62.951000
2.802409	0.229398	4.049127	63.051000
2.809956	0.227231	4.045725	63.151000
2.817401	0.226195	4.103232	63.250000
2.825001	0.230093	4.172341	63.350000
2.832341	0.233859	4.236608	63.450000
2.839924	0.231570	4.218286	63.550000
2.847738	0.223996	4.147204	63.651000
2.855357	0.221090	4.109501	63.750000
2.862782	0.221570	4.110450	63.851000
2.870665	0.221182	4.136210	63.951000
2.878392	0.223531	4.179209	64.050000
2.885784	0.224798	4.161622	64.150000
2.893081	0.222548	4.080879	64.250000
2.900684	0.222561	4.081602	64.350000
2.908315	0.224736	4.105231	64.450000
2.916166	0.226303	4.055439	64.550000
2.923797	0.224027	4.071475	64.650000
2.931290	0.223271	4.026552	64.750000
2.939004	0.221110	4.009132	64.850000
2.946564	0.219739	4.048098	64.950000
2.953953	0.221332	4.109284	65.050000
2.961348	0.219906	4.161864	65.150000
2.969066	0.213973	4.232685	65.251000
2.976639	0.212364	4.262312	65.350000
2.984681	0.210233	4.192262	65.450000
2.991947	0.218254	4.134212	65.550000
2.999599	0.223111	4.137287	65.650000
3.007385	0.225977	4.128878	65.750000
3.014826	0.224434	4.077433	65.850000
3.022299	0.226660	4.070451	65.950000
3.029900	0.227207	4.029967	66.050000
3.037551	0.226353	4.039371	66.150000
3.045346	0.224557	4.011775	66.250000
3.053008	0.223057	4.000176	66.351000
3.060584	0.223206	4.044380	66.451000
3.067992	0.228505	4.110660	66.550000
3.075796	0.231343	4.127277	66.650000
3.083063	0.229077	4.122546	66.751000
3.090502	0.226162	4.117061	66.850000
3.098091	0.224624	4.122614	66.950000
3.105797	0.218200	4.130241	67.050000
3.113597	0.211170	4.163484	67.150000
3.121148	0.211462	4.202155	67.250000
3.128825	0.218960	4.145889	67.350000
3.136488	0.217535	4.067549	67.450000
3.144040	0.219851	4.042620	67.550000
3.151558	0.224738	4.065031	67.651000
3.158840	0.222648	4.107645	67.750000
3.166328	0.225781	4.117611	67.851000
3.174185	0.224489	4.153595	67.951000
3.181596	0.221373	4.143047	68.050000
3.189031	0.222150	4.111473	68.150000
3.196379	0.223571	4.112009	68.251000
3.203820	0.223658	4.040674	68.350000
3.211562	0.226477	4.024787	68.450000
3.218754	0.222108	4.046292	68.550000
3.226389	0.219721	4.003912	68.650000
3.233887	0.223611	3.935538	68.750000
3.241706	0.227362	3.927312	68.850000
3.249057	0.231921	3.958384	68.950000
3.256417	0.234209	4.030295	69.050000
3.263869	0.229545	4.035932	69.151000
3.271612	0.224750	4.072930	69.250000
3.278723	0.222495	4.132760	69.351000
3.286231	0.224077	4.171292	69.450000
3.294039	0.226443	4.147587	69.550000
3.301785	0.225776	4.116762	69.650000
3.309113	0.221022	4.138160	69.751000
3.317088	0.222997	4.131666	69.850000
3.324610	0.225176	4.117360	69.950000
3.332111	0.223178	4.136582	70.050000
3.339350	0.220518	4.154506	70.150000
3.346737	0.217290	4.156614	70.250000
3.355017	0.215273	4.153421	70.350000
3.361692	0.213731	4.192783	70.450000
3.370235	0.212709	4.161765	70.550000
3.377212	0.215678	4.166684	70.650000
3.385280	0.223706	4.178713	70.751000
3.392182	0.224748	4.150658	70.850000
3.400527	0.223897	4.177890	70.950000
3.407302	0.223958	4.179607	71.051000
3.415344	0.225353	4.160910	71.150000
3.422117	0.227232	4.142159	71.250000
3.430598	0.227046	4.146745	71.350000
3.437577	0.227227	4.094937	71.451000
3.445733	0.225632	4.034893	71.550000
3.452939	0.226682	4.030828	71.650000
3.460380	0.229179	4.081175	71.750000
3.467954	0.235129	4.103960	71.850000
3.475007	0.230043	4.140509	71.950000
3.482714	0.226965	4.102853	72.050000
3.490459	0.221879	4.042439	72.150000
3.497548	0.222328	4.032961	72.250000
3.505394	0.221904	4.067560	72.350000
3.513319	0.225001	4.030111	72.450000
3.521292	0.226353	3.981033	72.550000
3.528702	0.225411	3.993229	72.654000
3.535580	0.227458	4.075747	72.750000
3.542814	0.231140	4.123065	72.850000
3.550835	0.227341	4.128295	72.950000
3.558444	0.221928	4.143346	73.050000
3.566269	0.214858	4.106122	73.150000
3.574008	0.210802	4.093078	73.250000
3.581545	0.210291	4.122503	73.350000
3.588737	0.212077	4.139937	73.450000
3.596053	0.211160	4.182462	73.550000
3.603155	0.211402	4.159268	73.650000
3.610317	0.217224	4.151350	73.750000
3.617805	0.224725	4.149488	73.850000
3.625720	0.226298	4.124555	73.951000
3.633667	0.225992	4.101830	74.050000
3.641537	0.221326	4.058448	74.150000
3.649131	0.219676	4.106153	74.250000
3.656060	0.222118	4.094809	74.350000
3.663296	0.223538	4.079148	74.450000
3.671436	0.220107	4.076747	74.550000
3.678693	0.218608	4.084569	74.650000
3.685864	0.219711	4.107838	74.750000
3.692970	0.224503	4.084164	74.850000
3.700226	0.225786	4.144532	74.950000
3.707618	0.225212	4.187787	75.050000
3.715364	0.226130	4.182736	75.151000
3.723440	0.224654	4.167746	75.251000
3.730830	0.221625	4.177185	75.350000
3.738225	0.220893	4.174914	75.450000
3.745688	0.219439	4.172034	75.550000
3.753122	0.215607	4.147720	75.650000
3.760383	0.214942	4.100060	75.750000
3.762208	0.218021	4.132653	75.850000
3.761211	0.219057	4.211453	75.950000
3.759096	0.219353	4.236133	76.050000
3.756240	0.217007	4.177551	76.150000
3.753063	0.220344	4.171040	76.250000
3.749685	0.223972	4.179603	76.351000
3.745750	0.224571	4.173048	76.451000
3.741029	0.224074	4.122569	76.550000
3.737001	0.225121	4.116968	76.650000
3.732804	0.223774	4.114373	76.750000
3.728318	0.226290	4.092101	76.850000
3.722898	0.224297	4.050656	76.950000
3.718117	0.218710	4.063745	77.050000
3.713456	0.220026	4.060265	77.150000
3.708252	0.221117	4.012265	77.250000
3.703151	0.222005	4.010744	77.350000
3.697772	0.224372	4.022166	77.450000
3.692338	0.221072	4.058747	77.550000
3.686533	0.221170	4.076910	77.650000
3.680698	0.220721	4.104237	77.750000
3.675531	0.224890	4.121560	77.850000
3.670115	0.227187	4.147272	77.950000
3.664710	0.230638	4.132510	78.050000
3.658564	0.232023	4.115086	78.150000
3.652856	0.227378	4.112079	78.250000
3.647214	0.221366	4.091863	78.351000
3.641320	0.220895	4.100513	78.450000
3.635045	0.218213	4.125303	78.550000
3.629122	0.214970	4.150393	78.650000
3.623098	0.216137	4.167092	78.750000
3.617358	0.218689	4.171780	78.851000
3.611222	0.219463	4.152886	78.951000
3.604785	0.223061	4.165491	79.050000
3.598848	0.223222	4.117876	79.151000
3.592864	0.223299	4.105304	79.250000
3.586473	0.224815	4.137640	79.350000
3.580028	0.224866	4.140643	79.450000
3.573741	0.222488	4.125346	79.550000
3.567724	0.221180	4.137549	79.650000
3.561570	0.222179	4.150321	79.750000
3.555395	0.226522	4.119625	79.850000
3.548968	0.224862	4.166314	79.950000
3.542741	0.224393	4.201477	80.050000
3.536485	0.223424	4.179099	80.150000
3.530007	0.221029	4.157797	80.250000
3.523422	0.222140	4.155388	80.351000
3.517077	0.222758	4.227092	80.450000
3.510667	0.221484	4.278693	80.550000
3.504506	0.223340	4.246342	80.650000
3.498116	0.228502	4.187021	80.750000
3.491585	0.230620	4.161877	80.850000
3.485309	0.224683	4.119907	80.951000
3.478534	0.223270	4.018255	81.050000
3.471918	0.225671	3.988119	81.150000
3.465385	0.222069	4.018746	81.250000
3.458649	0.223088	4.079318	81.350000
3.452567	0.224994	4.084162	81.450000
3.446171	0.229027	4.090255	81.551000
3.439724	0.225650	4.086422	81.650000
3.433087	0.221416	4.132216	81.750000
3.426861	0.223697	4.179353	81.850000
3.419877	0.224016	4.182461	81.951000
3.413181	0.225738	4.187072	82.050000
3.406237	0.229543	4.124546	82.150000
3.400067	0.223519	4.078381	82.250000
3.393459	0.221186	4.044453	82.350000
3.386979	0.221412	4.106263	82.450000
3.380582	0.221471	4.176649	82.550000
3.373822	0.216644	4.150192	82.650000
3.367143	0.216791	4.104033	82.750000
3.360630	0.214509	4.091182	82.850000
3.353939	0.214844	4.132646	82.950000
3.347263	0.216359	4.148314	83.050000
3.340606	0.220348	4.213489	83.150000
3.334320	0.224008	4.244726	83.250000
3.327306	0.228855	4.205645	83.351000
3.320483	0.233501	4.163505	83.450000
3.313929	0.231127	4.126826	83.550000
3.307498	0.228210	4.120688	83.650000
3.300785	0.223305	4.113298	83.750000
3.294125	0.216513	4.143490	83.850000
3.287640	0.219886	4.192431	83.950000
3.280962	0.222924	4.263133	84.050000
3.274177	0.222791	4.291972	84.151000
3.267426	0.216523	4.271004	84.250000
3.260892	0.213726	4.244763	84.351000
3.253882	0.215678	4.232936	84.450000
3.247095	0.221296	4.168633	84.551000
3.240193	0.222651	4.077561	84.650000
3.233403	0.222561	4.089270	84.750000
3.226608	0.224264	4.083068	84.850000
3.220017	0.226239	4.054622	84.951000
3.213181	0.222871	4.071957	85.050000
3.206260	0.216650	4.068797	85.150000
3.199571	0.216177	4.078144	85.250000
3.192802	0.217622	4.076053	85.350000
3.185569	0.224385	4.053767	85.450000
3.178743	0.223434	4.030166	85.550000
3.171952	0.214559	3.992022	85.650000
3.165175	0.213698	3.992535	85.750000
3.158346	0.216243	4.000318	85.850000
3.151404	0.215224	4.029265	85.951000
3.144612	0.215661	4.035036	86.050000
3.137660	0.219862	4.091988	86.150000
3.130600	0.224591	4.102942	86.250000
3.123556	0.223968	4.010670	86.350000
3.116648	0.221607	3.947661	86.450000
3.109730	0.221360	3.997166	86.550000
3.103200	0.224236	4.015928	86.651000
3.096292	0.226076	4.017877	86.750000
3.089131	0.224521	3.972490	86.850000
3.082452	0.223824	3.990800	86.950000
3.075424	0.221401	4.074558	87.050000
3.067967	0.218462	4.106513	87.150000
3.061324	0.220076	4.156333	87.250000
3.054177	0.222129	4.122898	87.350000
3.047246	0.222358	4.055872	87.450000
3.040292	0.221226	4.075809	87.550000
3.033444	0.222993	4.117683	87.650000
3.026445	0.221510	4.138434	87.750000
3.019564	0.222157	4.121379	87.850000
3.012357	0.224367	4.163385	87.950000
3.005453	0.222939	4.172132	88.050000
2.998362	0.221211	4.176022	88.150000
2.991396	0.214380	4.164589	88.250000
2.984725	0.214083	4.134824	88.350000
2.977747	0.217323	4.121778	88.450000
2.970474	0.219376	4.106757	88.550000
2.963676	0.213738	4.091225	88.650000
2.956682	0.211734	4.111991	88.751000
2.949424	0.215725	4.102468	88.850000
2.942310	0.222029	4.144132	88.950000
2.935185	0.223851	4.171680	89.050000
2.928429	0.224783	4.155482	89.150000
2.921222	0.224002	4.179674	89.250000
2.914037	0.227927	4.160193	89.350000
2.907249	0.226874	4.068297	89.450000
2.900145	0.221548	3.988755	89.550000
2.893244	0.222770	3.988698	89.651000
2.886195	0.225645	4.019838	89.750000
2.879293	0.223858	4.017295	89.850000
2.872113	0.224710	4.064710	89.950000
2.865396	0.222536	4.108293	90.050000
2.858208	0.222919	4.118060	90.153000
2.851281	0.225973	4.106193	90.250000
2.844187	0.226282	4.054717	90.350000
2.837205	0.227459	4.109092	90.450000
2.830125	0.224359	4.172434	90.550000
2.822885	0.220175	4.190824	90.650000
2.815931	0.215920	4.201594	90.750000
2.809032	0.216326	4.217404	90.850000
2.802010	0.220472	4.188729	90.950000
2.794557	0.224575	4.116631	91.051000
2.787634	0.226947	4.046677	91.150000
2.780669	0.224127	4.004160	91.250000
2.773698	0.222988	4.022597	91.350000
2.766284	0.224071	4.077099	91.450000
2.758990	0.225308	4.067933	91.551000
2.751859	0.229985	4.000222	91.650000
2.744976	0.232228	4.025096	91.750000
2.737938	0.229245	4.060694	91.851000
2.730529	0.226542	4.055253	91.950000
2.723515	0.225692	4.054197	92.050000
2.716655	0.219560	4.094444	92.150000
2.709077	0.215671	4.134158	92.250000
2.701802	0.216702	4.143628	92.350000
2.694372	0.221117	4.109796	92.450000
2.687613	0.222528	4.068284	92.550000
2.680442	0.221632	3.988534	92.651000
2.672961	0.225759	3.931511	92.751000
2.665935	0.228471	3.902311	92.850000
2.658905	0.228695	3.898942	92.950000
2.651429	0.227064	3.926388	93.051000
2.644050	0.226787	4.020790	93.151000
2.636856	0.224024	4.077492	93.250000
2.629567	0.221214	4.105712	93.350000
2.622667	0.224397	4.100522	93.450000
2.615582	0.228246	4.108339	93.550000
2.608382	0.227930	4.058104	93.650000
2.601090	0.224067	4.046689	93.750000
2.593872	0.223801	4.042464	93.850000
2.586328	0.223916	3.984115	93.950000
2.579196	0.221935	3.939176	94.050000
2.571887	0.217681	3.918172	94.150000
2.564518	0.218829	3.971013	94.251000
2.557271	0.222114	4.029403	94.350000
2.550254	0.223696	4.082562	94.450000
2.543419	0.226268	4.075751	94.550000
2.536177	0.228620	3.986373	94.650000
2.528272	0.228692	4.021915	94.750000
2.520977	0.228544	4.059183	94.850000
2.513571	0.227378	4.056921	94.950000
2.506655	0.225651	4.033980	95.051000
2.499112	0.224994	4.021577	95.150000
2.492367	0.225471	4.072624	95.250000
2.484994	0.225211	4.118215	95.351000
2.477560	0.227033	4.104800	95.450000
2.470601	0.227911	4.094740	95.550000
2.462863	0.229355	4.092015	95.650000
2.455354	0.231074	4.072279	95.750000
2.448210	0.228871	4.000086	95.850000
2.440809	0.229391	3.918047	95.950000
2.433389	0.227797	3.938580	96.050000
2.426252	0.225584	4.013302	96.150000
2.419245	0.222264	4.025962	96.251000
2.411860	0.218107	4.028271	96.350000
2.404637	0.216463	3.977701	96.450000
2.397738	0.219050	3.953437	96.550000
2.390486	0.222496	3.980645	96.651000
2.383273	0.224352	4.028561	96.750000
2.375836	0.226880	4.054451	96.850000
2.368913	0.229183	4.054496	96.951000
2.361668	0.229296	4.000134	97.051000
2.354184	0.225149	3.924909	97.150000
2.347023	0.220180	3.908242	97.250000
2.339669	0.212902	3.922168	97.350000
2.332302	0.213886	4.023462	97.450000
2.325067	0.218103	4.104150	97.550000
2.317975	0.225217	4.104106	97.650000
2.310228	0.229515	4.051331	97.750000
2.303366	0.226600	3.994761	97.850000
2.295933	0.221909	3.951006	97.951000
2.288597	0.218967	3.972173	98.051000
2.281217	0.220145	3.935023	98.150000
2.274044	0.225004	3.876460	98.250000
2.266478	0.228313	3.836077	98.350000
2.259215	0.228456	3.889518	98.450000
2.251796	0.227091	3.998271	98.550000
2.244504	0.227908	4.025224	98.651000
2.237323	0.226451	4.019006	98.750000
2.229657	0.225002	4.018085	98.850000
2.222418	0.221406	4.004691	98.950000
2.215328	0.222450	4.029651	99.050000
2.207964	0.226797	4.018852	99.150000
2.200741	0.228121	3.944702	99.250000
2.193367	0.227103	3.915591	99.351000
2.186319	0.224622	3.919574	99.450000
2.178397	0.217410	3.900235	99.550000
2.171582	0.219784	3.840012	99.650000
2.163438	0.252801	3.701431	99.750000
2.156723	0.336296	3.443208	99.850000
2.148723	0.425488	3.296118	99.951000
2.141388	0.462629	3.343156	100.050000
2.134243	0.451985	3.372979	100.150000
2.126491	0.410967	3.324366	100.250000
2.119601	0.355192	3.217913	100.351000
2.112297	0.299335	3.040794	100.450000
2.104967	0.253591	2.840404	100.551000
2.097341	0.220637	2.623025	100.650000
2.090368	0.195121	2.476116	100.750000
2.082638	0.177456	2.337043	100.850000
2.075086	0.164931	2.301381	100.950000
2.067526	0.159089	2.291679	101.050000
2.060341	0.159928	2.202383	101.150000
2.052943	0.156139	2.082471	101.250000
2.045513	0.150004	2.003603	101.350000
2.038191	0.148423	1.944633	101.450000
2.030763	0.144720	1.952675	101.550000
2.023247	0.145185	1.903392	101.650000
2.015449	0.145007	1.867738	101.750000
2.008012	0.143195	1.916501	101.850000
2.000260	0.143562	1.920365	101.950000
1.993469	0.143976	1.856249	102.050000
1.985627	0.142866	1.852228	102.150000
1.978548	0.140994	1.869460	102.250000
1.971028	0.139587	1.858069	102.350000
1.963035	0.136157	1.886279	102.450000
1.955768	0.136664	1.999051	102.550000
1.947892	0.138684	2.047534	102.651000
1.940608	0.139178	1.945131	102.750000
1.933009	0.136106	1.884551	102.850000
1.925455	0.133849	1.929487	102.950000
1.918349	0.131609	2.013045	103.050000
1.911045	0.136398	2.034119	103.150000
1.903465	0.140179	2.063819	103.250000
1.896127	0.138570	2.019435	103.350000
1.888482	0.142855	1.951406	103.450000
1.881104	0.144520	1.868341	103.550000
1.873285	0.144260	1.776430	103.650000
1.865859	0.145085	1.721129	103.750000
1.858924	0.138022	1.755685	103.850000
1.851489	0.136040	1.815359	103.950000
1.843879	0.137232	1.851753	104.050000
1.836424	0.137467	1.799846	104.150000
1.828689	0.133587	1.788835	104.250000
1.820956	0.134481	1.855789	104.351000
1.813249	0.137149	1.957391	104.450000
1.805776	0.139661	1.985833	104.550000
1.798560	0.140382	1.974903	104.650000
1.790962	0.144398	1.935454	104.750000
1.783393	0.143129	1.943728	104.850000
1.775810	0.140574	1.985667	104.950000
1.768399	0.140443	1.998497	105.050000
1.761073	0.141664	1.955194	105.151000
1.753275	0.142696	1.871430	105.250000
1.745865	0.138211	1.852739	105.351000
1.738302	0.140398	1.872263	105.450000
1.730890	0.140154	1.939311	105.550000
1.723532	0.137100	1.898431	105.650000
1.716109	0.136074	1.882302	105.750000
1.708700	0.138762	1.860759	105.850000
1.700916	0.143439	1.876107	105.950000
1.693231	0.143484	1.838824	106.050000
1.685557	0.143792	1.793276	106.150000
1.678105	0.144365	1.847397	106.250000
1.670735	0.138992	1.928641	106.351000
1.663006	0.135844	1.962722	106.450000
1.655593	0.139191	1.916535	106.551000
1.648286	0.143489	1.942797	106.650000
1.640518	0.143803	1.927898	106.750000
1.632789	0.143474	1.858849	106.850000
1.625178	0.143657	1.847875	106.951000
1.617655	0.141535	1.935595	107.050000
1.609981	0.141509	1.957086	107.150000
1.602698	0.142644	1.953075	107.250000
1.595127	0.143005	1.971008	107.350000
1.587842	0.142231	1.902513	107.450000
1.579963	0.137566	1.873642	107.550000
1.572195	0.141783	1.937357	107.650000
1.564272	0.141768	1.968853	107.750000
1.556673	0.138930	2.050120	107.850000
1.549410	0.142481	2.072958	107.950000
1.541879	0.143830	2.016238	108.051000
1.534242	0.148012	1.977682	108.150000
1.526792	0.149203	1.926279	108.250000
1.519329	0.147602	1.859450	108.350000
1.511701	0.143628	1.915999	108.450000
1.503758	0.138080	2.008055	108.551000
1.496338	0.135010	1.928883	108.651000
1.488668	0.134402	1.909733	108.750000
1.481057	0.133469	1.922565	108.850000
1.473461	0.131136	1.898189	108.950000
1.465779	0.130721	1.844754	109.050000
1.458365	0.127476	1.888131	109.150000
1.450650	0.128671	1.897995	109.251000
1.443290	0.134966	1.943761	109.350000
1.435683	0.142013	1.994964	109.450000
1.427773	0.144037	1.930726	109.551000
1.420342	0.140080	1.867023	109.650000
1.412714	0.134697	1.907059	109.750000
1.405354	0.133431	1.924409	109.850000
1.397688	0.133179	1.922198	109.950000
1.390258	0.130907	1.900322	110.050000
1.382666	0.127683	1.892894	110.150000
1.374991	0.127103	1.896072	110.250000
1.367604	0.131680	1.880948	110.350000
1.360291	0.134574	1.922811	110.450000
1.352416	0.136432	2.000522	110.550000
1.344831	0.140345	2.030093	110.650000
1.337500	0.136431	2.029344	110.750000
1.329907	0.134612	2.108092	110.850000
1.322151	0.130310	2.037466	110.950000
1.314804	0.128275	1.942665	111.051000
1.307256	0.132454	1.935993	111.150000
1.299748	0.141149	1.944914	111.250000
1.291985	0.145339	1.979391	111.350000
1.284407	0.143981	1.978666	111.451000
1.276789	0.136115	1.965815	111.550000
1.269638	0.132933	2.043289	111.650000
1.261923	0.135164	2.014117	111.751000
1.254246	0.135979	1.903595	111.850000
1.246600	0.136043	1.873668	111.950000
1.238836	0.136374	1.931491	112.051000
1.231227	0.136319	1.950340	112.150000
1.223463	0.141001	1.986724	112.250000
1.215768	0.140905	1.987565	112.350000
1.208374	0.137607	1.976387	112.450000
1.200828	0.135687	1.949775	112.550000
1.192791	0.136364	1.997155	112.654000
1.185470	0.138002	2.041598	112.751000
1.177444	0.136453	1.960221	112.851000
1.170033	0.133357	1.862553	112.950000
1.162195	0.130843	1.897549	113.050000
1.154632	0.130771	1.932101	113.150000
1.147126	0.131203	1.970278	113.250000
1.139470	0.134568	1.928740	113.351000
1.131774	0.137652	1.967905	113.450000
1.124228	0.139066	1.986600	113.550000
1.116522	0.142715	1.958643	113.650000
1.108883	0.142868	1.961789	113.750000
1.101409	0.137312	2.014679	113.850000
1.093944	0.139948	1.956702	113.951000
1.086058	0.137769	1.901668	114.050000
1.078527	0.135907	1.842938	114.150000
1.071094	0.135677	1.814975	114.250000
1.063631	0.136064	1.863578	114.350000
1.055892	0.138085	1.975636	114.450000
1.047988	0.137474	1.976885	114.551000
1.039860	0.132936	1.935900	114.650000
1.032021	0.132024	1.986452	114.750000
1.024648	0.132826	2.056365	114.850000
1.017091	0.131824	2.023007	114.951000
1.009441	0.131225	2.039366	115.050000
1.001991	0.131717	1.990353	115.151000
0.994328	0.131687	1.905691	115.250000
0.986497	0.130984	1.879523	115.351000
0.978769	0.130527	1.866326	115.450000
0.970980	0.132790	1.913159	115.550000
0.963349	0.135968	1.990790	115.650000
0.955497	0.134493	2.050803	115.750000
0.948169	0.132468	1.988820	115.850000
0.940656	0.130311	1.946456	115.950000
0.933072	0.133765	2.070959	116.050000
0.925432	0.138810	2.079665	116.150000
0.917668	0.139075	1.967134	116.250000
0.909571	0.135139	1.829856	116.350000
0.901913	0.133329	1.766291	116.451000
0.894219	0.131119	1.744229	116.550000
0.886754	0.133288	1.833604	116.650000
0.879073	0.136053	1.882582	116.750000
0.871626	0.136680	1.890838	116.851000
0.863829	0.139335	1.971601	116.950000
0.856312	0.142747	2.060281	117.050000
0.848488	0.140782	2.065918	117.151000
0.841119	0.136541	2.076083	117.250000
0.833593	0.136310	2.030356	117.350000
0.825971	0.135466	2.058517	117.450000
0.818238	0.134485	2.151302	117.551000
0.810703	0.138009	2.150548	117.651000
0.803054	0.137652	2.140397	117.750000
0.795570	0.132031	2.134779	117.850000
0.787853	0.127354	2.133495	117.950000
0.780230	0.130356	2.107786	118.050000
0.772650	0.133200	2.112505	118.150000
0.765014	0.134215	2.066590	118.250000
0.757581	0.132551	1.991317	118.350000
0.749963	0.130819	1.970082	118.451000
0.742383	0.130898	2.001920	118.551000
0.734789	0.135194	2.021524	118.650000
0.727048	0.134401	2.014584	118.750000
0.718976	0.130961	2.001715	118.850000
0.711498	0.130969	1.989448	118.950000
0.703831	0.130901	2.026825	119.050000
0.696019	0.130729	2.039467	119.150000
0.688714	0.131698	2.057919	119.250000
0.680910	0.135308	2.093548	119.350000
0.673431	0.138597	2.154296	119.450000
0.665669	0.139148	2.098166	119.550000
0.658057	0.137274	2.016007	119.650000
0.650156	0.135901	2.007010	119.750000
0.642403	0.136797	2.077314	119.850000
0.634854	0.140555	2.071141	119.950000
0.627173	0.140712	2.067358	120.050000
0.619434	0.136557	2.092624	120.150000
0.611878	0.137252	2.102328	120.250000
0.604404	0.136376	2.078861	120.350000
0.596797	0.134677	2.166990	120.450000
0.588614	0.131518	2.181482	120.550000
0.580879	0.133835	2.091531	120.650000
0.573478	0.135697	1.964519	120.750000
0.565626	0.135923	1.998470	120.850000
0.557949	0.134037	1.918698	120.950000
0.550368	0.136014	1.874024	121.050000
0.542840	0.132509	1.981212	121.150000
0.535001	0.129729	2.081564	121.250000
0.527349	0.128868	2.056963	121.350000
0.519542	0.131798	1.961400	121.450000
0.511802	0.133580	1.926193	121.550000
0.504163	0.135284	1.953953	121.650000
0.496236	0.135304	2.045443	121.750000
0.488734	0.136830	2.154308	121.850000
0.481098	0.139858	2.199230	121.950000
0.473288	0.140749	2.205450	122.051000
0.465772	0.141427	2.114376	122.150000
0.457819	0.139627	2.004698	122.250000
0.450032	0.138956	1.915685	122.350000
0.442248	0.141292	1.920880	122.450000
0.434560	0.143355	1.890982	122.550000
0.426924	0.145273	1.911990	122.650000
0.419518	0.144483	1.926084	122.750000
0.412029	0.138604	1.998887	122.850000
0.404236	0.135672	2.045133	122.950000
0.396616	0.135925	2.038721	123.050000
0.388454	0.138898	2.048263	123.150000
0.380732	0.144968	2.055218	123.250000
0.372971	0.143473	1.992845	123.350000
0.365385	0.139533	2.086653	123.450000
0.357463	0.137291	2.130349	123.551000
0.350035	0.136732	2.168054	123.650000
0.342519	0.141453	2.182760	123.750000
0.334818	0.137730	2.107207	123.850000
0.327421	0.135803	2.117116	123.951000
0.319538	0.135558	2.086890	124.050000
0.312116	0.132911	2.054074	124.150000
0.304779	0.130032	1.976394	124.250000
0.296819	0.131156	2.079819	124.350000
0.289131	0.136601	2.180886	124.450000
0.281943	0.141545	2.162094	124.550000
0.274208	0.139418	2.123592	124.650000
0.266487	0.138634	2.077936	124.750000
0.259122	0.142620	2.081285	124.850000
0.251759	0.140793	2.194891	124.950000
0.244083	0.134697	2.208858	125.050000
0.236301	0.135838	2.190860	125.150000
0.228863	0.135234	2.110245	125.250000
0.221328	0.135769	2.122459	125.350000
0.213793	0.136917	2.223740	125.450000
0.206353	0.141826	2.167663	125.550000
0.198698	0.142933	2.052356	125.650000
0.190756	0.144399	2.005124	125.750000
0.188448	0.146859	1.992932	125.850000
0.189628	0.148168	2.051660	125.951000
0.191555	0.145695	2.055914	126.050000
0.194227	0.140098	1.995544	126.150000
0.197562	0.139194	1.986063	126.250000
0.201065	0.139668	1.994487	126.351000
0.204938	0.137003	2.016432	126.450000
0.209404	0.138979	2.027716	126.550000
0.213744	0.141132	2.036332	126.650000
0.218108	0.143423	2.063336	126.750000
0.222628	0.143173	2.088840	126.850000
0.227905	0.137510	2.085999	126.951000
0.232703	0.136361	2.099125	127.050000
0.237847	0.137185	2.028254	127.150000
0.243041	0.136025	1.922331	127.250000
0.248099	0.134314	1.828530	127.350000
0.253520	0.133752	1.923497	127.450000
0.259021	0.136201	1.957995	127.550000
0.264692	0.132520	1.963899	127.650000
0.270077	0.134609	2.010180	127.750000
0.275851	0.140396	2.062869	127.851000
0.281493	0.139098	1.986917	127.950000
0.287172	0.131933	1.969323	128.050000
0.292986	0.130881	2.031940	128.150000
0.298873	0.131044	2.024143	128.250000
0.304673	0.131139	1.970987	128.351000
0.310904	0.131764	1.979267	128.450000
0.316129	0.135781	2.003420	128.550000
0.319007	0.136350	1.937946	128.650000
0.320603	0.131162	1.887883	128.750000
0.321889	0.130189	1.879659	128.850000
0.322999	0.131136	1.995682	128.950000
0.323921	0.134773	1.981250	129.050000
0.324669	0.136253	1.944192	129.151000
0.325315	0.135016	1.942222	129.250000
0.326055	0.131116	2.034287	129.350000
0.326488	0.130815	2.042747	129.451000
0.326944	0.128840	2.075816	129.550000
0.327377	0.131468	2.190261	129.650000
0.327578	0.128737	2.236537	129.750000
0.327925	0.124637	2.295554	129.850000
0.328246	0.130449	2.288784	129.950000
0.328559	0.134738	2.174054	130.051000
0.328815	0.131922	2.103308	130.150000
0.328977	0.129736	2.075140	130.250000
0.329160	0.132567	2.193956	130.350000
0.329299	0.135754	2.215006	130.450000
0.329422	0.135802	2.079971	130.550000
0.329631	0.136418	2.048219	130.650000
0.329858	0.138812	2.124566	130.751000
0.329905	0.141886	2.217549	130.850000
0.329844	0.140593	2.160937	130.950000
0.330177	0.141349	2.131225	131.050000
0.330221	0.142525	2.083161	131.150000
0.330207	0.146366	2.107249	131.250000
0.330254	0.152603	2.134084	131.350000
0.330478	0.151743	2.100712	131.450000
0.330510	0.148198	2.005013	131.550000
0.330313	0.142081	2.027213	131.651000
0.330385	0.139350	2.117360	131.750000
0.330511	0.136019	2.145620	131.850000
0.330586	0.135486	2.077661	131.950000
0.330829	0.136973	2.041254	132.050000
0.330751	0.137550	1.992339	132.150000
0.330650	0.138551	2.044947	132.250000
