-0.316206	0.133596	-4.982848	14.201000
-0.315504	0.134533	-4.914530	14.301000
-0.315449	0.133535	-4.776350	14.401000
-0.315478	0.131085	-4.728761	14.502000
-0.315451	0.131418	-4.709117	14.601000
-0.315537	0.129649	-4.826226	14.702000
-0.315503	0.135017	-4.919244	14.801000
-0.315397	0.129662	-4.984758	14.901000
-0.315255	0.121584	-4.873809	15.001000
-0.315347	0.124348	-4.746396	15.101000
-0.315428	0.126717	-4.590141	15.201000
-0.315401	0.126731	-4.583280	15.301000
-0.315377	0.126262	-4.648341	15.401000
-0.315378	0.126222	-4.752355	15.501000
-0.315291	0.120635	-4.901629	15.601000
-0.315468	0.119847	-4.873797	15.702000
-0.315307	0.127548	-4.785331	15.801000
-0.315365	0.137077	-4.811843	15.901000
-0.315392	0.142122	-4.881461	16.002000
-0.315500	0.145731	-4.937405	16.101000
-0.315587	0.148701	-4.915622	16.201000
-0.315325	0.148129	-4.956847	16.301000
-0.315366	0.144155	-4.965043	16.401000
-0.315429	0.141594	-4.824836	16.501000
-0.315430	0.142418	-4.731328	16.601000
-0.315515	0.144689	-4.717883	16.701000
-0.315347	0.141464	-4.797304	16.801000
-0.315128	0.137658	-4.850444	16.901000
-0.311818	0.136782	-4.872670	17.001000
-0.307523	0.143956	-4.957829	17.101000
-0.302829	0.146747	-4.974114	17.201000
-0.298139	0.146463	-4.948198	17.301000
-0.293066	0.150264	-5.070676	17.401000
-0.287640	0.152866	-5.272811	17.502000
-0.282458	0.155034	-5.340339	17.602000
-0.276459	0.160737	-5.330236	17.701000
-0.271052	0.158917	-5.295599	17.801000
-0.265336	0.155643	-5.303840	17.901000
-0.259582	0.150345	-5.330741	18.001000
-0.253269	0.150529	-5.322803	18.101000
-0.247374	0.151064	-5.321075	18.201000
-0.241511	0.152045	-5.202528	18.301000
-0.235131	0.159664	-5.013643	18.402000
-0.228765	0.159176	-5.033815	18.501000
-0.222523	0.158930	-5.016796	18.601000
-0.216165	0.161658	-5.010001	18.701000
-0.209780	0.163463	-5.078966	18.801000
-0.203544	0.164409	-5.040024	18.901000
-0.196763	0.166525	-5.115022	19.001000
-0.190652	0.162432	-5.196163	19.101000
-0.183944	0.155327	-5.019748	19.201000
-0.177234	0.153068	-5.029141	19.302000
-0.170361	0.155962	-5.081351	19.401000
-0.163991	0.159683	-5.003837	19.501000
-0.156752	0.162408	-5.023213	19.601000
-0.149771	0.165291	-5.072554	19.702000
-0.143136	0.168464	-5.078842	19.801000
-0.136336	0.171742	-5.080899	19.901000
-0.129671	0.163365	-5.206155	20.001000
-0.122562	0.160616	-5.269058	20.101000
-0.115899	0.158947	-5.214589	20.201000
-0.109022	0.157643	-5.144192	20.301000
-0.102078	0.153680	-5.307461	20.401000
-0.094913	0.150757	-5.271033	20.501000
-0.087945	0.152796	-5.097784	20.601000
-0.081175	0.148626	-5.115575	20.701000
-0.074222	0.148661	-5.167309	20.801000
-0.067180	0.149513	-5.292662	20.901000
-0.060159	0.145845	-5.302498	21.001000
-0.053287	0.141908	-5.285956	21.101000
-0.046164	0.138892	-5.288119	21.201000
-0.038964	0.140940	-5.170006	21.301000
-0.031980	0.144764	-5.069586	21.401000
-0.024868	0.151170	-5.023158	21.501000
-0.017917	0.158553	-5.002622	21.601000
-0.010499	0.159428	-5.087600	21.701000
-0.003687	0.155655	-5.260937	21.801000
0.003296	0.151970	-5.352525	21.901000
0.010380	0.150909	-5.364496	22.001000
0.017505	0.148930	-5.301971	22.101000
0.025045	0.151430	-5.278453	22.201000
0.032130	0.158029	-5.297779	22.302000
0.039693	0.154429	-5.188091	22.401000
0.046574	0.148364	-5.166977	22.501000
0.053647	0.145201	-5.236514	22.601000
0.060722	0.148653	-5.088748	22.702000
0.067983	0.162053	-5.017045	22.801000
0.075076	0.170212	-5.148184	22.901000
0.082236	0.172880	-5.170163	23.001000
0.089589	0.172453	-5.172251	23.101000
0.096843	0.160469	-5.203560	23.201000
0.103978	0.150702	-5.081699	23.301000
0.111152	0.150853	-4.892456	23.401000
0.118200	0.151063	-4.795603	23.501000
0.125458	0.151083	-4.761960	23.601000
0.132765	0.151922	-5.001735	23.701000
0.139706	0.147285	-5.228932	23.801000
0.147175	0.151409	-5.268185	23.901000
0.154750	0.159183	-5.160982	24.001000
0.162019	0.161524	-5.087313	24.101000
0.168983	0.159678	-5.193014	24.201000
0.176098	0.150769	-5.145791	24.301000
0.183419	0.144874	-4.959631	24.401000
0.190683	0.142590	-4.753230	24.501000
0.197878	0.146086	-4.616876	24.601000
0.205132	0.146054	-4.800920	24.701000
0.212183	0.145702	-4.952563	24.801000
0.219148	0.139257	-4.998306	24.901000
0.226676	0.139259	-4.941933	25.001000
0.233762	0.142159	-4.953581	25.101000
0.240784	0.144217	-4.982615	25.201000
0.248080	0.149825	-4.944683	25.301000
0.255177	0.152667	-4.972745	25.401000
0.262352	0.149730	-5.017314	25.501000
0.269268	0.143870	-5.135906	25.601000
0.276844	0.146689	-5.089487	25.701000
0.284365	0.145049	-5.153012	25.801000
0.291181	0.146272	-5.163429	25.901000
0.298408	0.147951	-5.137028	26.001000
0.305680	0.148643	-5.134154	26.101000
0.312905	0.149613	-5.088125	26.201000
0.320111	0.151712	-5.043404	26.301000
0.327558	0.154175	-4.929305	26.401000
0.335495	0.156410	-4.932370	26.501000
0.342726	0.154531	-5.021581	26.601000
0.350200	0.156213	-5.001830	26.701000
0.357612	0.153893	-4.920285	26.802000
0.364722	0.149465	-4.951387	26.901000
0.372151	0.143213	-5.052551	27.002000
0.379423	0.140627	-5.097867	27.101000
0.386535	0.144561	-5.155921	27.201000
0.394108	0.150277	-5.223633	27.301000
0.401571	0.151224	-5.182319	27.401000
0.408793	0.149895	-5.200082	27.501000
0.416333	0.150979	-5.107209	27.601000
0.423631	0.157123	-5.099329	27.701000
0.430968	0.156561	-5.236026	27.801000
0.438311	0.154765	-5.194087	27.901000
0.445504	0.153363	-5.125650	28.001000
0.452783	0.151726	-5.228616	28.101000
0.460585	0.151961	-5.156372	28.201000
0.468041	0.154593	-5.090066	28.301000
0.475555	0.150808	-5.081792	28.401000
0.483023	0.146313	-5.035314	28.502000
0.490273	0.143637	-4.948504	28.601000
0.497701	0.144434	-4.938660	28.701000
0.504858	0.155371	-4.947543	28.801000
0.512110	0.165072	-5.068735	28.901000
0.519626	0.166274	-5.153017	29.002000
0.527029	0.163802	-5.119734	29.101000
0.534372	0.160070	-5.175643	29.201000
0.541670	0.159594	-5.120127	29.301000
0.549012	0.159947	-4.990450	29.401000
0.556509	0.157109	-4.928098	29.501000
0.563836	0.157757	-4.961582	29.601000
0.571316	0.154791	-5.006258	29.701000
0.578593	0.164054	-4.968170	29.801000
0.586310	0.160697	-4.922938	29.902000
0.594066	0.156926	-4.933601	30.001000
0.601454	0.154795	-5.010794	30.101000
0.608816	0.149004	-4.924533	30.202000
0.616087	0.149067	-4.824230	30.301000
0.623622	0.151647	-4.877977	30.401000
0.630944	0.150958	-5.118302	30.501000
0.638289	0.147541	-5.176548	30.602000
0.646028	0.151177	-4.983169	30.701000
0.653274	0.155885	-4.871776	30.801000
0.660709	0.156122	-4.914933	30.901000
0.668621	0.161186	-5.002839	31.001000
0.675805	0.163498	-5.165242	31.101000
0.683399	0.164003	-5.164168	31.201000
0.690878	0.163519	-5.141519	31.302000
0.698178	0.162397	-5.124902	31.401000
0.705603	0.158261	-5.141961	31.501000
0.713218	0.161125	-5.191614	31.601000
0.720392	0.170074	-5.089712	31.701000
0.727848	0.168378	-5.020427	31.801000
0.735249	0.168891	-4.992518	31.901000
0.742453	0.174136	-4.998851	32.001000
0.750011	0.178391	-4.982470	32.101000
0.757633	0.177118	-5.016665	32.201000
0.764806	0.171229	-5.148197	32.301000
0.772169	0.173396	-5.310039	32.401000
0.779392	0.166681	-5.400718	32.501000
0.786780	0.164262	-5.345506	32.601000
0.794459	0.170503	-5.305991	32.701000
0.801805	0.168856	-5.267232	32.802000
0.809003	0.174178	-5.248922	32.901000
0.816698	0.176701	-5.256156	33.001000
0.824071	0.179133	-5.345827	33.101000
0.831249	0.182729	-5.289396	33.201000
0.838885	0.176824	-5.225227	33.301000
0.846422	0.172743	-5.124825	33.401000
0.854180	0.174578	-5.112003	33.501000
0.861405	0.181496	-5.197936	33.601000
0.868976	0.190302	-5.336970	33.701000
0.876540	0.201094	-5.398669	33.801000
0.883917	0.214799	-5.428711	33.901000
0.891226	0.235814	-5.551681	34.001000
0.898606	0.268161	-5.812297	34.101000
0.906563	0.322638	-6.046687	34.201000
0.914173	0.409967	-6.335288	34.301000
0.921695	0.531854	-6.607502	34.401000
0.929207	0.788013	-6.862653	34.501000
0.936481	1.403021	-7.168208	34.601000
0.943731	1.981347	-7.343393	34.701000
0.951211	1.750538	-7.476090	34.801000
0.958700	1.227048	-7.529041	34.901000
0.966462	0.790084	-7.440639	35.001000
0.974162	0.519205	-7.145251	35.101000
0.981849	0.369003	-6.742307	35.201000
0.989396	0.293162	-6.400195	35.301000
0.996922	0.252149	-6.190463	35.401000
1.004593	0.234277	-6.140267	35.502000
1.011932	0.231872	-6.077069	35.601000
1.019690	0.234469	-6.022919	35.701000
1.026877	0.233067	-5.940726	35.801000
1.034623	0.232011	-5.856980	35.901000
1.042354	0.231199	-5.775714	36.001000
1.049993	0.232397	-5.791155	36.101000
1.057249	0.231118	-5.796980	36.201000
1.065071	0.228835	-5.785897	36.301000
1.072085	0.229627	-5.769497	36.401000
1.080190	0.228226	-5.789359	36.501000
1.087448	0.227034	-5.759229	36.601000
1.095063	0.233165	-5.637276	36.701000
1.102353	0.239656	-5.504840	36.801000
1.110230	0.240330	-5.487607	36.901000
1.117427	0.234387	-5.513031	37.001000
1.125115	0.232729	-5.579737	37.101000
1.132617	0.242271	-5.646016	37.201000
1.139881	0.245403	-5.683504	37.301000
1.147666	0.238349	-5.641378	37.401000
1.155309	0.233571	-5.665772	37.501000
1.162663	0.235223	-5.626000	37.601000
1.170512	0.237953	-5.542299	37.701000
1.177761	0.240981	-5.491548	37.801000
1.185271	0.237267	-5.474371	37.902000
1.192594	0.236981	-5.464886	38.001000
1.200312	0.238557	-5.473658	38.101000
1.207416	0.240373	-5.505741	38.201000
1.215195	0.240005	-5.449471	38.301000
1.222813	0.237488	-5.400412	38.402000
1.230471	0.242053	-5.397746	38.502000
1.237918	0.245057	-5.481916	38.601000
1.245479	0.244977	-5.536638	38.701000
1.253304	0.243528	-5.453936	38.801000
1.260296	0.250191	-5.393930	38.901000
1.268287	0.272063	-5.399861	39.001000
1.275730	0.279914	-5.410012	39.102000
1.282600	0.275806	-5.408987	39.201000
1.291309	0.274665	-5.383915	39.301000
1.298156	0.282516	-5.362616	39.401000
1.306252	0.290268	-5.333204	39.501000
1.312962	0.295132	-5.330152	39.602000
1.321745	0.294693	-5.332024	39.701000
1.328600	0.298133	-5.329115	39.801000
1.335893	0.312437	-5.303634	39.901000
1.343491	0.333420	-5.279839	40.001000
1.351077	0.350599	-5.217652	40.101000
1.359074	0.372464	-5.166184	40.201000
1.366529	0.396740	-5.132235	40.301000
1.374156	0.408945	-5.085466	40.401000
1.381678	0.422370	-5.083095	40.501000
1.389396	0.439846	-5.105552	40.601000
1.396732	0.457947	-5.089248	40.701000
1.404189	0.476024	-5.005938	40.802000
1.412046	0.491693	-4.962841	40.901000
1.419077	0.500044	-4.957341	41.002000
1.427075	0.508176	-4.942426	41.101000
1.434875	0.523319	-4.901451	41.201000
1.442490	0.539329	-4.893423	41.302000
1.449246	0.547362	-4.881545	41.401000
1.457671	0.549973	-4.877593	41.501000
1.465272	0.553400	-4.850924	41.601000
1.472659	0.559314	-4.821703	41.701000
1.480650	0.570472	-4.774173	41.801000
1.486498	0.574567	-4.760506	41.901000
1.495516	0.573517	-4.744150	42.001000
1.502216	0.582354	-4.716887	42.101000
1.510073	0.593321	-4.695124	42.201000
1.517737	0.594839	-4.652699	42.301000
1.525005	0.586106	-4.630732	42.401000
1.532330	0.579538	-4.587089	42.501000
1.539965	0.586477	-4.482039	42.601000
1.547558	0.595084	-4.455051	42.701000
1.555582	0.597864	-4.475149	42.802000
1.563292	0.600300	-4.522056	42.901000
1.570826	0.599770	-4.554705	43.001000
1.578214	0.597930	-4.577578	43.101000
1.585867	0.596809	-4.586881	43.201000
1.593293	0.599542	-4.607726	43.301000
1.600795	0.605152	-4.587054	43.401000
1.608293	0.601152	-4.551938	43.501000
1.615809	0.603439	-4.532051	43.601000
1.623166	0.609819	-4.477645	43.701000
1.630672	0.610036	-4.451050	43.801000
1.638293	0.599784	-4.450726	43.901000
1.646446	0.594121	-4.436969	44.001000
1.653820	0.596710	-4.468347	44.101000
1.660888	0.600287	-4.549641	44.201000
1.668792	0.606411	-4.581023	44.301000
1.676115	0.606694	-4.588625	44.401000
1.683680	0.603535	-4.571048	44.501000
1.691748	0.597910	-4.521766	44.601000
1.699160	0.598571	-4.474070	44.702000
1.707107	0.595120	-4.476142	44.801000
1.714885	0.595208	-4.493574	44.901000
1.722234	0.596307	-4.464473	45.001000
1.729559	0.597188	-4.454900	45.101000
1.737274	0.599071	-4.459979	45.201000
1.744605	0.599069	-4.451762	45.301000
1.752174	0.594455	-4.486317	45.401000
1.760588	0.584180	-4.505568	45.501000
1.766737	0.581530	-4.483620	45.601000
1.775426	0.579610	-4.493223	45.701000
1.782637	0.581094	-4.531339	45.801000
1.789456	0.584818	-4.533462	45.901000
1.797128	0.592000	-4.486002	46.001000
1.805805	0.596884	-4.493908	46.101000
1.813572	0.603632	-4.490722	46.201000
1.818685	0.612962	-4.485256	46.302000
1.829192	0.609760	-4.488537	46.401000
1.833738	0.597765	-4.472352	46.501000
1.843936	0.595993	-4.440317	46.601000
1.849939	0.601232	-4.427469	46.701000
1.857463	0.604070	-4.446406	46.801000
1.865406	0.609037	-4.442307	46.901000
1.872793	0.605184	-4.476212	47.001000
1.880445	0.598705	-4.501043	47.101000
1.889335	0.598769	-4.519551	47.201000
1.895427	0.597503	-4.558247	47.301000
1.902846	0.593259	-4.558871	47.401000
1.912643	0.596270	-4.529309	47.501000
1.919007	0.596867	-4.481754	47.601000
1.925828	0.594356	-4.449407	47.701000
1.933740	0.598599	-4.425051	47.801000
1.941997	0.599707	-4.416071	47.901000
1.949588	0.600697	-4.425459	48.001000
1.956409	0.605199	-4.447117	48.101000
1.964605	0.607533	-4.493132	48.201000
1.972051	0.606017	-4.548025	48.301000
1.979327	0.606734	-4.577786	48.401000
1.987094	0.603374	-4.603203	48.501000
1.995217	0.598813	-4.589967	48.601000
2.002316	0.599370	-4.553597	48.701000
2.010502	0.599486	-4.497840	48.802000
2.017976	0.595121	-4.511447	48.901000
2.025615	0.590572	-4.521313	49.002000
2.033579	0.596093	-4.484898	49.101000
2.040805	0.594813	-4.463139	49.201000
2.048712	0.596595	-4.491854	49.301000
2.055966	0.602395	-4.538349	49.401000
2.063652	0.603081	-4.571869	49.501000
2.071532	0.600119	-4.572952	49.602000
2.079461	0.595204	-4.536482	49.701000
2.087032	0.597616	-4.461527	49.801000
2.094475	0.597625	-4.457740	49.901000
2.102470	0.589894	-4.460468	50.002000
2.110193	0.586672	-4.468280	50.101000
2.116840	0.593237	-4.463147	50.201000
2.124462	0.599041	-4.478945	50.301000
2.132837	0.598442	-4.469439	50.401000
2.142270	0.598532	-4.415747	50.501000
2.148403	0.598805	-4.413185	50.601000
2.154252	0.599933	-4.449091	50.702000
2.164583	0.599106	-4.472633	50.801000
2.169987	0.599111	-4.462721	50.901000
2.177840	0.599178	-4.454072	51.001000
2.187230	0.600750	-4.475338	51.101000
2.194936	0.597573	-4.501506	51.201000
2.200378	0.599329	-4.512058	51.301000
2.211019	0.604494	-4.481695	51.401000
2.217039	0.606362	-4.438960	51.501000
2.224392	0.602243	-4.423171	51.601000
2.233507	0.601153	-4.442018	51.701000
2.240676	0.600756	-4.445988	51.801000
2.248073	0.599127	-4.458011	51.901000
2.254999	0.597658	-4.455047	52.001000
2.262967	0.597155	-4.452385	52.102000
2.270661	0.595573	-4.450767	52.201000
2.277706	0.590069	-4.424623	52.301000
2.285276	0.586080	-4.423230	52.401000
2.293565	0.589927	-4.449466	52.501000
2.301037	0.593924	-4.446174	52.601000
2.307978	0.590668	-4.450417	52.701000
2.316085	0.588529	-4.448905	52.801000
2.323096	0.596187	-4.450903	52.901000
2.331279	0.603810	-4.439839	53.001000
2.338489	0.606989	-4.436433	53.101000
2.345806	0.607058	-4.449324	53.201000
2.354031	0.607966	-4.464944	53.301000
2.360819	0.598864	-4.508399	53.401000
2.369212	0.593270	-4.533823	53.501000
2.376204	0.590168	-4.537338	53.601000
2.384156	0.590072	-4.548897	53.701000
2.391347	0.590064	-4.517589	53.801000
2.399214	0.595849	-4.480429	53.901000
2.407070	0.601248	-4.483313	54.001000
2.414733	0.605965	-4.483720	54.101000
2.422165	0.597649	-4.471663	54.201000
2.430152	0.589683	-4.434580	54.302000
2.438226	0.586334	-4.445739	54.405000
2.446850	0.586457	-4.459178	54.501000
2.453080	0.585581	-4.458188	54.602000
2.458081	0.592138	-4.470014	54.701000
2.468905	0.597739	-4.480186	54.801000
2.478297	0.607383	-4.456612	54.901000
2.482345	0.615628	-4.429730	55.002000
2.489922	0.612304	-4.439516	55.101000
2.501185	0.604998	-4.460738	55.201000
2.506237	0.601931	-4.472873	55.301000
2.511849	0.599060	-4.467578	55.402000
2.525238	0.597507	-4.460831	55.502000
2.527559	0.597093	-4.463211	55.601000
2.537851	0.596841	-4.480615	55.701000
2.548484	0.594559	-4.526209	55.801000
2.551763	0.594867	-4.561710	55.901000
2.556680	0.598522	-4.554633	56.001000
2.568660	0.597067	-4.508960	56.101000
2.579367	0.598391	-4.473510	56.201000
2.586091	0.599778	-4.470597	56.301000
2.592900	0.599342	-4.466615	56.401000
2.599545	0.600771	-4.463710	56.501000
2.606332	0.599076	-4.453238	56.601000
2.615736	0.597285	-4.468122	56.701000
2.624862	0.599480	-4.473905	56.801000
2.631299	0.602498	-4.484533	56.901000
2.634180	0.608781	-4.495637	57.001000
2.644016	0.610569	-4.480444	57.101000
2.652855	0.609116	-4.466489	57.201000
2.657332	0.609681	-4.456180	57.301000
2.670149	0.607699	-4.462137	57.401000
2.674521	0.607215	-4.455626	57.501000
2.681581	0.602790	-4.492398	57.601000
2.692785	0.600486	-4.511186	57.701000
2.694689	0.602460	-4.531430	57.802000
2.707344	0.606134	-4.554631	57.901000
2.711045	0.608336	-4.545861	58.001000
2.722009	0.599578	-4.502681	58.101000
2.727506	0.590682	-4.522580	58.201000
2.734811	0.590827	-4.526276	58.301000
2.746003	0.595554	-4.540506	58.401000
2.748581	0.596252	-4.497156	58.501000
2.757527	0.593661	-4.457102	58.601000
2.768617	0.593086	-4.442472	58.701000
2.770988	0.596866	-4.447462	58.801000
2.781237	0.598661	-4.437323	58.901000
2.790412	0.595595	-4.464920	59.002000
2.793533	0.592237	-4.510248	59.101000
2.804701	0.591726	-4.492342	59.201000
2.812850	0.593314	-4.472667	59.301000
2.816763	0.593669	-4.472278	59.401000
2.825032	0.585357	-4.465060	59.501000
2.836000	0.584405	-4.453992	59.601000
2.842069	0.580713	-4.448139	59.701000
2.846226	0.584602	-4.445831	59.801000
2.855671	0.587347	-4.449322	59.901000
2.865763	0.586742	-4.484570	60.001000
2.868680	0.588239	-4.533836	60.101000
2.879970	0.595106	-4.495253	60.201000
2.884672	0.600721	-4.438748	60.302000
2.895670	0.603019	-4.401274	60.401000
2.900023	0.596420	-4.369250	60.501000
2.909870	0.590509	-4.368217	60.601000
2.915436	0.587950	-4.413154	60.701000
2.925098	0.589144	-4.447629	60.802000
2.930432	0.586577	-4.449191	60.901000
2.940892	0.588331	-4.451460	61.002000
2.944946	0.595627	-4.494187	61.101000
2.956440	0.602642	-4.550826	61.201000
2.959970	0.598145	-4.550411	61.301000
2.971286	0.592340	-4.497372	61.401000
2.975355	0.591760	-4.515737	61.501000
2.985886	0.584190	-4.504970	61.601000
2.992085	0.584730	-4.472972	61.701000
3.000141	0.585062	-4.476556	61.801000
3.007655	0.588244	-4.486261	61.901000
3.013124	0.594215	-4.513119	62.001000
3.024444	0.596844	-4.503984	62.101000
3.028386	0.597614	-4.483151	62.201000
3.038748	0.596357	-4.484022	62.301000
3.045266	0.591132	-4.426682	62.401000
3.051109	0.593210	-4.391655	62.501000
3.062031	0.597079	-4.390360	62.601000
3.069122	0.600907	-4.411365	62.701000
3.074373	0.599245	-4.454648	62.801000
3.081833	0.592090	-4.473219	62.901000
3.089694	0.592059	-4.436544	63.001000
3.098207	0.593372	-4.419897	63.101000
3.106473	0.591309	-4.433560	63.201000
3.114394	0.595045	-4.437851	63.301000
3.121246	0.597997	-4.455400	63.401000
3.128924	0.598065	-4.523808	63.501000
3.136410	0.593072	-4.526641	63.601000
3.143395	0.593258	-4.534647	63.701000
3.151255	0.595177	-4.526990	63.802000
3.160180	0.592862	-4.492583	63.901000
3.169075	0.594175	-4.461961	64.002000
3.175568	0.597396	-4.482990	64.101000
3.181238	0.601604	-4.488286	64.201000
3.191111	0.605453	-4.519877	64.301000
3.199175	0.597584	-4.533703	64.401000
3.204531	0.584909	-4.485671	64.501000
3.212741	0.577149	-4.445232	64.601000
3.222464	0.583501	-4.425623	64.701000
3.229484	0.594275	-4.425879	64.801000
3.234666	0.600214	-4.423237	64.901000
3.244709	0.606018	-4.427716	65.001000
3.252987	0.609657	-4.436384	65.101000
3.258335	0.610147	-4.438237	65.201000
3.268526	0.603967	-4.427303	65.301000
3.273992	0.599439	-4.409586	65.402000
3.282959	0.600911	-4.365888	65.502000
3.290923	0.605904	-4.379806	65.601000
3.296965	0.603095	-4.410375	65.701000
3.306183	0.598868	-4.444656	65.802000
3.313377	0.592520	-4.489708	65.901000
3.319382	0.583607	-4.541200	66.001000
3.327520	0.582088	-4.546981	66.101000
3.335193	0.582664	-4.537878	66.201000
3.343264	0.582294	-4.519555	66.301000
3.350680	0.579050	-4.473276	66.401000
3.358256	0.580653	-4.472692	66.501000
3.365577	0.584455	-4.459248	66.602000
3.373439	0.592557	-4.434159	66.701000
3.381204	0.593953	-4.460491	66.802000
3.385967	0.594550	-4.508146	66.901000
3.388147	0.597927	-4.491339	67.001000
3.386338	0.605104	-4.444438	67.101000
3.383816	0.608112	-4.442959	67.201000
3.381579	0.611766	-4.460751	67.301000
3.378000	0.605779	-4.454419	67.401000
3.374774	0.595668	-4.426072	67.501000
3.370222	0.590571	-4.395818	67.601000
3.366373	0.587079	-4.382191	67.701000
3.361824	0.586886	-4.352778	67.802000
3.357713	0.579359	-4.357212	67.901000
3.353465	0.579416	-4.411882	68.001000
3.348695	0.589012	-4.427103	68.101000
3.343497	0.588782	-4.437637	68.201000
3.338375	0.585917	-4.448136	68.302000
3.333283	0.587501	-4.453216	68.401000
3.327953	0.593093	-4.471894	68.501000
3.322890	0.596847	-4.465783	68.601000
3.317486	0.596618	-4.489761	68.701000
3.311910	0.597050	-4.525954	68.802000
3.306252	0.589182	-4.566737	68.901000
3.300549	0.581020	-4.563250	69.001000
3.294815	0.582632	-4.550365	69.101000
3.289625	0.588030	-4.469438	69.201000
3.283556	0.594731	-4.453835	69.301000
3.277515	0.598979	-4.445982	69.401000
3.271850	0.598255	-4.403269	69.502000
3.266049	0.594172	-4.379035	69.601000
3.260208	0.592284	-4.363003	69.701000
3.254301	0.599683	-4.328534	69.802000
3.248903	0.598976	-4.368897	69.901000
3.241881	0.589946	-4.430594	70.001000
3.236275	0.578261	-4.464496	70.101000
3.231083	0.571305	-4.472531	70.202000
3.223751	0.581992	-4.486773	70.301000
3.218098	0.587944	-4.493757	70.401000
3.211768	0.594104	-4.468278	70.502000
3.205886	0.595137	-4.462760	70.601000
3.199745	0.591158	-4.440717	70.701000
3.193878	0.596673	-4.419144	70.801000
3.187484	0.602112	-4.423986	70.901000
3.181701	0.601376	-4.427994	71.001000
3.174764	0.595977	-4.426465	71.101000
3.169212	0.593672	-4.425062	71.201000
3.162303	0.599389	-4.434164	71.301000
3.155858	0.603739	-4.433849	71.401000
3.149233	0.598324	-4.431909	71.501000
3.143074	0.591893	-4.448028	71.601000
3.136971	0.587839	-4.457958	71.701000
3.130617	0.590050	-4.472658	71.801000
3.124846	0.589965	-4.469981	71.902000
3.117818	0.594463	-4.485546	72.001000
3.111097	0.597499	-4.521434	72.101000
3.105170	0.599244	-4.506919	72.201000
3.098296	0.604993	-4.479220	72.301000
3.091659	0.599520	-4.481223	72.401000
3.085798	0.588939	-4.452050	72.502000
3.079569	0.578998	-4.421855	72.601000
3.072372	0.583215	-4.401471	72.701000
3.067008	0.587163	-4.432055	72.802000
3.059898	0.591352	-4.446726	72.901000
3.053182	0.591120	-4.417437	73.001000
3.047149	0.590944	-4.401167	73.101000
3.039729	0.585309	-4.436595	73.201000
3.032858	0.581970	-4.450003	73.301000
3.027159	0.583323	-4.437027	73.401000
3.020623	0.594545	-4.435361	73.501000
3.013423	0.591117	-4.460100	73.601000
3.007480	0.583886	-4.480819	73.701000
3.000180	0.581378	-4.493200	73.801000
2.994767	0.579894	-4.460295	73.901000
2.987686	0.585560	-4.456590	74.001000
2.980358	0.596980	-4.509871	74.101000
2.974453	0.603076	-4.548347	74.202000
2.968415	0.604733	-4.552822	74.301000
2.961533	0.597598	-4.480080	74.401000
2.954473	0.589469	-4.434552	74.501000
2.948261	0.588383	-4.438116	74.601000
2.941765	0.590176	-4.483718	74.701000
2.934966	0.587186	-4.495415	74.801000
2.928057	0.582569	-4.478964	74.901000
2.922577	0.577221	-4.478122	75.001000
2.917235	0.578252	-4.500462	75.101000
2.906818	0.587371	-4.501449	75.202000
2.903690	0.595344	-4.497712	75.301000
2.894791	0.599116	-4.525074	75.401000
2.888392	0.598389	-4.512280	75.501000
2.884354	0.598033	-4.524277	75.601000
2.872443	0.595964	-4.508700	75.701000
2.866500	0.592567	-4.532287	75.801000
2.865107	0.587378	-4.551634	75.901000
2.858756	0.588647	-4.513644	76.001000
2.849045	0.596443	-4.447211	76.101000
2.839360	0.599269	-4.426178	76.202000
2.833507	0.595054	-4.392088	76.302000
2.829537	0.594553	-4.369612	76.401000
2.825020	0.598151	-4.397181	76.501000
2.815993	0.597577	-4.400950	76.601000
2.804341	0.594540	-4.407038	76.701000
2.800161	0.594651	-4.431161	76.801000
2.797596	0.593308	-4.457549	76.901000
2.790024	0.594564	-4.458967	77.001000
2.781034	0.593567	-4.462751	77.101000
2.771064	0.597833	-4.445239	77.201000
2.767020	0.597165	-4.436431	77.301000
2.761591	0.595989	-4.433014	77.401000
2.751013	0.597159	-4.431157	77.501000
2.747232	0.597760	-4.446692	77.601000
2.740064	0.599322	-4.460454	77.701000
2.732340	0.595619	-4.493606	77.801000
2.725205	0.591876	-4.543648	77.901000
2.718952	0.595627	-4.541708	78.001000
2.712590	0.594202	-4.496396	78.101000
2.705403	0.588641	-4.471999	78.201000
2.697597	0.585829	-4.439703	78.301000
2.690450	0.590456	-4.437440	78.401000
2.683915	0.589183	-4.490677	78.501000
2.677650	0.589550	-4.537944	78.601000
2.670662	0.593184	-4.564947	78.701000
2.663554	0.593780	-4.577208	78.801000
2.656534	0.600917	-4.588387	78.901000
2.650145	0.604210	-4.568929	79.001000
2.642583	0.596910	-4.542654	79.101000
2.636105	0.588681	-4.475874	79.201000
2.629195	0.587232	-4.448105	79.301000
2.622404	0.592946	-4.452211	79.402000
2.614906	0.600758	-4.482020	79.501000
2.608250	0.611387	-4.530570	79.602000
2.602064	0.612069	-4.489233	79.701000
2.594961	0.612753	-4.434951	79.801000
2.587416	0.612307	-4.437389	79.901000
2.580462	0.606479	-4.428574	80.001000
2.572921	0.601967	-4.407376	80.101000
2.566150	0.598238	-4.394100	80.201000
2.558735	0.599071	-4.399884	80.301000
2.552446	0.595219	-4.386469	80.401000
2.545943	0.589306	-4.386193	80.501000
2.539378	0.592112	-4.421054	80.601000
2.530473	0.595459	-4.453725	80.701000
2.524840	0.598727	-4.460840	80.802000
2.517937	0.598888	-4.454185	80.901000
2.509831	0.596998	-4.454460	81.001000
2.505792	0.596531	-4.421843	81.101000
2.494742	0.596546	-4.385041	81.201000
2.489469	0.595106	-4.402191	81.301000
2.483566	0.598762	-4.445309	81.401000
2.476990	0.600627	-4.441023	81.502000
2.467595	0.595017	-4.427954	81.601000
2.460798	0.596031	-4.409255	81.702000
2.456334	0.599806	-4.426857	81.801000
2.447215	0.599137	-4.505027	81.901000
2.441650	0.597511	-4.486976	82.001000
2.434825	0.596156	-4.458488	82.101000
2.428645	0.594327	-4.465482	82.201000
2.420135	0.597317	-4.477762	82.301000
2.413612	0.598303	-4.475840	82.401000
2.404985	0.598843	-4.513778	82.501000
2.399405	0.600646	-4.542766	82.601000
2.391285	0.600020	-4.521318	82.701000
2.384375	0.596545	-4.493206	82.801000
2.377254	0.597180	-4.477930	82.901000
2.370457	0.600034	-4.477917	83.001000
2.363308	0.597692	-4.485970	83.101000
2.356340	0.589487	-4.467352	83.201000
2.349489	0.590529	-4.454606	83.301000
2.341648	0.597850	-4.467163	83.401000
2.334351	0.600694	-4.464459	83.501000
2.327642	0.604179	-4.468371	83.601000
2.320678	0.596961	-4.483137	83.701000
2.313998	0.595396	-4.464720	83.801000
2.306410	0.596169	-4.450741	83.901000
2.299706	0.599135	-4.471505	84.001000
2.292675	0.598226	-4.450095	84.101000
2.285169	0.593908	-4.436488	84.201000
2.278115	0.590878	-4.445467	84.302000
2.271454	0.591866	-4.426598	84.401000
2.263558	0.592882	-4.436907	84.501000
2.255849	0.592653	-4.457703	84.601000
2.249893	0.601441	-4.463560	84.701000
2.241731	0.610022	-4.460994	84.801000
2.236971	0.613492	-4.480137	84.901000
2.228255	0.609182	-4.508325	85.001000
2.220144	0.602955	-4.516356	85.101000
2.213067	0.596829	-4.496610	85.201000
2.206351	0.598575	-4.522070	85.301000
2.200418	0.599277	-4.542618	85.401000
2.193854	0.600783	-4.508736	85.501000
2.183033	0.606709	-4.479870	85.602000
2.179761	0.602612	-4.494718	85.701000
2.170882	0.596606	-4.493640	85.801000
2.163648	0.592976	-4.461053	85.901000
2.157028	0.599241	-4.444123	86.001000
2.148025	0.598770	-4.450284	86.102000
2.141791	0.598296	-4.474528	86.201000
2.134329	0.597609	-4.522401	86.301000
2.127631	0.591691	-4.499453	86.401000
2.119789	0.587482	-4.462397	86.502000
2.112618	0.590643	-4.436833	86.602000
2.105876	0.597437	-4.457713	86.701000
2.097977	0.597204	-4.488544	86.801000
2.090318	0.596661	-4.530405	86.901000
2.083488	0.598013	-4.522278	87.001000
2.076399	0.598548	-4.476833	87.107000
2.069307	0.598538	-4.471322	87.201000
2.062352	0.597186	-4.468197	87.301000
2.054573	0.599302	-4.456761	87.401000
2.047422	0.605579	-4.443549	87.501000
2.040365	0.606365	-4.472077	87.601000
2.033454	0.600846	-4.480223	87.701000
2.026908	0.599563	-4.446958	87.801000
2.018821	0.596866	-4.461150	87.901000
2.012727	0.594704	-4.519792	88.001000
2.005517	0.594307	-4.547324	88.101000
1.998451	0.592001	-4.512907	88.201000
1.990876	0.590551	-4.428202	88.301000
1.983644	0.596701	-4.376720	88.402000
1.976679	0.601026	-4.358128	88.501000
1.969295	0.597120	-4.376348	88.601000
1.962106	0.592079	-4.449736	88.701000
1.954812	0.589129	-4.488742	88.801000
1.947692	0.593585	-4.462114	88.901000
1.940696	0.599031	-4.471256	89.001000
1.933276	0.598687	-4.535267	89.101000
1.926005	0.595251	-4.562338	89.201000
1.919110	0.589387	-4.540609	89.301000
1.911287	0.590692	-4.506076	89.401000
1.903864	0.594071	-4.451543	89.502000
1.896957	0.601984	-4.405125	89.601000
1.890233	0.610873	-4.407952	89.702000
1.882736	0.614424	-4.449523	89.801000
1.874130	0.602154	-4.460825	89.901000
1.868779	0.598718	-4.443360	90.001000
1.860292	0.599171	-4.446030	90.102000
1.853611	0.604323	-4.446625	90.201000
1.846012	0.607270	-4.428227	90.301000
1.838704	0.605657	-4.438827	90.401000
1.831566	0.602216	-4.448687	90.501000
1.824449	0.606583	-4.450703	90.601000
1.817280	0.601702	-4.465185	90.701000
1.809440	0.598061	-4.495697	90.801000
1.802298	0.598508	-4.473837	90.901000
1.794980	0.602901	-4.461347	91.001000
1.787354	0.607225	-4.475419	91.101000
1.779848	0.609007	-4.477110	91.201000
1.772429	0.616534	-4.435918	91.301000
1.765077	0.618847	-4.413547	91.402000
1.757939	0.619461	-4.432104	91.501000
1.750679	0.616874	-4.466487	91.601000
1.743752	0.609850	-4.482838	91.701000
1.735647	0.609134	-4.501320	91.801000
1.728966	0.607030	-4.536552	91.901000
1.721321	0.601395	-4.540782	92.001000
1.713669	0.600608	-4.512286	92.101000
1.707042	0.597897	-4.507265	92.201000
1.699347	0.607126	-4.519533	92.301000
1.692471	0.608464	-4.514925	92.401000
1.684322	0.600101	-4.518129	92.501000
1.677453	0.601298	-4.499428	92.601000
1.670070	0.607826	-4.497099	92.701000
1.662009	0.606757	-4.475869	92.801000
1.654468	0.601368	-4.475524	92.901000
1.647537	0.596854	-4.485230	93.001000
1.640066	0.597327	-4.479992	93.101000
1.633049	0.597383	-4.484471	93.202000
1.625480	0.598855	-4.517831	93.301000
1.618254	0.598234	-4.535663	93.401000
1.610655	0.592682	-4.546684	93.502000
1.603158	0.596450	-4.546822	93.602000
1.595277	0.593427	-4.529019	93.701000
1.588157	0.589367	-4.494257	93.801000
1.580480	0.590822	-4.500018	93.901000
1.573204	0.592121	-4.530599	94.001000
1.565876	0.592305	-4.494508	94.101000
1.558407	0.596693	-4.493081	94.201000
1.551215	0.598095	-4.511733	94.301000
1.543960	0.601274	-4.549907	94.401000
1.536195	0.604802	-4.556246	94.501000
1.528865	0.604723	-4.541094	94.601000
1.521569	0.599185	-4.546727	94.701000
1.514393	0.599864	-4.584861	94.801000
1.506841	0.598300	-4.614344	94.901000
1.499584	0.592704	-4.666939	95.001000
1.492268	0.581112	-4.726035	95.101000
1.484722	0.575248	-4.703934	95.201000
1.477682	0.570252	-4.679302	95.301000
1.469638	0.567017	-4.721177	95.401000
1.462163	0.570008	-4.784423	95.501000
1.454698	0.565930	-4.819268	95.601000
1.447108	0.558847	-4.831799	95.701000
1.439959	0.553970	-4.855170	95.801000
1.432692	0.555082	-4.931756	95.901000
1.425169	0.559650	-4.993423	96.001000
1.418181	0.553364	-5.038406	96.101000
1.410359	0.536161	-5.061404	96.201000
1.402947	0.515697	-5.103056	96.301000
1.395431	0.497604	-5.099227	96.401000
1.387842	0.482749	-5.104872	96.501000
1.380943	0.467430	-5.118515	96.601000
1.373202	0.448475	-5.146117	96.701000
1.365727	0.429571	-5.135571	96.801000
1.358148	0.406847	-5.151435	96.901000
1.350860	0.390028	-5.180438	97.001000
1.342953	0.372011	-5.155138	97.101000
1.335622	0.356732	-5.153080	97.201000
1.328336	0.343701	-5.120115	97.301000
1.320485	0.328892	-5.130109	97.402000
1.313328	0.316215	-5.168180	97.501000
1.306016	0.306565	-5.176874	97.601000
1.298497	0.296108	-5.175191	97.702000
1.291205	0.286135	-5.135033	97.801000
1.283590	0.284734	-5.136652	97.901000
1.275702	0.282564	-5.139248	98.001000
1.268259	0.273058	-5.158955	98.102000
1.260644	0.261388	-5.194151	98.201000
1.253032	0.253117	-5.221272	98.301000
1.245762	0.244756	-5.280035	98.401000
1.238095	0.246135	-5.311752	98.501000
1.230910	0.247815	-5.326005	98.602000
1.223217	0.247433	-5.430213	98.701000
1.215446	0.243591	-5.504799	98.801000
1.207864	0.238729	-5.451204	98.901000
1.200270	0.238399	-5.356160	99.001000
1.192983	0.236492	-5.315439	99.101000
1.185004	0.238257	-5.276612	99.201000
1.177246	0.236169	-5.280697	99.301000
1.170348	0.234090	-5.316861	99.401000
1.162397	0.230359	-5.359850	99.501000
1.155015	0.223378	-5.350533	99.601000
1.147129	0.219609	-5.293286	99.701000
1.139445	0.215865	-5.289761	99.801000
1.132235	0.210024	-5.308284	99.901000
1.124586	0.210856	-5.345950	100.001000
1.117065	0.208072	-5.349111	100.102000
1.109689	0.206655	-5.413450	100.201000
1.102149	0.210043	-5.466870	100.301000
1.094601	0.221457	-5.484732	100.401000
1.087017	0.221540	-5.407006	100.501000
1.079514	0.214073	-5.360587	100.601000
1.071989	0.209799	-5.372351	100.701000
1.064215	0.212830	-5.383284	100.802000
1.056689	0.212651	-5.398325	100.901000
1.049277	0.210938	-5.413053	101.001000
1.041716	0.207288	-5.485440	101.101000
1.034174	0.203370	-5.489823	101.201000
1.026631	0.197180	-5.506491	101.301000
1.019275	0.187637	-5.499280	101.401000
1.011772	0.188817	-5.499031	101.501000
1.004223	0.197112	-5.641701	101.601000
0.996636	0.198151	-5.707756	101.701000
0.988948	0.196720	-5.673720	101.802000
0.981472	0.196887	-5.630063	101.901000
0.974013	0.199623	-5.616621	102.002000
0.966679	0.196549	-5.568349	102.101000
0.959231	0.193379	-5.552047	102.201000
0.951663	0.192309	-5.462761	102.302000
0.944419	0.194591	-5.396503	102.401000
0.936783	0.191205	-5.330135	102.501000
0.929507	0.192145	-5.292104	102.601000
0.921976	0.197735	-5.336689	102.702000
0.914168	0.199039	-5.436114	102.801000
0.906862	0.199050	-5.436569	102.901000
0.899401	0.201263	-5.374827	103.001000
0.891342	0.204548	-5.376493	103.101000
0.883507	0.206072	-5.476218	103.201000
0.876143	0.202046	-5.455209	103.302000
0.868377	0.190270	-5.487418	103.401000
0.860629	0.171983	-5.580429	103.501000
0.853216	0.170919	-5.583800	103.601000
0.845719	0.175342	-5.506064	103.701000
0.838159	0.174014	-5.385741	103.801000
0.830559	0.174384	-5.420287	103.902000
0.822896	0.174382	-5.471635	104.001000
0.815413	0.178986	-5.522005	104.101000
0.807742	0.190504	-5.476340	104.201000
0.799864	0.188116	-5.338108	104.301000
0.792448	0.192068	-5.500794	104.401000
0.784855	0.189698	-5.622669	104.501000
0.777152	0.183093	-5.609454	104.601000
0.769845	0.183687	-5.514461	104.701000
0.762286	0.179296	-5.464908	104.801000
0.754644	0.174027	-5.510412	104.901000
0.747290	0.172152	-5.582343	105.001000
0.739676	0.178115	-5.635657	105.101000
0.732130	0.182063	-5.767936	105.201000
0.724610	0.179731	-5.871841	105.301000
0.717054	0.179643	-5.852414	105.401000
0.709433	0.186915	-5.769567	105.501000
0.701829	0.189537	-5.835695	105.601000
0.694129	0.183818	-5.822574	105.701000
0.686341	0.183088	-5.731136	105.801000
0.678812	0.185760	-5.755568	105.902000
0.671111	0.180540	-5.863824	106.002000
0.663180	0.182534	-5.941403	106.101000
0.655602	0.183887	-5.921990	106.201000
0.648143	0.186327	-5.829035	106.302000
0.640618	0.185812	-5.761371	106.401000
0.633112	0.180387	-5.813427	106.501000
0.625237	0.178621	-5.757058	106.601000
0.617643	0.184314	-5.674986	106.701000
0.610005	0.187191	-5.687493	106.801000
0.602294	0.187542	-5.726703	106.901000
0.594888	0.187957	-5.717717	107.001000
0.587427	0.184801	-5.607646	107.101000
0.579708	0.178227	-5.611487	107.201000
0.572053	0.171775	-5.696501	107.301000
0.564015	0.171489	-5.680146	107.401000
0.556311	0.171931	-5.627012	107.502000
0.548644	0.173364	-5.612139	107.601000
0.541082	0.179311	-5.660831	107.702000
0.533191	0.179318	-5.616551	107.801000
0.525836	0.179418	-5.538659	107.901000
0.518052	0.179460	-5.593056	108.001000
0.510518	0.173944	-5.544569	108.101000
0.502782	0.172156	-5.505025	108.201000
0.495404	0.163643	-5.468321	108.302000
0.487777	0.160745	-5.397340	108.401000
0.480053	0.165734	-5.395098	108.501000
0.472689	0.173209	-5.423020	108.601000
0.465112	0.169708	-5.389543	108.701000
0.457365	0.165959	-5.380297	108.801000
0.449705	0.168566	-5.416786	108.901000
0.442163	0.169199	-5.301122	109.001000
0.434835	0.178426	-5.302854	109.101000
0.427222	0.182298	-5.429210	109.201000
0.419604	0.172944	-5.458449	109.301000
0.411868	0.166437	-5.343824	109.401000
0.404163	0.163428	-5.243802	109.501000
0.396864	0.163504	-5.268122	109.601000
0.389025	0.165570	-5.318780	109.701000
0.381427	0.162657	-5.367722	109.801000
0.373619	0.159431	-5.446172	109.901000
0.365618	0.163938	-5.336341	110.001000
0.357851	0.164152	-5.263314	110.101000
0.350163	0.162858	-5.259180	110.201000
0.342487	0.160706	-5.279372	110.301000
0.335052	0.159929	-5.341479	110.401000
0.327370	0.158236	-5.349115	110.501000
0.319951	0.158822	-5.299148	110.601000
0.312233	0.162741	-5.284644	110.701000
0.304142	0.158944	-5.211006	110.801000
0.296569	0.165049	-5.095660	110.901000
0.288899	0.173313	-5.054742	111.002000
0.281200	0.173221	-5.038214	111.101000
0.273547	0.165478	-5.116850	111.201000
0.266127	0.160087	-5.178414	111.301000
0.258692	0.160575	-5.122927	111.401000
0.251261	0.163154	-5.129862	111.501000
0.243317	0.164547	-5.206376	111.601000
0.235361	0.163027	-5.262889	111.701000
0.227662	0.159250	-5.303413	111.801000
0.219723	0.154121	-5.282444	111.901000
0.212046	0.148964	-5.219940	112.001000
0.204418	0.149906	-5.129315	112.101000
0.196781	0.151853	-5.149698	112.201000
0.189096	0.160674	-5.175689	112.301000
0.181426	0.178990	-5.278123	112.401000
0.173234	0.181983	-5.367136	112.501000
0.165433	0.178914	-5.355851	112.601000
0.157743	0.171940	-5.316694	112.701000
0.149923	0.162175	-5.224931	112.801000
0.142535	0.158909	-5.161634	112.901000
0.135074	0.156047	-5.184543	113.001000
0.127268	0.158016	-5.135042	113.102000
0.119699	0.160679	-5.152113	113.201000
0.112016	0.163481	-5.197535	113.301000
0.104095	0.166219	-5.197807	113.401000
0.096208	0.169249	-5.198323	113.501000
0.088413	0.165218	-5.262945	113.601000
0.080605	0.161986	-5.184010	113.701000
0.072920	0.163405	-5.166037	113.801000
0.065375	0.163491	-5.147939	113.901000
0.057852	0.159438	-5.090060	114.001000
0.050265	0.159326	-5.127739	114.101000
0.042267	0.167229	-5.256906	114.201000
0.034112	0.162247	-5.209174	114.302000
0.026573	0.159335	-5.105874	114.401000
0.018800	0.161620	-5.004085	114.501000
0.010991	0.160128	-4.964666	114.601000
0.003386	0.162937	-5.005494	114.702000
-0.004183	0.170653	-4.992815	114.801000
-0.011989	0.174095	-5.031256	114.901000
-0.019506	0.167984	-5.184985	115.001000
-0.027263	0.155577	-5.198396	115.101000
-0.035197	0.148349	-5.183171	115.201000
-0.042541	0.143247	-5.217821	115.301000
-0.050399	0.144332	-5.249646	115.401000
-0.057734	0.149491	-5.022308	115.501000
-0.065372	0.157564	-4.877296	115.602000
-0.073007	0.163359	-4.774198	115.701000
-0.080701	0.164961	-4.719856	115.801000
-0.088044	0.159088	-4.727702	115.901000
-0.095672	0.156556	-4.766616	116.002000
-0.103457	0.154405	-4.854425	116.101000
-0.110887	0.149843	-5.017091	116.201000
-0.118590	0.146409	-4.978077	116.302000
-0.126062	0.145744	-4.899454	116.401000
-0.133729	0.147692	-4.926377	116.501000
-0.141409	0.152927	-4.999009	116.601000
-0.148941	0.152529	-4.896404	116.701000
-0.156946	0.152076	-4.845869	116.801000
-0.164247	0.157335	-4.985514	116.901000
-0.168300	0.160882	-5.117291	117.001000
-0.171254	0.158296	-5.035639	117.101000
-0.173644	0.155740	-4.934255	117.201000
-0.175574	0.150551	-4.866148	117.301000
-0.177512	0.149149	-4.854642	117.401000
-0.179139	0.150409	-4.951655	117.501000
-0.180432	0.146312	-5.098421	117.601000
-0.181972	0.133939	-5.232677	117.701000
-0.182971	0.130781	-5.229592	117.801000
-0.184303	0.136788	-5.092248	117.901000
-0.185454	0.139145	-5.071949	118.001000
-0.186359	0.139660	-5.111170	118.102000
-0.187173	0.134657	-5.023298	118.201000
-0.188018	0.127949	-4.806906	118.301000
-0.188984	0.121414	-4.682439	118.401000
-0.189504	0.123847	-4.686847	118.501000
-0.190284	0.132016	-4.697160	118.601000
-0.191313	0.141350	-4.621844	118.702000
-0.191677	0.148332	-4.488529	118.801000
-0.192100	0.148412	-4.652028	118.901000
-0.192777	0.145612	-4.834383	119.001000
-0.193458	0.143938	-4.973547	119.101000
-0.193997	0.141054	-4.978481	119.201000
-0.194376	0.141638	-4.959771	119.301000
-0.194875	0.142882	-4.912044	119.401000
-0.195411	0.143628	-4.810658	119.502000
-0.195728	0.147546	-4.764892	119.601000
-0.196191	0.149176	-4.935065	119.701000
-0.196453	0.146418	-4.994433	119.802000
-0.197121	0.141961	-4.873120	119.901000
-0.197330	0.137922	-4.772028	120.001000
-0.197653	0.138830	-4.829194	120.101000
-0.197942	0.140580	-4.819407	120.201000
-0.198343	0.144101	-4.824837	120.301000
-0.198855	0.148462	-4.857626	120.401000
-0.199007	0.146335	-4.789249	120.501000
-0.199306	0.146298	-4.768659	120.601000
-0.199684	0.145384	-4.782376	120.701000
-0.199728	0.144894	-4.624365	120.801000
-0.200034	0.141687	-4.461778	120.901000
-0.200265	0.144100	-4.598384	121.001000
-0.200608	0.152276	-4.824738	121.101000
-0.200901	0.152367	-4.844326	121.201000
-0.201164	0.153520	-4.847040	121.302000
-0.201294	0.149734	-4.844369	121.401000
-0.201309	0.142997	-4.813066	121.501000
-0.201719	0.133522	-4.717722	121.601000
-0.201751	0.129062	-4.720353	121.701000
-0.201893	0.130089	-4.863879	121.801000
-0.202072	0.128714	-5.042747	121.901000
-0.202315	0.130771	-4.985889	122.001000
-0.202487	0.133814	-4.856740	122.101000
-0.202760	0.138446	-4.762192	122.202000
-0.202850	0.144034	-4.751248	122.301000
-0.202999	0.141241	-4.751577	122.401000
-0.203366	0.142272	-4.841280	122.501000
-0.203497	0.140354	-4.871762	122.601000
-0.203609	0.139737	-4.781888	122.701000
-0.203588	0.142330	-4.701254	122.801000
-0.204087	0.142905	-4.675164	122.901000
-0.204100	0.142155	-4.732129	123.001000
-0.204169	0.134429	-4.752744	123.101000
-0.204424	0.128267	-4.653044	123.201000
-0.204413	0.130871	-4.629971	123.301000
-0.204409	0.129515	-4.710179	123.402000
-0.204700	0.127428	-4.915046	123.501000
-0.204828	0.130827	-5.001630	123.601000
-0.204856	0.135747	-4.947149	123.701000
-0.205038	0.140822	-4.855671	123.801000
-0.204856	0.142007	-4.853243	123.901000
-0.205033	0.139921	-4.945511	124.001000
-0.205247	0.142221	-4.869338	124.101000
-0.205263	0.145676	-4.772133	124.201000
-0.205493	0.146493	-4.744171	124.301000
-0.205396	0.149106	-4.668676	124.401000
-0.205561	0.147933	-4.481677	124.501000
-0.205523	0.140436	-4.400858	124.601000
-0.205580	0.132493	-4.599391	124.701000
-0.205753	0.126013	-4.787262	124.801000
-0.206026	0.126436	-4.766862	124.901000
-0.205870	0.129467	-4.718566	125.002000
-0.206214	0.134307	-4.751455	125.101000
-0.205990	0.139564	-4.781606	125.201000
-0.206329	0.142248	-4.698893	125.301000
-0.206384	0.147515	-4.733220	125.401000
-0.206316	0.142478	-4.870647	125.501000
-0.206678	0.143406	-4.855373	125.601000
-0.206442	0.141725	-4.811373	125.701000
-0.206457	0.134249	-4.829913	125.801000
-0.206780	0.130455	-4.932185	125.901000
-0.206941	0.125413	-4.865617	126.001000
-0.206824	0.126292	-4.720137	126.101000
-0.206802	0.129499	-4.710413	126.201000
-0.206863	0.135142	-4.801151	126.301000
-0.207001	0.134643	-4.754326	126.401000
-0.206896	0.131175	-4.649829	126.501000
-0.207202	0.130951	-4.702384	126.601000
-0.207250	0.131909	-4.757799	126.701000
-0.207303	0.134140	-4.730562	126.801000
-0.207252	0.136565	-4.635029	126.901000
-0.207442	0.139857	-4.562888	127.001000
-0.207399	0.143640	-4.593987	127.101000
-0.207408	0.146067	-4.647377	127.201000
-0.207478	0.143233	-4.682884	127.302000
-0.207548	0.145177	-4.672150	127.401000
-0.207571	0.140996	-4.713467	127.502000
-0.207656	0.137830	-4.769227	127.601000
-0.207697	0.133379	-4.764022	127.701000
-0.207744	0.137820	-4.720531	127.801000
-0.207583	0.143526	-4.562925	127.901000
-0.207707	0.145968	-4.419453	128.001000
-0.207482	0.146128	-4.468653	128.101000
-0.207860	0.146736	-4.616414	128.201000
-0.207718	0.150395	-4.706986	128.301000
-0.207815	0.150457	-4.724736	128.401000
-0.207846	0.144631	-4.652254	128.501000
-0.207919	0.139418	-4.716040	128.601000
-0.207760	0.138409	-4.840458	128.701000
-0.207809	0.138447	-4.849855	128.801000
-0.208022	0.135863	-4.771734	128.901000
-0.208163	0.129566	-4.722229	129.001000
-0.208136	0.121149	-4.682904	129.101000
-0.208127	0.118667	-4.618016	129.201000
-0.208025	0.125124	-4.523190	129.301000
-0.208297	0.131675	-4.458382	129.401000
-0.208100	0.130457	-4.492093	129.501000
-0.208042	0.128055	-4.682023	129.601000
-0.208030	0.134595	-4.691967	129.701000
-0.208262	0.139358	-4.701744	129.801000
-0.208216	0.141414	-4.631107	129.902000
-0.208197	0.145584	-4.579649	130.001000
-0.208264	0.141454	-4.683559	130.101000
-0.208320	0.137203	-4.653475	130.201000
-0.208252	0.136698	-4.720237	130.301000
-0.208288	0.139322	-4.887256	130.401000
-0.208326	0.140079	-4.912165	130.501000
-0.208278	0.138964	-4.853486	130.601000
-0.208188	0.136571	-4.660669	130.701000
-0.208391	0.137812	-4.460710	130.801000
-0.208388	0.140823	-4.396313	130.901000
-0.208319	0.138705	-4.587751	131.001000
-0.208249	0.135210	-4.672688	131.101000
-0.208285	0.131387	-4.648623	131.201000
-0.208482	0.128167	-4.477511	131.301000
-0.208369	0.126212	-4.286542	131.401000
-0.208433	0.126793	-4.251332	131.501000
-0.208621	0.132836	-4.240819	131.601000
-0.208368	0.135424	-4.366562	131.702000
-0.208631	0.133981	-4.513294	131.801000
-0.208876	0.135549	-4.754010	131.901000
-0.208768	0.136345	-4.897755	132.001000
-0.208711	0.131753	-4.935329	132.101000
-0.208567	0.126430	-5.055558	132.201000
-0.208570	0.127962	-5.091220	132.301000
-0.208623	0.130184	-4.998115	132.401000
-0.208729	0.130401	-4.943561	132.501000
-0.208687	0.126906	-4.900725	132.601000
-0.208625	0.126297	-4.743535	132.701000
-0.208482	0.126261	-4.475105	132.801000
-0.208447	0.132218	-4.429407	132.901000
-0.208639	0.135672	-4.582603	133.001000
-0.208570	0.134334	-4.644560	133.101000
-0.208748	0.132563	-4.573538	133.201000
-0.208683	0.133263	-4.482038	133.301000
-0.208347	0.127823	-4.613536	133.401000
-0.208527	0.125858	-4.649684	133.502000
-0.208661	0.129845	-4.621096	133.601000
-0.208639	0.124841	-4.754056	133.701000
-0.208449	0.119844	-4.912973	133.801000
-0.208485	0.117897	-4.833111	133.901000
-0.208654	0.123473	-4.739040	134.001000
-0.208570	0.128690	-4.722862	134.101000
-0.208716	0.134742	-4.649748	134.201000
-0.208507	0.138296	-4.648240	134.301000
-0.208629	0.138640	-4.607444	134.401000
-0.208659	0.147211	-4.580437	134.501000
-0.208749	0.147741	-4.575377	134.601000
-0.208766	0.142939	-4.531053	134.701000
-0.208606	0.140516	-4.652993	134.801000
-0.208932	0.134010	-4.608822	134.901000
-0.208923	0.132408	-4.685834	135.001000
-0.208705	0.136148	-4.757225	135.101000
-0.208657	0.135322	-4.767168	135.201000
-0.208732	0.135969	-4.768963	135.301000
-0.208602	0.134547	-4.703256	135.401000
-0.208831	0.137941	-4.661146	135.501000
-0.208805	0.141239	-4.654044	135.601000
-0.209014	0.136866	-4.681135	135.701000
-0.208904	0.134884	-4.713731	135.801000
-0.208781	0.136045	-4.825897	135.902000
-0.209145	0.139062	-4.965290	136.001000
-0.209055	0.142746	-4.971140	136.101000
-0.209225	0.141730	-4.827948	136.201000
-0.209018	0.137827	-4.706854	136.301000
-0.208989	0.143045	-4.696393	136.401000
-0.208895	0.151222	-4.637630	136.501000
-0.209000	0.156645	-4.441864	136.601000
-0.208908	0.155800	-4.544112	136.702000
-0.208830	0.151706	-4.660165	136.801000
-0.208984	0.145358	-4.778459	136.901000
-0.209270	0.139520	-4.902613	137.001000
-0.208949	0.134487	-4.925205	137.101000
-0.209175	0.137139	-4.818787	137.201000
-0.209155	0.135541	-4.696269	137.301000
-0.209028	0.139942	-4.721520	137.401000
-0.208921	0.139666	-4.680603	137.501000
-0.209027	0.134391	-4.621631	137.601000
-0.209163	0.130063	-4.640281	137.701000
-0.209040	0.133340	-4.806821	137.801000
-0.208858	0.134793	-4.978992	137.902000
-0.208979	0.131880	-4.969998	138.001000
-0.209215	0.138349	-4.933541	138.101000
-0.208954	0.143623	-4.865278	138.201000
-0.209161	0.137460	-4.837605	138.301000
-0.209094	0.130801	-4.777341	138.401000
-0.209078	0.132087	-4.773486	138.501000
-0.209049	0.136328	-4.764710	138.602000
-0.209035	0.140218	-4.756162	138.702000
-0.209314	0.144489	-4.776242	138.801000
-0.209060	0.141392	-4.804957	138.901000
-0.209255	0.134227	-4.818204	139.001000
-0.208969	0.131428	-4.827459	139.101000
-0.208846	0.130147	-4.818945	139.201000
-0.208943	0.132553	-4.777865	139.301000
-0.209106	0.136988	-4.759784	139.401000
-0.209026	0.135654	-4.672019	139.501000
-0.208866	0.139873	-4.512862	139.601000
-0.208911	0.143243	-4.615917	139.701000
-0.209064	0.144957	-4.779327	139.801000
-0.209059	0.144667	-4.927077	139.901000
-0.209000	0.141295	-5.036554	140.002000
-0.209140	0.136176	-4.917981	140.101000
-0.208995	0.133448	-4.822369	140.201000
-0.209265	0.134965	-4.729855	140.301000
-0.209213	0.135467	-4.594037	140.401000
-0.209295	0.135916	-4.538166	140.501000
-0.209112	0.139334	-4.727773	140.601000
-0.209121	0.142351	-4.687812	140.701000
-0.209242	0.144561	-4.620424	140.801000
-0.209056	0.143127	-4.592573	140.902000
-0.209227	0.137714	-4.595683	141.001000
-0.209007	0.134349	-4.637508	141.102000
-0.209128	0.131479	-4.810192	141.202000
-0.209061	0.131931	-4.891055	141.301000
-0.208900	0.131229	-4.890853	141.401000
-0.209057	0.134725	-4.840729	141.501000
-0.209307	0.131747	-4.749636	141.601000
-0.209144	0.132961	-4.742342	141.702000
-0.209030	0.140591	-4.833120	141.801000
-0.209201	0.137178	-4.735819	141.902000
-0.209038	0.134816	-4.612970	142.001000
-0.209032	0.129374	-4.541329	142.101000
-0.208954	0.131151	-4.463328	142.201000
-0.209138	0.130898	-4.691936	142.301000
-0.209203	0.132931	-4.803422	142.401000
-0.209359	0.136250	-4.843729	142.501000
-0.209199	0.129077	-4.773908	142.601000
-0.209137	0.127183	-4.725929	142.701000
-0.209350	0.127539	-4.726929	142.801000
-0.209318	0.133990	-4.650250	142.901000
-0.208983	0.136467	-4.531427	143.001000
-0.209396	0.138806	-4.544644	143.101000
-0.209254	0.141383	-4.693016	143.201000
-0.209235	0.136391	-4.746075	143.301000
-0.209227	0.135306	-4.640564	143.401000
-0.209258	0.140558	-4.650969	143.502000
-0.209265	0.148888	-4.727563	143.601000
-0.209321	0.151326	-4.741588	143.701000
-0.209452	0.148191	-4.747537	143.801000
