NaN	NaN	NaN	7.076000
0.162188	0.611427	-4.405797	7.176000
0.162217	0.610444	-4.403099	7.276000
0.162202	0.611033	-4.391250	7.376000
0.162222	0.607537	-4.380519	7.476000
0.162190	0.614024	-4.381058	7.576000
0.162182	0.621050	-4.399549	7.676000
0.162435	0.616418	-4.411213	7.776000
0.162293	0.611297	-4.427379	7.876000
0.162535	0.609392	-4.414432	7.976000
0.162565	0.608847	-4.407897	8.076000
0.162498	0.611314	-4.414920	8.176000
0.162406	0.610464	-4.414551	8.276000
0.162271	0.604058	-4.405488	8.376000
0.162419	0.601355	-4.403109	8.476000
0.162323	0.601968	-4.393060	8.576000
0.162423	0.608064	-4.384576	8.676000
0.162288	0.609752	-4.399759	8.776000
0.162348	0.614103	-4.405472	8.876000
0.162606	0.612573	-4.408182	8.976000
0.162523	0.611258	-4.407112	9.076000
0.162287	0.608664	-4.412216	9.176000
0.162357	0.605125	-4.411354	9.276000
0.162378	0.603704	-4.427273	9.376000
0.162351	0.598177	-4.447443	9.476000
0.162478	0.596647	-4.439499	9.576000
0.162404	0.596651	-4.411932	9.676000
0.162448	0.598109	-4.418629	9.776000
0.162494	0.603586	-4.424262	9.876000
0.162392	0.608607	-4.424315	9.976000
0.162179	0.611330	-4.433304	10.076000
0.162387	0.608014	-4.430792	10.176000
0.162303	0.605980	-4.402545	10.276000
0.162378	0.604078	-4.390854	10.376000
0.162281	0.606661	-4.390273	10.476000
0.162440	0.610533	-4.391851	10.576000
0.162383	0.610221	-4.380625	10.676000
0.162391	0.606486	-4.382556	10.776000
0.162285	0.605000	-4.379773	10.876000
0.162586	0.605193	-4.370162	10.976000
0.162438	0.606311	-4.390888	11.076000
0.162278	0.602313	-4.388002	11.176000
0.162450	0.601529	-4.392145	11.276000
0.162395	0.603310	-4.405521	11.376000
0.162246	0.604391	-4.415357	11.476000
0.162187	0.599930	-4.413123	11.576000
0.162378	0.600154	-4.403588	11.676000
0.162232	0.604513	-4.416120	11.776000
0.162391	0.604702	-4.406224	11.876000
0.162407	0.606987	-4.403109	11.976000
0.162306	0.611908	-4.403874	12.076000
0.162267	0.614526	-4.408299	12.176000
0.162356	0.615530	-4.419040	12.276000
0.162406	0.609501	-4.407797	12.376000
0.162248	0.603607	-4.412148	12.476000
0.162441	0.601082	-4.386161	12.576000
0.162253	0.602556	-4.359647	12.676000
0.162212	0.607430	-4.377207	12.776000
0.162132	0.609200	-4.398391	12.876000
0.162305	0.607971	-4.403094	12.976000
0.162223	0.608774	-4.403097	13.076000
0.162209	0.605765	-4.403080	13.176000
0.162156	0.602045	-4.403092	13.276000
0.162280	0.601379	-4.406387	13.377000
0.162269	0.604525	-4.409365	13.476000
0.162402	0.610149	-4.396679	13.576000
0.162291	0.610221	-4.390570	13.676000
0.162367	0.611005	-4.386446	13.776000
0.162229	0.610760	-4.402943	13.876000
0.162273	0.610796	-4.407116	13.976000
0.162239	0.607935	-4.405075	14.081000
0.162109	0.600841	-4.402028	14.176000
0.162145	0.596897	-4.400561	14.276000
0.162286	0.599609	-4.399701	14.376000
0.162172	0.601475	-4.384244	14.476000
0.162320	0.601699	-4.367251	14.576000
0.162062	0.605050	-4.375842	14.676000
0.162002	0.607746	-4.368819	14.776000
0.162094	0.610658	-4.381373	14.876000
0.162268	0.607509	-4.403089	14.976000
0.162208	0.599804	-4.401153	15.076000
0.162201	0.602195	-4.394492	15.176000
0.162149	0.607121	-4.415275	15.276000
0.162150	0.608783	-4.430161	15.376000
0.162288	0.608908	-4.425126	15.476000
0.162354	0.612012	-4.395091	15.576000
0.162253	0.615829	-4.395432	15.676000
0.162314	0.614780	-4.422400	15.776000
0.162208	0.610086	-4.428157	15.876000
0.162223	0.609884	-4.431247	15.977000
0.162104	0.609783	-4.439461	16.077000
0.162296	0.607075	-4.434064	16.176000
0.162124	0.609072	-4.408717	16.276000
0.162341	0.609192	-4.383877	16.376000
0.162173	0.604752	-4.387261	16.476000
0.162244	0.599774	-4.383280	16.576000
0.162193	0.598199	-4.355967	16.676000
0.162018	0.601652	-4.354033	16.776000
0.162226	0.603329	-4.373432	16.876000
0.162166	0.599515	-4.368228	16.976000
0.161935	0.598453	-4.362497	17.076000
0.162004	0.597238	-4.378234	17.176000
0.161860	0.602500	-4.378230	17.276000
0.162021	0.606462	-4.387405	17.376000
0.161786	0.607139	-4.416660	17.476000
0.162017	0.609064	-4.448942	17.576000
0.161882	0.605729	-4.473860	17.676000
0.161860	0.601954	-4.468810	17.776000
0.162117	0.606575	-4.451549	17.876000
0.161974	0.609079	-4.451565	17.976000
0.162158	0.611328	-4.459850	18.076000
0.162090	0.608384	-4.451972	18.176000
0.162130	0.606516	-4.447198	18.276000
0.162185	0.606762	-4.450657	18.376000
0.162097	0.606754	-4.459874	18.476000
0.162208	0.605544	-4.477449	18.576000
0.162048	0.602914	-4.469912	18.676000
0.162025	0.600402	-4.439951	18.776000
0.162081	0.599832	-4.410880	18.876000
0.164950	0.600731	-4.403281	18.976000
0.170841	0.604966	-4.388523	19.076000
0.177682	0.604257	-4.379761	19.176000
0.185030	0.603129	-4.387700	19.276000
0.192605	0.601636	-4.399890	19.376000
0.200797	0.600313	-4.395682	19.476000
0.208719	0.599311	-4.366612	19.576000
0.217190	0.602806	-4.360437	19.676000
0.225520	0.604063	-4.373344	19.776000
0.234163	0.602142	-4.366311	19.876000
0.243201	0.605019	-4.367401	19.976000
0.252037	0.608431	-4.385664	20.076000
0.260808	0.606530	-4.390954	20.176000
0.269748	0.603826	-4.397646	20.276000
0.278618	0.603603	-4.422867	20.376000
0.287984	0.606221	-4.428180	20.476000
0.297244	0.608897	-4.419973	20.576000
0.306388	0.608922	-4.423886	20.676000
0.315740	0.609117	-4.432634	20.776000
0.325020	0.608845	-4.451683	20.876000
0.334439	0.608930	-4.458148	20.976000
0.344417	0.608933	-4.450944	21.076000
0.353739	0.608203	-4.452715	21.176000
0.363417	0.605875	-4.451250	21.276000
0.372753	0.605032	-4.438084	21.376000
0.382174	0.604459	-4.429929	21.476000
0.392049	0.603841	-4.383385	21.577000
0.402074	0.604367	-4.357289	21.676000
0.411621	0.605994	-4.354193	21.776000
0.421338	0.601813	-4.371893	21.876000
0.431016	0.603132	-4.413726	21.976000
0.440756	0.603877	-4.421158	22.076000
0.450537	0.600072	-4.396940	22.176000
0.460544	0.601982	-4.378416	22.276000
0.470436	0.607978	-4.398036	22.376000
0.480161	0.607665	-4.407025	22.476000
0.489930	0.606425	-4.425340	22.576000
0.499752	0.608915	-4.413349	22.676000
0.510006	0.611803	-4.403623	22.776000
0.520135	0.610926	-4.403288	22.877000
0.529842	0.610590	-4.402572	22.976000
0.539635	0.611471	-4.397584	23.076000
0.549711	0.610307	-4.401154	23.176000
0.559599	0.609120	-4.379709	23.276000
0.569816	0.609233	-4.363433	23.376000
0.579721	0.607408	-4.379493	23.476000
0.589544	0.602225	-4.375397	23.576000
0.599562	0.601649	-4.362761	23.676000
0.609432	0.604443	-4.353593	23.776000
0.619240	0.603648	-4.361851	23.876000
0.629634	0.601522	-4.387490	23.976000
0.639669	0.601924	-4.374601	24.076000
0.649774	0.601758	-4.367889	24.176000
0.660025	0.600438	-4.383309	24.276000
0.670037	0.605815	-4.396844	24.376000
0.680606	0.606089	-4.402522	24.476000
0.690984	0.604562	-4.403329	24.576000
0.701163	0.602366	-4.421625	24.676000
0.711558	0.602298	-4.420038	24.776000
0.721822	0.603192	-4.420300	24.876000
0.731921	0.605711	-4.402801	24.976000
0.742513	0.606463	-4.393436	25.076000
0.752865	0.606077	-4.388480	25.176000
0.763219	0.604654	-4.389972	25.276000
0.773336	0.602728	-4.401110	25.376000
0.783569	0.599808	-4.401577	25.476000
0.794024	0.599336	-4.401892	25.576000
0.804899	0.598812	-4.416602	25.676000
0.815135	0.598672	-4.422252	25.776000
0.825370	0.600300	-4.403375	25.876000
0.836003	0.601965	-4.390506	25.976000
0.846253	0.606082	-4.359130	26.076000
0.856879	0.604087	-4.365998	26.176000
0.867586	0.602168	-4.358602	26.276000
0.878116	0.606487	-4.370187	26.376000
0.888594	0.610302	-4.389818	26.476000
0.898776	0.611584	-4.420619	26.576000
0.909492	0.609972	-4.430636	26.676000
0.920125	0.609848	-4.415686	26.776000
0.931016	0.612558	-4.383340	26.876000
0.941209	0.611373	-4.359525	26.976000
0.951423	0.606331	-4.345920	27.076000
0.962048	0.603380	-4.324849	27.176000
0.972701	0.605318	-4.352085	27.276000
0.983711	0.604966	-4.378135	27.376000
0.994377	0.608980	-4.388805	27.476000
1.004867	0.608448	-4.392584	27.576000
1.015481	0.604399	-4.397819	27.676000
1.026086	0.602378	-4.408170	27.776000
1.036449	0.604957	-4.422562	27.876000
1.047348	0.606513	-4.418346	27.976000
1.057706	0.603109	-4.384075	28.076000
1.068393	0.598451	-4.359588	28.176000
1.078992	0.596743	-4.364255	28.276000
1.089489	0.594442	-4.367600	28.376000
1.100251	0.594437	-4.381322	28.476000
1.110819	0.598927	-4.400513	28.576000
1.121554	0.599395	-4.376697	28.676000
1.132121	0.601418	-4.361339	28.776000
1.142963	0.604314	-4.355759	28.876000
1.153562	0.608089	-4.368309	28.976000
1.164730	0.606488	-4.403302	29.076000
1.175642	0.604550	-4.430022	29.176000
1.186540	0.601430	-4.414530	29.276000
1.197271	0.601560	-4.404280	29.376000
1.208071	0.598509	-4.405076	29.476000
1.218829	0.596744	-4.397415	29.576000
1.229802	0.599605	-4.391399	29.676000
1.240752	0.603497	-4.398904	29.776000
1.251442	0.604990	-4.399001	29.876000
1.262194	0.604912	-4.384624	29.976000
1.272768	0.605590	-4.378257	30.076000
1.284013	0.605698	-4.378257	30.176000
1.294965	0.603677	-4.378252	30.276000
1.305592	0.598292	-4.388337	30.376000
1.316537	0.595138	-4.399578	30.476000
1.327331	0.596556	-4.394226	30.576000
1.338219	0.602490	-4.390408	30.676000
1.349310	0.603846	-4.377689	30.776000
1.360500	0.602533	-4.371448	30.876000
1.371298	0.604050	-4.378239	30.976000
1.382119	0.602041	-4.397595	31.076000
1.393149	0.604808	-4.415760	31.176000
1.403769	0.612011	-4.411507	31.276000
1.415172	0.614544	-4.399008	31.376000
1.425940	0.609606	-4.381562	31.476000
1.436974	0.606404	-4.379474	31.576000
1.447637	0.606564	-4.395436	31.676000
1.458496	0.604842	-4.407173	31.776000
1.469938	0.602043	-4.415502	31.876000
1.480402	0.600141	-4.400874	31.976000
1.491806	0.600941	-4.383804	32.076000
1.502732	0.604435	-4.404090	32.176000
1.513225	0.605516	-4.417309	32.276000
1.524776	0.600371	-4.426084	32.376000
1.535512	0.601418	-4.425903	32.476000
1.546397	0.608365	-4.424073	32.576000
1.557470	0.613622	-4.408587	32.676000
1.568221	0.611536	-4.392219	32.776000
1.579305	0.611378	-4.380860	32.876000
1.590106	0.610980	-4.376458	32.976000
1.601229	0.610627	-4.343340	33.076000
1.612014	0.609541	-4.324900	33.176000
1.622751	0.610185	-4.338524	33.276000
1.634075	0.612768	-4.370782	33.376000
1.644567	0.615827	-4.394812	33.476000
1.655801	0.612206	-4.410849	33.576000
1.667419	0.604197	-4.422593	33.676000
1.678407	0.600631	-4.423302	33.776000
1.690042	0.606026	-4.427370	33.876000
1.700185	0.606921	-4.430666	33.976000
1.711498	0.606682	-4.396181	34.077000
1.723360	0.606593	-4.378397	34.176000
1.733730	0.608951	-4.393048	34.276000
1.745533	0.606849	-4.408277	34.376000
1.756195	0.606543	-4.393305	34.476000
1.767143	0.605275	-4.385677	34.576000
1.778390	0.606371	-4.368113	34.676000
1.789975	0.613344	-4.332699	34.776000
1.801090	0.616229	-4.322666	34.876000
1.812378	0.615621	-4.324621	34.976000
1.823523	0.620729	-4.315800	35.076000
1.834707	0.622076	-4.329773	35.176000
1.845977	0.615441	-4.367209	35.276000
1.856781	0.611836	-4.376424	35.376000
1.868075	0.616226	-4.374374	35.476000
1.878887	0.613164	-4.390505	35.576000
1.890658	0.611635	-4.394136	35.676000
1.901944	0.611230	-4.400059	35.776000
1.913013	0.609018	-4.423640	35.876000
1.924755	0.610138	-4.427787	35.976000
1.934913	0.610894	-4.424809	36.076000
1.946495	0.607496	-4.397436	36.176000
1.957115	0.606670	-4.397444	36.276000
1.968569	0.607976	-4.403126	36.376000
1.979680	0.607736	-4.394640	36.476000
1.991455	0.610936	-4.402904	36.576000
2.002576	0.609387	-4.421525	36.676000
2.013916	0.609197	-4.422680	36.776000
2.024846	0.611796	-4.391652	36.876000
2.036220	0.612212	-4.380871	36.976000
2.047166	0.611028	-4.380875	37.076000
2.058543	0.608855	-4.379647	37.176000
2.069802	0.606692	-4.366357	37.276000
2.081032	0.607032	-4.348792	37.376000
2.091794	0.611058	-4.358590	37.476000
2.102865	0.611637	-4.370065	37.576000
2.114091	0.611076	-4.375998	37.676000
2.125254	0.607049	-4.387563	37.776000
2.136492	0.608704	-4.399318	37.876000
2.147592	0.611586	-4.381859	37.977000
2.158932	0.611644	-4.368567	38.076000
2.170126	0.610944	-4.358997	38.176000
2.181552	0.607237	-4.347540	38.276000
2.192879	0.606713	-4.363393	38.376000
2.204070	0.609105	-4.380167	38.476000
2.215083	0.612106	-4.391018	38.576000
2.226571	0.618756	-4.381703	38.676000
2.237905	0.617908	-4.384222	38.776000
2.249440	0.611502	-4.398213	38.876000
2.260644	0.608861	-4.388314	38.976000
2.271907	0.608632	-4.377099	39.076000
2.283067	0.615310	-4.381271	39.176000
2.294175	0.612852	-4.395317	39.276000
2.306028	0.611700	-4.395065	39.376000
2.317213	0.615083	-4.403942	39.476000
2.328760	0.617887	-4.420510	39.576000
2.339898	0.620422	-4.414242	39.676000
2.351229	0.622126	-4.392405	39.776000
2.362562	0.624402	-4.391007	39.876000
2.374239	0.624869	-4.425761	39.976000
2.385746	0.618608	-4.430009	40.076000
2.397024	0.617153	-4.410457	40.176000
2.408086	0.622284	-4.421950	40.276000
2.419474	0.629527	-4.447440	40.376000
2.430834	0.631466	-4.451425	40.476000
2.442719	0.633990	-4.471825	40.577000
2.453885	0.636636	-4.505217	40.676000
2.464862	0.644413	-4.531318	40.776000
2.476331	0.651747	-4.543157	40.876000
2.487722	0.654724	-4.562361	40.976000
2.498917	0.653754	-4.590225	41.076000
2.510381	0.656573	-4.621547	41.176000
2.521683	0.665344	-4.658345	41.276000
2.532802	0.675215	-4.707839	41.376000
2.544102	0.687727	-4.798924	41.476000
2.555740	0.703886	-4.905401	41.576000
2.567105	0.726901	-5.025063	41.676000
2.578515	0.754278	-5.188988	41.776000
2.589727	0.783717	-5.401288	41.876000
2.600897	0.830622	-5.686092	41.976000
2.612084	0.914946	-6.129968	42.076000
2.623553	1.076520	-6.652949	42.176000
2.634769	1.361284	-7.140622	42.276000
2.645995	1.809062	-7.471058	42.376000
2.657274	2.511989	-7.562698	42.476000
2.668507	3.114309	-7.585160	42.576000
2.679955	3.062972	-7.586486	42.676000
2.691681	2.563058	-7.429548	42.776000
2.703302	2.034087	-7.036382	42.876000
2.714865	1.620780	-6.569297	42.976000
2.726080	1.357148	-6.147396	43.076000
2.737382	1.237145	-5.827106	43.176000
2.748929	1.202806	-5.637377	43.276000
2.760825	1.210364	-5.546193	43.376000
2.772281	1.244585	-5.500462	43.476000
2.783418	1.279781	-5.473226	43.576000
2.794751	1.312859	-5.439486	43.676000
2.806052	1.350553	-5.414894	43.776000
2.817552	1.390280	-5.391655	43.876000
2.828851	1.429146	-5.353070	43.976000
2.840144	1.464831	-5.322282	44.076000
2.851373	1.491813	-5.293459	44.176000
2.862603	1.517372	-5.262449	44.276000
2.873847	1.542973	-5.242142	44.376000
2.885572	1.568404	-5.218566	44.476000
2.897062	1.591759	-5.181266	44.576000
2.908469	1.609276	-5.154564	44.676000
2.919508	1.619986	-5.135386	44.776000
2.930786	1.630425	-5.112671	44.876000
2.942191	1.642877	-5.097896	44.976000
2.953385	1.651249	-5.083067	45.076000
2.964570	1.655193	-5.070167	45.176000
2.976061	1.659056	-5.056813	45.276000
2.987285	1.668927	-5.044496	45.376000
2.998554	1.678822	-5.035248	45.476000
3.010071	1.686067	-5.017994	45.576000
3.021767	1.694922	-5.008107	45.676000
3.033195	1.704370	-4.998502	45.776000
3.044432	1.707011	-4.991653	45.876000
3.056077	1.705447	-4.985235	45.976000
3.067348	1.705658	-4.976365	46.076000
3.078879	1.704046	-4.972812	46.176000
3.089993	1.705865	-4.978948	46.276000
3.101282	1.706969	-4.977816	46.376000
3.112747	1.709141	-4.969720	46.476000
3.124051	1.714100	-4.966309	46.576000
3.135332	1.717163	-4.971215	46.676000
3.146815	1.711161	-4.972828	46.776000
3.157814	1.706708	-4.963273	46.876000
3.169063	1.710593	-4.956812	46.976000
3.180397	1.719028	-4.953008	47.076000
3.191633	1.726502	-4.957441	47.176000
3.202823	1.725349	-4.963944	47.276000
3.214746	1.725523	-4.955522	47.376000
3.226347	1.727773	-4.944967	47.476000
3.237444	1.723630	-4.938641	47.577000
3.249027	1.719223	-4.934199	47.676000
3.260147	1.718989	-4.930428	47.776000
3.271431	1.721677	-4.934085	47.877000
3.283503	1.720309	-4.941086	47.976000
3.294631	1.722490	-4.937706	48.076000
3.305836	1.725169	-4.934298	48.176000
3.317370	1.724650	-4.930313	48.276000
3.328747	1.727683	-4.922749	48.376000
3.339721	1.728447	-4.917790	48.476000
3.352141	1.729744	-4.918594	48.576000
3.363549	1.734665	-4.925475	48.676000
3.374465	1.735592	-4.928870	48.776000
3.386460	1.737109	-4.928192	48.876000
3.397227	1.732292	-4.921452	48.976000
3.408720	1.729219	-4.918099	49.076000
3.420141	1.725728	-4.919438	49.176000
3.431751	1.727425	-4.918320	49.276000
3.443317	1.728930	-4.924563	49.376000
3.454780	1.728411	-4.927969	49.476000
3.466121	1.728543	-4.923918	49.576000
3.478148	1.734790	-4.915481	49.676000
3.489475	1.737713	-4.914182	49.776000
3.500755	1.739098	-4.920614	49.877000
3.511516	1.738708	-4.921820	49.976000
3.522781	1.737360	-4.917775	50.081000
3.535450	1.734174	-4.909294	50.176000
3.546212	1.731138	-4.900582	50.276000
3.558636	1.736997	-4.905524	50.376000
3.569144	1.740592	-4.906570	50.476000
3.581099	1.739434	-4.909286	50.576000
3.592303	1.740321	-4.906523	50.676000
3.602961	1.743366	-4.902995	50.776000
3.615005	1.742390	-4.900254	50.876000
3.625765	1.746146	-4.904211	50.976000
3.637260	1.745451	-4.906617	51.076000
3.648741	1.735904	-4.903507	51.176000
3.659775	1.732280	-4.901125	51.276000
3.671146	1.738818	-4.890743	51.376000
3.682695	1.745685	-4.886735	51.476000
3.693904	1.751350	-4.879832	51.576000
3.705149	1.752523	-4.882592	51.676000
3.716282	1.750835	-4.891832	51.776000
3.727710	1.746672	-4.893209	51.876000
3.739597	1.742801	-4.880570	51.976000
3.751017	1.742523	-4.876541	52.076000
3.762545	1.742049	-4.875727	52.176000
3.773626	1.744436	-4.873761	52.276000
3.784930	1.743331	-4.875123	52.376000
3.796500	1.744170	-4.869629	52.476000
3.808195	1.743677	-4.868738	52.576000
3.819757	1.742052	-4.865171	52.676000
3.831071	1.741408	-4.865645	52.776000
3.842254	1.743032	-4.868490	52.876000
3.853678	1.742459	-4.872104	52.976000
3.865489	1.740470	-4.875867	53.076000
3.876906	1.739731	-4.877308	53.176000
3.888428	1.742894	-4.874120	53.276000
3.900003	1.749588	-4.870443	53.376000
3.911134	1.752744	-4.872316	53.476000
3.922389	1.750292	-4.871257	53.576000
3.934203	1.748124	-4.861982	53.676000
3.945528	1.746657	-4.858715	53.776000
3.956856	1.740532	-4.859121	53.876000
3.968140	1.738677	-4.857394	53.976000
3.979403	1.740346	-4.853856	54.076000
3.990823	1.740710	-4.852818	54.176000
4.002723	1.745784	-4.853221	54.276000
4.013953	1.747397	-4.861486	54.376000
4.025519	1.749339	-4.863522	54.476000
4.036623	1.749758	-4.854597	54.576000
4.048112	1.751918	-4.847666	54.676000
4.059518	1.754806	-4.849859	54.776000
4.071127	1.751012	-4.856315	54.876000
4.082473	1.752254	-4.849000	54.976000
4.094037	1.753875	-4.845823	55.076000
4.105059	1.749907	-4.840445	55.176000
4.116522	1.750459	-4.837976	55.276000
4.128050	1.755511	-4.837035	55.376000
4.139070	1.759431	-4.841502	55.476000
4.150208	1.759725	-4.844233	55.576000
4.161717	1.759444	-4.837531	55.676000
4.172837	1.756756	-4.832619	55.776000
4.184330	1.756987	-4.831375	55.876000
4.195774	1.757732	-4.829270	55.976000
4.206776	1.757750	-4.830482	56.076000
4.218177	1.755139	-4.837042	56.176000
4.229829	1.757296	-4.842219	56.276000
4.240944	1.756222	-4.838087	56.377000
4.252308	1.757013	-4.830207	56.476000
4.264093	1.755132	-4.829765	56.576000
4.275465	1.752208	-4.826375	56.676000
4.286606	1.755854	-4.820470	56.776000
4.297697	1.756913	-4.824165	56.876000
4.309167	1.753850	-4.831737	56.976000
4.320626	1.754710	-4.822071	57.076000
4.331997	1.759264	-4.806999	57.176000
4.343587	1.760503	-4.803428	57.276000
4.354876	1.756821	-4.808879	57.376000
4.365961	1.755051	-4.815297	57.476000
4.377367	1.754543	-4.826342	57.576000
4.389279	1.756723	-4.833192	57.676000
4.400666	1.752440	-4.822918	57.776000
4.412059	1.751834	-4.811896	57.876000
4.423365	1.755680	-4.810048	57.976000
4.434817	1.757013	-4.805369	58.077000
4.446053	1.760359	-4.800984	58.176000
4.457703	1.765639	-4.802181	58.276000
4.469076	1.764839	-4.804251	58.378000
4.480773	1.762177	-4.803858	58.476000
4.491770	1.762164	-4.802311	58.576000
4.503082	1.761403	-4.804118	58.676000
4.514570	1.762853	-4.801811	58.776000
4.526100	1.765050	-4.800327	58.876000
4.537509	1.761886	-4.799886	58.976000
4.548792	1.759119	-4.797892	59.076000
4.560086	1.756161	-4.792609	59.176000
4.571297	1.758751	-4.796277	59.276000
4.583150	1.758136	-4.795988	59.376000
4.594132	1.763006	-4.792488	59.476000
4.605911	1.766661	-4.789535	59.576000
4.617204	1.767471	-4.789912	59.676000
4.628049	1.767450	-4.788003	59.776000
4.639555	1.769598	-4.789243	59.876000
4.650539	1.772371	-4.793364	59.976000
4.661701	1.774299	-4.789135	60.076000
4.672773	1.775147	-4.788388	60.176000
4.683904	1.772872	-4.785892	60.276000
4.695632	1.770490	-4.785414	60.376000
4.706676	1.769606	-4.784266	60.476000
4.718019	1.767975	-4.782628	60.576000
4.729628	1.761748	-4.781391	60.676000
4.740720	1.757839	-4.781160	60.776000
4.751489	1.760885	-4.777146	60.876000
4.763172	1.764340	-4.777241	60.976000
4.774814	1.762622	-4.784770	61.076000
4.785812	1.761832	-4.794020	61.176000
4.797152	1.764953	-4.797091	61.276000
4.808525	1.769860	-4.797899	61.376000
4.819928	1.770238	-4.794981	61.476000
4.831183	1.773409	-4.782330	61.576000
4.842705	1.773935	-4.767751	61.676000
4.853605	1.773316	-4.762290	61.776000
4.864606	1.774086	-4.762894	61.876000
4.875987	1.770186	-4.769575	61.976000
4.887782	1.765378	-4.770411	62.076000
4.898911	1.763267	-4.773883	62.176000
4.910876	1.762967	-4.777866	62.276000
4.922063	1.764483	-4.783386	62.376000
4.933319	1.765062	-4.776514	62.476000
4.944473	1.769044	-4.766991	62.576000
4.955529	1.771776	-4.757345	62.676000
4.967089	1.772166	-4.762719	62.776000
4.978783	1.773240	-4.772471	62.876000
4.990033	1.772337	-4.771363	62.976000
5.001504	1.771606	-4.764591	63.076000
5.012269	1.769312	-4.762522	63.176000
5.023131	1.769950	-4.759780	63.276000
5.035118	1.768927	-4.768397	63.376000
5.045900	1.770763	-4.774265	63.476000
5.057381	1.770635	-4.772151	63.576000
5.068836	1.771702	-4.769368	63.676000
5.079716	1.772064	-4.758603	63.776000
5.091203	1.776779	-4.759971	63.876000
5.102958	1.776799	-4.763268	63.976000
5.114231	1.772010	-4.752634	64.076000
5.125822	1.774064	-4.744825	64.176000
5.136747	1.775110	-4.748314	64.276000
5.148293	1.772025	-4.758417	64.376000
5.159465	1.764897	-4.758623	64.476000
5.170671	1.762581	-4.749113	64.576000
5.181903	1.761810	-4.748494	64.676000
5.192826	1.762955	-4.748924	64.776000
5.204262	1.763869	-4.751932	64.876000
5.215495	1.768845	-4.753734	64.976000
5.226929	1.772026	-4.748453	65.076000
5.238013	1.767974	-4.742338	65.176000
5.249023	1.769845	-4.740087	65.276000
5.260664	1.776103	-4.734282	65.376000
5.271661	1.775893	-4.737704	65.477000
5.282825	1.773253	-4.744631	65.576000
5.294680	1.772126	-4.742210	65.676000
5.305969	1.773968	-4.735582	65.776000
5.317116	1.771791	-4.733022	65.876000
5.328659	1.769520	-4.736413	65.976000
5.339568	1.764623	-4.736421	66.076000
5.350754	1.761559	-4.732645	66.176000
5.362186	1.765852	-4.730645	66.276000
5.373549	1.768847	-4.726152	66.376000
5.385034	1.770862	-4.723163	66.477000
5.395885	1.774956	-4.718655	66.576000
5.406802	1.778143	-4.722937	66.676000
5.418505	1.776432	-4.728584	66.776000
5.430396	1.770489	-4.730784	66.876000
5.441177	1.767497	-4.730951	66.976000
5.452564	1.767069	-4.731542	67.076000
5.463969	1.768120	-4.734379	67.176000
5.474851	1.770847	-4.733678	67.276000
5.486590	1.764352	-4.741890	67.377000
5.498017	1.762199	-4.737041	67.476000
5.509002	1.767850	-4.733074	67.576000
5.520438	1.775477	-4.732725	67.676000
5.531713	1.777641	-4.734234	67.776000
5.542717	1.814594	-4.696391	67.876000
5.553921	1.863914	-4.645060	67.976000
5.565510	1.845222	-4.669087	68.076000
5.576320	1.817708	-4.696664	68.176000
5.588106	1.798504	-4.711013	68.276000
5.598849	1.783983	-4.717541	68.376000
5.610361	1.775717	-4.708854	68.476000
5.622040	1.774706	-4.707122	68.576000
5.633250	1.774829	-4.710506	68.677000
5.644711	1.775632	-4.714966	68.776000
5.655639	1.780344	-4.713866	68.876000
5.659684	1.781755	-4.718953	68.976000
5.658714	1.780043	-4.724015	69.076000
5.655909	1.783114	-4.720545	69.176000
5.651585	1.783795	-4.723767	69.276000
5.646497	1.781003	-4.730476	69.376000
5.641102	1.777040	-4.733938	69.476000
5.635819	1.778858	-4.727704	69.576000
5.630280	1.781083	-4.722820	69.676000
5.623215	1.775602	-4.720457	69.776000
5.616707	1.770003	-4.716628	69.876000
5.609687	1.768838	-4.712435	69.976000
5.602300	1.772762	-4.720317	70.076000
5.595314	1.776399	-4.725588	70.176000
5.588149	1.775017	-4.720164	70.276000
5.580180	1.773517	-4.717702	70.376000
5.572217	1.775791	-4.712356	70.476000
5.564296	1.779601	-4.709875	70.576000
5.556628	1.781337	-4.708910	70.676000
5.548246	1.781484	-4.710722	70.776000
5.540191	1.778886	-4.711711	70.876000
5.531921	1.778525	-4.719355	70.976000
5.523096	1.782592	-4.724479	71.076000
5.514732	1.784403	-4.721495	71.176000
5.506359	1.782300	-4.718928	71.276000
5.497496	1.779582	-4.717308	71.376000
5.489085	1.780397	-4.716158	71.476000
5.480411	1.778260	-4.713855	71.576000
5.471290	1.777662	-4.722543	71.676000
5.462602	1.776936	-4.731818	71.776000
5.453712	1.773385	-4.734750	71.876000
5.444763	1.772031	-4.730504	71.976000
5.435802	1.770906	-4.727252	72.076000
5.426666	1.768055	-4.724080	72.176000
5.417082	1.765378	-4.723869	72.276000
5.408149	1.768634	-4.729208	72.376000
5.399052	1.771667	-4.733818	72.476000
5.389718	1.771454	-4.739932	72.576000
5.380838	1.769568	-4.745530	72.677000
5.371559	1.773218	-4.743783	72.776000
5.362250	1.775147	-4.738796	72.876000
5.353235	1.774288	-4.730954	72.976000
5.343822	1.778114	-4.723613	73.076000
5.334318	1.776548	-4.724365	73.176000
5.325262	1.771118	-4.720041	73.276000
5.315764	1.772532	-4.716865	73.376000
5.306348	1.776594	-4.724840	73.476000
5.297349	1.773556	-4.728956	73.576000
5.287740	1.773176	-4.731534	73.676000
5.278381	1.774407	-4.734751	73.776000
5.268527	1.772800	-4.734573	73.876000
5.258662	1.772189	-4.732215	73.976000
5.249132	1.774522	-4.735633	74.076000
5.239788	1.773676	-4.741905	74.176000
5.229861	1.770366	-4.753214	74.276000
5.220172	1.765909	-4.757173	74.376000
5.210643	1.766583	-4.753916	74.476000
5.200863	1.766948	-4.747867	74.576000
5.191066	1.771946	-4.748357	74.676000
5.181475	1.776960	-4.747633	74.776000
5.171663	1.777798	-4.754666	74.876000
5.161830	1.771088	-4.757797	74.976000
5.151675	1.765274	-4.754958	75.076000
5.141697	1.767943	-4.755965	75.176000
5.131913	1.769048	-4.753635	75.276000
5.121965	1.766510	-4.747350	75.376000
5.112269	1.763439	-4.737250	75.476000
5.102525	1.769150	-4.732467	75.576000
5.092192	1.770552	-4.740740	75.676000
5.082278	1.771283	-4.743382	75.776000
5.072670	1.770558	-4.749570	75.876000
5.062500	1.767241	-4.746786	75.976000
5.052602	1.764498	-4.740869	76.076000
5.042581	1.764888	-4.736506	76.176000
5.032999	1.770577	-4.745743	76.276000
5.022712	1.772897	-4.752912	76.376000
5.013130	1.772445	-4.755046	76.476000
5.002652	1.776134	-4.749943	76.577000
4.992889	1.777236	-4.752716	76.676000
4.982660	1.771315	-4.757390	76.776000
4.972519	1.768148	-4.758669	76.876000
4.962326	1.764958	-4.760278	76.976000
4.952100	1.763046	-4.761199	77.076000
4.942280	1.759335	-4.756631	77.176000
4.932135	1.755533	-4.758229	77.276000
4.921708	1.760748	-4.769838	77.376000
4.911877	1.767693	-4.773473	77.476000
4.901952	1.770657	-4.766008	77.576000
4.891451	1.766854	-4.763515	77.676000
4.881146	1.766564	-4.757570	77.776000
4.871587	1.766040	-4.753440	77.876000
4.861501	1.766410	-4.749167	77.976000
4.851503	1.767797	-4.758023	78.076000
4.841426	1.765768	-4.769917	78.176000
4.831348	1.769270	-4.775611	78.276000
4.821123	1.772159	-4.776663	78.376000
4.810788	1.768160	-4.785148	78.476000
4.800299	1.766727	-4.776502	78.576000
4.790090	1.767673	-4.777375	78.676000
4.779964	1.769306	-4.781929	78.776000
4.769937	1.769069	-4.781432	78.876000
4.759278	1.765892	-4.779969	78.976000
4.748409	1.760919	-4.781806	79.076000
4.737972	1.761474	-4.777579	79.176000
4.728320	1.764451	-4.776773	79.276000
4.717649	1.767676	-4.780416	79.376000
4.707193	1.769678	-4.788683	79.476000
4.696865	1.769674	-4.789066	79.576000
4.686146	1.769217	-4.790487	79.676000
4.675765	1.770001	-4.791968	79.776000
4.665351	1.767816	-4.783779	79.876000
4.655185	1.762609	-4.790729	79.976000
4.644365	1.765396	-4.798745	80.076000
4.633624	1.767506	-4.803380	80.176000
4.623023	1.769545	-4.805196	80.276000
4.612537	1.763316	-4.805386	80.376000
4.602230	1.759610	-4.804656	80.476000
4.592160	1.759492	-4.804886	80.576000
4.581642	1.763506	-4.796485	80.676000
4.570548	1.762082	-4.797464	80.776000
4.559926	1.762417	-4.801633	80.876000
4.549328	1.765635	-4.802671	80.976000
4.539113	1.766552	-4.811479	81.076000
4.528500	1.761222	-4.806802	81.176000
4.517951	1.759179	-4.800248	81.276000
4.506923	1.758535	-4.800427	81.376000
4.496583	1.756328	-4.798750	81.476000
4.486183	1.759972	-4.800074	81.576000
4.475398	1.763752	-4.809673	81.676000
4.464808	1.762933	-4.821402	81.776000
4.454300	1.764808	-4.816553	81.876000
4.443858	1.760134	-4.811704	81.976000
4.432591	1.760441	-4.813878	82.076000
4.422608	1.758647	-4.817814	82.176000
4.411877	1.761404	-4.817363	82.276000
4.401175	1.760562	-4.819151	82.376000
4.391141	1.756856	-4.815317	82.476000
4.380236	1.752839	-4.815355	82.576000
4.369481	1.752056	-4.807972	82.676000
4.359347	1.753735	-4.807938	82.776000
4.348501	1.759398	-4.809364	82.876000
4.337878	1.759501	-4.810804	82.976000
4.327070	1.761518	-4.802950	83.076000
4.316085	1.766148	-4.810247	83.176000
4.305534	1.765097	-4.815106	83.276000
4.295113	1.762004	-4.817904	83.376000
4.284376	1.760546	-4.817371	83.476000
4.273656	1.757668	-4.823063	83.576000
4.262811	1.759931	-4.826974	83.676000
4.251894	1.761786	-4.829208	83.776000
4.241300	1.760085	-4.835164	83.876000
4.230579	1.757774	-4.829826	83.976000
4.219670	1.757060	-4.820844	84.076000
4.209003	1.753684	-4.821697	84.176000
4.197910	1.752313	-4.827767	84.277000
4.187057	1.756264	-4.826736	84.376000
4.176340	1.763487	-4.833984	84.476000
4.165324	1.764430	-4.843706	84.576000
4.155047	1.763387	-4.845843	84.676000
4.143578	1.759105	-4.847947	84.776000
4.132702	1.756089	-4.843044	84.876000
4.121527	1.755586	-4.835419	84.976000
4.110894	1.757387	-4.830617	85.077000
4.099863	1.759703	-4.836192	85.176000
4.089275	1.759557	-4.841027	85.276000
4.078023	1.760259	-4.845718	85.376000
4.067319	1.759196	-4.849018	85.476000
4.056529	1.756826	-4.852315	85.576000
4.045876	1.752572	-4.857114	85.676000
4.034786	1.752394	-4.854382	85.776000
4.023983	1.747114	-4.849308	85.876000
4.012717	1.745723	-4.846877	85.976000
4.001703	1.748324	-4.846357	86.076000
3.990963	1.750367	-4.853060	86.176000
3.980081	1.748596	-4.864200	86.276000
3.969373	1.749747	-4.866699	86.376000
3.958584	1.749804	-4.862356	86.476000
3.947729	1.747900	-4.859724	86.576000
3.936369	1.744367	-4.861009	86.676000
3.925756	1.738532	-4.860316	86.776000
3.915038	1.737859	-4.858309	86.877000
3.904008	1.735921	-4.855602	86.976000
3.893217	1.737441	-4.849344	87.076000
3.881975	1.739245	-4.855136	87.176000
3.871310	1.742512	-4.859343	87.276000
3.860181	1.747845	-4.862460	87.376000
3.849441	1.750917	-4.868200	87.476000
3.838390	1.751358	-4.878010	87.576000
3.827426	1.747440	-4.894106	87.676000
3.815888	1.747698	-4.887476	87.776000
3.805241	1.749990	-4.877446	87.876000
3.794229	1.751450	-4.873733	87.976000
3.783114	1.747779	-4.876983	88.076000
3.771923	1.742461	-4.878283	88.176000
3.760717	1.743502	-4.881066	88.276000
3.749781	1.746507	-4.884010	88.376000
3.738526	1.748885	-4.885555	88.476000
3.727323	1.744870	-4.891182	88.576000
3.716796	1.743804	-4.893381	88.676000
3.705361	1.741122	-4.895705	88.776000
3.693978	1.736534	-4.897974	88.876000
3.682945	1.736060	-4.892539	88.976000
3.671949	1.736559	-4.886135	89.076000
3.660531	1.743923	-4.885130	89.176000
3.649880	1.747570	-4.897542	89.276000
3.638502	1.745996	-4.901459	89.376000
3.627086	1.740576	-4.897206	89.476000
3.616289	1.738518	-4.894983	89.576000
3.604895	1.741052	-4.890755	89.677000
3.594163	1.741372	-4.887876	89.776000
3.582858	1.738831	-4.889576	89.876000
3.571382	1.738649	-4.893932	89.976000
3.560203	1.738864	-4.902888	90.076000
3.548998	1.740650	-4.907712	90.176000
3.538131	1.740396	-4.904740	90.276000
3.526704	1.734683	-4.909330	90.376000
3.515398	1.729937	-4.911383	90.476000
3.504297	1.725959	-4.913296	90.576000
3.493041	1.727289	-4.911307	90.676000
3.481768	1.730178	-4.911483	90.776000
3.470860	1.732162	-4.911755	90.876000
3.459685	1.735366	-4.913594	90.976000
3.448917	1.736642	-4.911170	91.076000
3.437631	1.728439	-4.903817	91.176000
3.426444	1.725251	-4.906408	91.276000
3.415577	1.720793	-4.914616	91.376000
3.404594	1.716913	-4.926473	91.476000
3.393505	1.721454	-4.928576	91.576000
3.382132	1.727549	-4.920488	91.676000
3.371192	1.733520	-4.920940	91.776000
3.359857	1.738133	-4.931774	91.876000
3.348686	1.739211	-4.927640	91.976000
3.337691	1.735608	-4.927812	92.076000
3.326422	1.729825	-4.928863	92.176000
3.314857	1.725505	-4.928307	92.276000
3.303800	1.723181	-4.924884	92.376000
3.292662	1.721903	-4.925875	92.476000
3.281335	1.718222	-4.925961	92.577000
3.270281	1.718514	-4.932677	92.676000
3.259056	1.722112	-4.938867	92.776000
3.248081	1.721427	-4.956074	92.876000
3.236745	1.716950	-4.953737	92.976000
3.225627	1.713219	-4.951407	93.076000
3.214419	1.715513	-4.955247	93.176000
3.203345	1.727539	-4.959758	93.276000
3.191674	1.728679	-4.966201	93.376000
3.180372	1.723341	-4.973054	93.476000
3.169005	1.719734	-4.971934	93.576000
3.157902	1.720075	-4.963432	93.676000
3.146765	1.719505	-4.955470	93.776000
3.135636	1.720194	-4.952292	93.876000
3.124120	1.718146	-4.951513	93.976000
3.112681	1.716188	-4.956319	94.076000
3.101558	1.716137	-4.966825	94.176000
3.090193	1.714760	-4.981545	94.276000
3.078881	1.710169	-4.987800	94.376000
3.067278	1.703676	-4.982835	94.476000
3.055692	1.701795	-4.980563	94.576000
3.044251	1.705171	-4.986010	94.676000
3.033055	1.703617	-4.992713	94.776000
3.021755	1.701318	-4.996857	94.876000
3.010504	1.699430	-4.999602	94.976000
2.998897	1.697704	-5.010722	95.076000
2.987199	1.693244	-5.015322	95.177000
2.975676	1.691246	-5.023161	95.276000
2.964754	1.684446	-5.030122	95.376000
2.953259	1.676973	-5.040586	95.476000
2.941709	1.670842	-5.056731	95.576000
2.930659	1.663523	-5.076773	95.676000
2.919075	1.653399	-5.077351	95.776000
2.907937	1.646899	-5.081522	95.876000
2.896860	1.639973	-5.097652	95.976000
2.885395	1.628944	-5.115921	96.076000
2.873967	1.615476	-5.141251	96.176000
2.861839	1.600905	-5.165680	96.276000
2.850903	1.581317	-5.189276	96.376000
2.839320	1.563640	-5.211024	96.476000
2.828118	1.543238	-5.240754	96.576000
2.816687	1.516694	-5.268342	96.676000
2.805436	1.487285	-5.298236	96.776000
2.793795	1.451790	-5.321849	96.876000
2.782657	1.414311	-5.344813	96.976000
2.771160	1.371284	-5.384435	97.076000
2.760608	1.326511	-5.416746	97.176000
2.749121	1.275541	-5.439909	97.276000
2.737513	1.226450	-5.451599	97.376000
2.725805	1.175725	-5.469398	97.476000
2.714471	1.122846	-5.483713	97.576000
2.702554	1.068678	-5.484591	97.676000
2.691197	1.017988	-5.484023	97.776000
2.680404	0.974319	-5.479393	97.876000
2.668186	0.934124	-5.475226	97.976000
2.656507	0.896322	-5.464818	98.076000
2.645299	0.868228	-5.466684	98.176000
2.634077	1.049146	-5.783750	98.276000
2.622579	1.446292	-6.096896	98.376000
2.610989	1.579377	-6.246636	98.476000
2.599184	1.486475	-6.256320	98.576000
2.587547	1.316911	-6.164073	98.676000
2.576250	1.156403	-6.007753	98.776000
2.565001	1.035149	-5.842126	98.877000
2.553520	0.938744	-5.671789	98.976000
2.541825	0.865065	-5.490354	99.076000
2.530339	0.812293	-5.327219	99.176000
2.518739	0.777756	-5.182736	99.276000
2.507491	0.744589	-5.061711	99.376000
2.495849	0.713567	-4.938675	99.476000
2.484458	0.690498	-4.826156	99.576000
2.473096	0.676158	-4.742877	99.676000
2.460884	0.668761	-4.685927	99.776000
2.450032	0.662891	-4.626735	99.876000
2.438213	0.651520	-4.563792	99.976000
2.426963	0.643151	-4.514645	100.076000
2.415415	0.637108	-4.479921	100.176000
2.404080	0.632640	-4.466334	100.276000
2.392600	0.631136	-4.453651	100.376000
2.381106	0.630981	-4.459437	100.476000
2.369752	0.629064	-4.462505	100.576000
2.358259	0.625942	-4.462872	100.676000
2.346468	0.625785	-4.467215	100.776000
2.335059	0.623543	-4.464921	100.876000
2.323844	0.620186	-4.443859	100.976000
2.312181	0.619172	-4.420619	101.076000
2.300214	0.618276	-4.404688	101.176000
2.289008	0.616060	-4.376849	101.276000
2.277079	0.615041	-4.373425	101.376000
2.265947	0.611903	-4.382057	101.476000
2.254090	0.610979	-4.396573	101.576000
2.242854	0.613956	-4.393897	101.676000
2.231356	0.616274	-4.390366	101.776000
2.219850	0.613515	-4.392586	101.876000
2.208034	0.612907	-4.380357	101.976000
2.196255	0.614169	-4.363015	102.076000
2.184730	0.614231	-4.367387	102.176000
2.173116	0.612508	-4.398457	102.276000
2.161775	0.610754	-4.412452	102.376000
2.150113	0.611097	-4.417471	102.476000
2.138961	0.611323	-4.412550	102.576000
2.126886	0.608988	-4.388151	102.676000
2.115607	0.610830	-4.374180	102.776000
2.103991	0.611341	-4.398649	102.876000
2.093269	0.608643	-4.426880	102.976000
2.081211	0.606537	-4.418244	103.076000
2.069396	0.608415	-4.420928	103.176000
2.057947	0.609163	-4.418832	103.276000
2.046052	0.609892	-4.419547	103.376000
2.034731	0.609395	-4.438754	103.476000
2.022967	0.608904	-4.440643	103.576000
2.011397	0.607449	-4.414807	103.676000
1.999593	0.607812	-4.403112	103.776000
1.988078	0.609395	-4.403534	103.876000
1.976626	0.611236	-4.403281	103.976000
1.965088	0.611656	-4.392630	104.076000
1.953418	0.611648	-4.359894	104.176000
1.941181	0.610959	-4.355840	104.276000
1.929773	0.608783	-4.368881	104.376000
1.918324	0.606677	-4.385789	104.476000
1.906550	0.607007	-4.401892	104.576000
1.894919	0.604175	-4.401578	104.676000
1.883472	0.600256	-4.396367	104.776000
1.871823	0.601478	-4.380436	104.876000
1.860331	0.606914	-4.391686	104.976000
1.848947	0.610827	-4.395720	105.076000
1.837318	0.611729	-4.403433	105.176000
1.825726	0.615407	-4.414683	105.276000
1.814387	0.621552	-4.414873	105.376000
1.802859	0.620128	-4.404449	105.476000
1.791057	0.613891	-4.386499	105.576000
1.779576	0.612522	-4.381227	105.676000
1.768185	0.615276	-4.398873	105.776000
1.756362	0.612208	-4.420279	105.876000
1.744520	0.609218	-4.434978	105.976000
1.732885	0.608655	-4.444720	106.076000
1.721219	0.608185	-4.429058	106.176000
1.709758	0.608457	-4.403676	106.276000
1.698214	0.611470	-4.393203	106.376000
1.686474	0.611549	-4.399874	106.476000
1.674487	0.608508	-4.399390	106.576000
1.662898	0.605904	-4.378921	106.676000
1.651247	0.601702	-4.373512	106.776000
1.639612	0.599011	-4.366921	106.876000
1.628063	0.597611	-4.377821	106.976000
1.616331	0.597567	-4.371814	107.076000
1.604531	0.599390	-4.354717	107.176000
1.592793	0.603872	-4.362422	107.276000
1.581214	0.607308	-4.385155	107.376000
1.569641	0.607394	-4.405537	107.476000
1.557891	0.607581	-4.418784	107.577000
1.545912	0.609117	-4.410493	107.676000
1.534100	0.608151	-4.387536	107.776000
1.522313	0.605818	-4.389647	107.876000
1.510597	0.600388	-4.402038	107.976000
1.499346	0.597406	-4.404998	108.076000
1.487804	0.599764	-4.425067	108.176000
1.475709	0.601480	-4.402904	108.276000
1.463998	0.606021	-4.388437	108.376000
1.452206	0.606602	-4.419067	108.476000
1.440755	0.607415	-4.423741	108.576000
1.429192	0.611145	-4.404938	108.676000
1.417399	0.609116	-4.403917	108.776000
1.405360	0.609192	-4.400218	108.876000
1.393864	0.611187	-4.391310	108.976000
1.381919	0.613114	-4.381219	109.076000
1.370514	0.610718	-4.380480	109.176000
1.358807	0.609266	-4.359859	109.276000
1.347101	0.607832	-4.363296	109.376000
1.335646	0.604603	-4.381075	109.476000
1.323784	0.600904	-4.418483	109.576000
1.312105	0.598936	-4.425779	109.676000
1.300641	0.598995	-4.417752	109.776000
1.289073	0.598929	-4.408601	109.877000
1.277474	0.596938	-4.394377	109.976000
1.266215	0.598883	-4.371591	110.076000
1.254754	0.605505	-4.372845	110.176000
1.242950	0.608954	-4.400927	110.276000
1.231362	0.609268	-4.419638	110.376000
1.219658	0.609073	-4.405502	110.476000
1.207509	0.609473	-4.399985	110.576000
1.195741	0.610977	-4.409106	110.676000
1.183986	0.607000	-4.409599	110.776000
1.172560	0.600767	-4.386103	110.876000
1.160944	0.600970	-4.379530	110.976000
1.148982	0.597639	-4.378223	111.076000
1.136881	0.598996	-4.387185	111.176000
1.125342	0.599916	-4.401341	111.276000
1.113659	0.600784	-4.410389	111.376000
1.102372	0.598833	-4.409472	111.476000
1.090582	0.600447	-4.399586	111.576000
1.078775	0.602517	-4.391576	111.676000
1.066795	0.606467	-4.375356	111.776000
1.055094	0.608398	-4.342745	111.876000
1.043376	0.615919	-4.351246	111.976000
1.031854	0.611365	-4.378695	112.076000
1.020150	0.603185	-4.385416	112.176000
1.008099	0.599680	-4.376590	112.276000
0.996360	0.597555	-4.366213	112.376000
0.984540	0.597592	-4.361701	112.476000
0.972737	0.601238	-4.355685	112.576000
0.961221	0.605799	-4.364021	112.676000
0.949510	0.605932	-4.394354	112.776000
0.937604	0.600620	-4.396509	112.876000
0.926030	0.596726	-4.364939	112.976000
0.914352	0.594342	-4.361851	113.076000
0.902517	0.594815	-4.380499	113.176000
0.891206	0.598270	-4.411573	113.276000
0.879384	0.601979	-4.426066	113.376000
0.867444	0.602329	-4.416301	113.476000
0.855501	0.601900	-4.403496	113.576000
0.843728	0.605942	-4.403090	113.676000
0.832350	0.605710	-4.403096	113.776000
0.820812	0.603887	-4.386752	113.876000
0.808950	0.600537	-4.393355	113.976000
0.797538	0.597283	-4.400557	114.076000
0.786025	0.596441	-4.402732	114.176000
0.773917	0.597279	-4.418575	114.276000
0.762690	0.602940	-4.429729	114.376000
0.751003	0.600925	-4.443304	114.476000
0.739476	0.602134	-4.432552	114.576000
0.728057	0.605640	-4.437020	114.676000
0.716297	0.606151	-4.408440	114.776000
0.704663	0.606539	-4.397807	114.876000
0.693184	0.606545	-4.390157	114.976000
0.681304	0.604521	-4.399458	115.076000
0.669585	0.597743	-4.418396	115.176000
0.657854	0.594921	-4.400478	115.276000
0.646086	0.598991	-4.379436	115.376000
0.634566	0.602054	-4.399829	115.476000
0.623016	0.599368	-4.424306	115.576000
0.611276	0.600686	-4.429090	115.676000
0.599417	0.606700	-4.448979	115.776000
0.587777	0.607856	-4.443218	115.876000
0.576427	0.603464	-4.413883	115.976000
0.564551	0.601699	-4.383267	116.076000
0.552843	0.598469	-4.381673	116.176000
0.540968	0.599139	-4.401540	116.276000
0.529160	0.599877	-4.419986	116.376000
0.517423	0.599055	-4.426175	116.476000
0.505874	0.596730	-4.419271	116.576000
0.494478	0.596810	-4.397461	116.676000
0.482730	0.599874	-4.397276	116.776000
0.470507	0.602580	-4.403096	116.876000
0.458775	0.606384	-4.420473	116.976000
0.446938	0.604109	-4.438318	117.076000
0.435501	0.599437	-4.446036	117.176000
0.424079	0.600670	-4.429253	117.276000
0.412090	0.606301	-4.427075	117.376000
0.400145	0.610517	-4.433290	117.476000
0.388226	0.607521	-4.412506	117.576000
0.376670	0.606554	-4.409046	117.676000
0.365212	0.606395	-4.420713	117.776000
0.353766	0.603013	-4.427173	117.876000
0.341715	0.601712	-4.438010	117.976000
0.329601	0.599307	-4.450633	118.077000
0.318077	0.600029	-4.441109	118.176000
0.306372	0.604157	-4.418071	118.276000
0.294980	0.606376	-4.407797	118.376000
0.283168	0.606450	-4.403103	118.476000
0.271651	0.606629	-4.404294	118.576000
0.260282	0.608966	-4.385713	118.676000
0.248405	0.607749	-4.379645	118.776000
0.237172	0.601339	-4.380398	118.876000
0.229789	0.600161	-4.413181	118.976000
0.225020	0.600160	-4.425796	119.076000
0.220990	0.594663	-4.425784	119.176000
0.217592	0.593257	-4.425157	119.276000
0.214863	0.593577	-4.414035	119.377000
0.212205	0.591917	-4.418711	119.476000
0.210055	0.595959	-4.425784	119.576000
0.207827	0.596648	-4.422905	119.676000
0.205977	0.598526	-4.409087	119.776000
0.204159	0.596852	-4.392908	119.876000
0.202608	0.597992	-4.392061	119.976000
0.201117	0.599403	-4.374114	120.076000
0.199533	0.607639	-4.376804	120.176000
0.198414	0.611997	-4.393733	120.276000
0.197176	0.612739	-4.409630	120.376000
0.195803	0.611676	-4.424028	120.476000
0.194726	0.609057	-4.418371	120.576000
0.193605	0.606733	-4.382125	120.676000
0.192663	0.608091	-4.375306	120.776000
0.191755	0.613786	-4.357066	120.876000
0.190901	0.614135	-4.358078	120.976000
0.190049	0.613827	-4.357447	121.076000
0.189105	0.612461	-4.350437	121.176000
0.188485	0.612649	-4.367862	121.276000
0.187697	0.606914	-4.380678	121.376000
0.186941	0.601558	-4.380734	121.476000
0.186483	0.604474	-4.398153	121.576000
0.185922	0.610806	-4.403238	121.676000
0.185047	0.612003	-4.404380	121.776000
0.184514	0.605748	-4.397101	121.876000
0.183987	0.606195	-4.371983	121.976000
0.183518	0.608120	-4.362842	122.076000
0.182876	0.606572	-4.362297	122.176000
0.182297	0.606083	-4.391289	122.276000
0.182026	0.603122	-4.411982	122.376000
0.181199	0.601855	-4.401557	122.476000
0.180838	0.605022	-4.404877	122.576000
0.180475	0.603161	-4.430744	122.676000
0.180064	0.599493	-4.431641	122.776000
0.179503	0.602085	-4.418062	122.876000
0.179313	0.607976	-4.405520	122.976000
0.178942	0.609197	-4.392692	123.076000
0.178235	0.611247	-4.397711	123.176000
0.178027	0.611481	-4.412802	123.276000
0.177707	0.610029	-4.421266	123.376000
0.177315	0.610271	-4.404733	123.476000
0.176923	0.614284	-4.378484	123.576000
0.176661	0.614953	-4.376313	123.676000
0.176276	0.608328	-4.384236	123.776000
0.176110	0.605502	-4.404067	123.876000
0.175826	0.601642	-4.403325	123.976000
0.175644	0.600977	-4.383954	124.076000
0.175289	0.606309	-4.378680	124.176000
0.174959	0.606193	-4.391102	124.276000
0.174733	0.600603	-4.411578	124.376000
0.174566	0.598894	-4.420915	124.476000
0.174218	0.602657	-4.426261	124.576000
0.174067	0.607521	-4.423041	124.676000
0.173773	0.609598	-4.425466	124.776000
0.173586	0.609584	-4.418851	124.876000
0.173275	0.609170	-4.427781	124.976000
0.173112	0.607462	-4.420325	125.076000
0.173075	0.606433	-4.412877	125.177000
0.172695	0.604935	-4.403096	125.276000
0.172599	0.605732	-4.387920	125.376000
0.172446	0.610795	-4.384237	125.476000
0.172082	0.611261	-4.394185	125.576000
0.172000	0.611486	-4.402958	125.676000
0.171686	0.608021	-4.403095	125.776000
0.171421	0.604418	-4.396082	125.876000
0.171462	0.605653	-4.377923	125.976000
0.171168	0.603091	-4.389585	126.076000
0.171053	0.601221	-4.400371	126.176000
0.170715	0.601509	-4.379317	126.276000
0.170601	0.605637	-4.375336	126.376000
0.170396	0.605302	-4.398782	126.476000
0.170383	0.602086	-4.399216	126.576000
0.170134	0.600027	-4.377079	126.676000
0.169969	0.598865	-4.376648	126.776000
0.169757	0.601245	-4.378225	126.877000
0.169800	0.602432	-4.374261	126.976000
0.169543	0.604929	-4.372444	127.076000
0.169490	0.611030	-4.376905	127.176000
0.169397	0.607769	-4.388081	127.276000
0.169145	0.607185	-4.365267	127.376000
0.169278	0.609063	-4.370564	127.476000
0.169054	0.608335	-4.379002	127.576000
0.168998	0.606624	-4.389461	127.676000
0.169000	0.605248	-4.383137	127.776000
0.168742	0.605730	-4.375211	127.876000
0.168677	0.608253	-4.360918	127.976000
0.168749	0.607730	-4.362128	128.076000
0.168653	0.606531	-4.374703	128.176000
0.168432	0.606450	-4.351912	128.276000
0.168580	0.604227	-4.350169	128.376000
0.168355	0.599909	-4.376243	128.476000
0.168333	0.599304	-4.387052	128.576000
0.168113	0.600454	-4.383261	128.676000
0.168101	0.601726	-4.370662	128.776000
0.167964	0.605106	-4.347960	128.876000
0.167931	0.605359	-4.363474	128.976000
0.167803	0.602393	-4.367280	129.076000
0.167704	0.597794	-4.375199	129.176000
0.167771	0.596583	-4.400531	129.276000
0.167690	0.599508	-4.418695	129.376000
0.167429	0.601291	-4.432066	129.476000
0.167385	0.604181	-4.437198	129.576000
0.167526	0.602385	-4.431251	129.676000
0.167422	0.595609	-4.417783	129.776000
0.167486	0.593892	-4.403936	129.876000
0.167343	0.592252	-4.381569	129.976000
0.167267	0.597515	-4.382436	130.076000
0.167139	0.598644	-4.389202	130.176000
0.167090	0.600045	-4.391671	130.276000
0.167017	0.604572	-4.403095	130.376000
0.166783	0.604260	-4.396027	130.476000
0.166903	0.607735	-4.379433	130.576000
0.166815	0.610880	-4.392454	130.676000
0.166567	0.609298	-4.400151	130.776000
0.166599	0.609440	-4.383213	130.876000
0.166688	0.615543	-4.389566	130.976000
0.166528	0.617878	-4.414081	131.076000
0.166567	0.615857	-4.422756	131.176000
0.166531	0.613506	-4.426969	131.276000
0.166439	0.610561	-4.421266	131.376000
0.166394	0.610563	-4.407278	131.476000
0.166275	0.611247	-4.403177	131.576000
0.166342	0.611641	-4.390386	131.676000
0.166375	0.609392	-4.386915	131.776000
0.166085	0.602924	-4.391747	131.876000
0.166289	0.601298	-4.378237	131.976000
0.166320	0.601254	-4.389026	132.076000
0.166168	0.603689	-4.420398	132.176000
0.166095	0.602906	-4.408890	132.276000
0.166054	0.595569	-4.379791	132.376000
0.166012	0.598522	-4.369074	132.476000
0.165901	0.601547	-4.391332	132.577000
0.165941	0.604621	-4.411681	132.676000
0.165967	0.608904	-4.418500	132.776000
0.166098	0.610486	-4.421169	132.876000
0.165775	0.605470	-4.410405	132.976000
0.165875	0.602416	-4.392251	133.076000
0.165652	0.606576	-4.381890	133.176000
0.165653	0.609438	-4.397494	133.276000
0.165729	0.609068	-4.412905	133.376000
0.165525	0.608572	-4.403996	133.476000
0.165553	0.605040	-4.403842	133.576000
0.165781	0.603073	-4.390830	133.676000
0.165603	0.599451	-4.395756	133.776000
0.165491	0.598339	-4.402396	133.876000
0.165411	0.599685	-4.402524	133.976000
0.165477	0.603192	-4.432862	134.076000
0.165494	0.601064	-4.468174	134.176000
0.165446	0.599885	-4.446418	134.276000
0.165560	0.602626	-4.411298	134.376000
0.165533	0.603339	-4.418017	134.476000
0.165388	0.600517	-4.426189	134.576000
0.165567	0.606047	-4.427899	134.676000
0.165437	0.607349	-4.425482	134.776000
0.165475	0.606525	-4.392930	134.876000
0.165588	0.606357	-4.373989	134.976000
0.165327	0.599515	-4.381901	135.076000
0.165257	0.592400	-4.383194	135.176000
0.165280	0.591661	-4.376411	135.276000
0.165290	0.591284	-4.361492	135.376000
0.165421	0.589253	-4.362240	135.476000
0.165397	0.591671	-4.387342	135.576000
0.165082	0.596138	-4.400553	135.676000
0.165239	0.599928	-4.401701	135.776000
0.165281	0.602630	-4.423218	135.876000
0.165356	0.604195	-4.427826	135.976000
0.165227	0.606680	-4.418798	136.076000
0.165217	0.606443	-4.416150	136.176000
0.165263	0.608668	-4.401750	136.276000
0.165275	0.611128	-4.421313	136.376000
0.165127	0.606999	-4.419713	136.476000
0.165310	0.601914	-4.398885	136.576000
0.165114	0.601145	-4.410877	136.676000
0.165067	0.596856	-4.436921	136.776000
0.165091	0.596489	-4.443311	136.876000
0.164996	0.596639	-4.416515	136.976000
0.165179	0.596608	-4.372377	137.076000
0.164973	0.598369	-4.370892	137.176000
0.164934	0.599318	-4.378253	137.276000
0.164922	0.602354	-4.388576	137.376000
0.164906	0.604446	-4.407837	137.476000
0.164947	0.604949	-4.408664	137.576000
0.165044	0.605364	-4.400297	137.676000
0.164984	0.609308	-4.382318	137.776000
0.165053	0.614733	-4.373310	137.876000
0.164926	0.618490	-4.382478	137.976000
0.164900	0.615478	-4.392288	138.076000
0.164752	0.609320	-4.389921	138.176000
0.164890	0.607955	-4.389513	138.276000
0.164934	0.599354	-4.422726	138.376000
0.164942	0.595636	-4.414717	138.476000
0.164965	0.600794	-4.415841	138.576000
0.164897	0.605588	-4.406215	138.676000
0.164975	0.605706	-4.403106	138.776000
0.164959	0.600128	-4.403193	138.876000
0.164973	0.597043	-4.407441	138.976000
0.164746	0.600102	-4.416175	139.076000
0.164710	0.603971	-4.412256	139.176000
0.164817	0.605546	-4.420254	139.276000
0.164965	0.607323	-4.418147	139.376000
0.164800	0.610673	-4.388009	139.476000
0.164657	0.616465	-4.379117	139.581000
0.164867	0.615057	-4.371219	139.676000
0.164734	0.611660	-4.381415	139.776000
0.164681	0.609424	-4.420359	139.876000
0.164814	0.606851	-4.431987	139.976000
0.164813	0.600295	-4.409116	140.076000
0.164615	0.600025	-4.389459	140.176000
0.164817	0.603237	-4.394894	140.276000
0.165032	0.602366	-4.403104	140.376000
0.164797	0.603386	-4.390513	140.476000
0.164739	0.607314	-4.370008	140.581000
0.164632	0.610979	-4.368403	140.676000
0.164664	0.611556	-4.380517	140.776000
0.164822	0.610373	-4.407150	140.876000
0.164617	0.607678	-4.425603	140.976000
0.164567	0.604727	-4.427958	141.076000
0.164637	0.601392	-4.428415	141.176000
0.164620	0.602076	-4.431272	141.276000
0.164685	0.605149	-4.420954	141.376000
0.164534	0.607369	-4.406186	141.476000
0.164685	0.608355	-4.403485	141.576000
0.164606	0.605818	-4.385812	141.676000
0.164677	0.602746	-4.378238	141.776000
0.164740	0.604902	-4.378256	141.876000
0.164843	0.608660	-4.384006	141.976000
0.164751	0.607841	-4.397708	142.076000
0.164780	0.606597	-4.406714	142.176000
0.164794	0.610140	-4.403579	142.276000
0.164662	0.610771	-4.391584	142.376000
