0.493169	0.729190	-4.370939	10.909000
0.492388	0.726864	-4.370833	11.009000
0.492244	0.725875	-4.367432	11.109000
0.492562	0.727306	-4.360825	11.209000
0.492347	0.730405	-4.377415	11.309000
0.492434	0.728545	-4.384745	11.409000
0.492379	0.731430	-4.386149	11.509000
0.492479	0.736809	-4.406625	11.609000
0.492338	0.736142	-4.423726	11.709000
0.492319	0.731573	-4.429322	11.809000
0.492330	0.731530	-4.422355	11.909000
0.492295	0.735830	-4.401885	12.009000
0.492378	0.738957	-4.376874	12.109000
0.492289	0.739700	-4.377584	12.209000
0.492381	0.741715	-4.380931	12.309000
0.492414	0.743749	-4.382956	12.409000
0.492313	0.742118	-4.381662	12.509000
0.492369	0.735098	-4.385032	12.609000
0.492455	0.731716	-4.399419	12.709000
0.492449	0.733884	-4.399965	12.809000
0.492317	0.740902	-4.403744	12.909000
0.492331	0.744813	-4.398794	13.009000
0.492471	0.746975	-4.384114	13.109000
0.492415	0.746650	-4.400755	13.209000
0.492318	0.741428	-4.419008	13.309000
0.491515	0.733140	-4.415254	13.409000
0.486463	0.735252	-4.412176	13.509000
0.479652	0.742162	-4.432185	13.609000
0.472604	0.744518	-4.437917	13.709000
0.464655	0.742851	-4.431630	13.810000
0.457005	0.739841	-4.436106	13.909000
0.448664	0.741077	-4.443077	14.009000
0.439891	0.744267	-4.439121	14.109000
0.430810	0.752830	-4.453298	14.209000
0.421669	0.754650	-4.465628	14.309000
0.412455	0.755628	-4.470330	14.409000
0.403286	0.755045	-4.475725	14.510000
0.393716	0.752715	-4.476764	14.609000
0.384090	0.758018	-4.474676	14.709000
0.374230	0.759081	-4.458868	14.810000
0.364234	0.757446	-4.441612	14.909000
0.353882	0.755373	-4.448411	15.009000
0.343820	0.751935	-4.461877	15.109000
0.333387	0.751844	-4.476614	15.209000
0.322376	0.750629	-4.471791	15.309000
0.311673	0.749673	-4.442325	15.409000
0.300759	0.752675	-4.434162	15.509000
0.290230	0.756918	-4.443472	15.609000
0.279269	0.755982	-4.457424	15.709000
0.268253	0.756247	-4.463709	15.809000
0.257048	0.755703	-4.460823	15.910000
0.246149	0.756896	-4.467700	16.010000
0.234912	0.754532	-4.464970	16.109000
0.226020	0.748294	-4.450414	16.209000
0.225700	0.741775	-4.433218	16.310000
0.228125	0.736799	-4.418035	16.409000
0.232030	0.736921	-4.385018	16.510000
0.236813	0.739269	-4.380847	16.609000
0.242331	0.738678	-4.392469	16.710000
0.248159	0.734080	-4.409031	16.809000
0.254470	0.732633	-4.415285	16.909000
0.261372	0.736782	-4.421387	17.009000
0.268112	0.736962	-4.418188	17.110000
0.275801	0.734762	-4.397686	17.210000
0.283525	0.738476	-4.382305	17.309000
0.291075	0.742103	-4.380859	17.409000
0.299078	0.739718	-4.368081	17.509000
0.307162	0.742970	-4.367219	17.609000
0.315401	0.741885	-4.379518	17.709000
0.323947	0.737730	-4.382092	17.809000
0.332344	0.740038	-4.389399	17.909000
0.340930	0.743461	-4.399899	18.010000
0.349630	0.738881	-4.416467	18.109000
0.358318	0.731934	-4.424175	18.209000
0.367371	0.734985	-4.422053	18.309000
0.376484	0.739389	-4.425898	18.409000
0.385340	0.737814	-4.430624	18.509000
0.394232	0.736854	-4.415588	18.610000
0.403570	0.735412	-4.392456	18.709000
0.387263	0.726853	-4.399602	18.809000
0.267685	0.715117	-4.407480	18.909000
0.245085	0.723398	-4.400834	19.009000
0.237549	0.730607	-4.400469	19.109000
0.235881	0.732470	-4.401118	19.209000
0.237032	0.731357	-4.407549	19.309000
0.239872	0.727242	-4.398767	19.409000
0.244324	0.721993	-4.393324	19.509000
0.277173	0.720199	-4.414587	19.609000
0.335325	0.718235	-4.440786	19.709000
0.342032	0.725455	-4.443493	19.809000
0.298154	0.734883	-4.481890	19.909000
0.294386	0.739651	-4.471916	20.009000
0.296461	0.740990	-4.448546	20.109000
0.322977	0.736940	-4.433777	20.210000
0.501212	0.730038	-4.448662	20.309000
0.687703	0.731797	-4.397605	20.409000
0.739883	0.740755	-4.381231	20.509000
0.774759	0.744454	-4.383229	20.609000
0.801778	0.742482	-4.382661	20.709000
0.824029	0.736970	-4.391713	20.809000
0.843559	0.735088	-4.405834	20.909000
0.860839	0.737075	-4.420739	21.009000
0.876858	0.736995	-4.419354	21.109000
0.892269	0.736839	-4.402297	21.210000
0.906764	0.737868	-4.377241	21.310000
0.920498	0.741689	-4.378047	21.409000
0.933574	0.741099	-4.396114	21.509000
0.946230	0.733764	-4.403309	21.609000
0.958793	0.734995	-4.386769	21.709000
0.971460	0.738114	-4.378806	21.809000
0.983807	0.739981	-4.382725	21.910000
0.995660	0.735133	-4.380862	22.009000
1.007317	0.734109	-4.380547	22.109000
1.018847	0.737926	-4.380850	22.209000
1.030428	0.747009	-4.383143	22.309000
1.041701	0.751792	-4.383334	22.409000
1.052733	0.746363	-4.391618	22.509000
1.064049	0.738953	-4.389242	22.609000
1.074975	0.734227	-4.396569	22.709000
1.086172	0.731837	-4.410290	22.810000
1.097250	0.734075	-4.407527	22.909000
1.108185	0.739496	-4.405463	23.009000
1.119579	0.739795	-4.417382	23.109000
1.130217	0.734767	-4.402300	23.210000
1.141213	0.735506	-4.398230	23.309000
1.152047	0.737506	-4.388517	23.409000
1.162983	0.741257	-4.389085	23.510000
1.174398	0.741131	-4.401617	23.610000
1.185556	0.739435	-4.420205	23.709000
1.196377	0.739582	-4.407757	23.809000
1.207320	0.741527	-4.385687	23.909000
1.218329	0.745205	-4.396972	24.009000
1.228970	0.745919	-4.419570	24.109000
1.240156	0.744142	-4.418260	24.209000
1.251057	0.748375	-4.399155	24.309000
1.262004	0.749720	-4.393191	24.409000
1.272259	0.751968	-4.400571	24.510000
1.283461	0.750505	-4.398910	24.609000
1.294570	0.745033	-4.392716	24.709000
1.305254	0.740609	-4.395967	24.809000
1.316432	0.741375	-4.402243	24.909000
1.327308	0.741986	-4.407829	25.009000
1.338119	0.741445	-4.400576	25.110000
1.349142	0.741837	-4.411397	25.209000
1.360454	0.740789	-4.420759	25.310000
1.371424	0.739893	-4.423256	25.409000
1.382090	0.738728	-4.406174	25.509000
1.393074	0.740423	-4.379690	25.610000
1.403851	0.745418	-4.378743	25.709000
1.414874	0.748457	-4.391417	25.810000
1.425727	0.753572	-4.403483	25.909000
1.436830	0.757930	-4.409835	26.009000
1.447923	0.755499	-4.405580	26.110000
1.458700	0.747479	-4.419322	26.210000
1.469882	0.740222	-4.419988	26.310000
1.480646	0.737390	-4.405960	26.409000
1.491523	0.740793	-4.397905	26.509000
1.503118	0.743372	-4.399391	26.609000
1.513789	0.747960	-4.407687	26.709000
1.524667	0.750923	-4.415843	26.809000
1.535691	0.748673	-4.428756	26.909000
1.546551	0.746362	-4.439127	27.009000
1.557428	0.746591	-4.421315	27.109000
1.568363	0.747175	-4.401120	27.209000
1.579474	0.748568	-4.407835	27.309000
1.590077	0.749656	-4.423164	27.409000
1.601105	0.751381	-4.427989	27.509000
1.611853	0.752012	-4.425990	27.609000
1.623443	0.751840	-4.424822	27.709000
1.633717	0.746631	-4.431837	27.809000
1.645552	0.744561	-4.442221	27.909000
1.656382	0.743490	-4.449674	28.009000
1.667737	0.749124	-4.442340	28.109000
1.677871	0.753607	-4.443677	28.209000
1.690126	0.756267	-4.450299	28.309000
1.700177	0.757558	-4.445340	28.409000
1.711424	0.758507	-4.451402	28.509000
1.722358	0.758331	-4.457139	28.609000
1.733693	0.761706	-4.443414	28.709000
1.744714	0.766153	-4.443671	28.809000
1.755804	0.765617	-4.451847	28.909000
1.766736	0.759629	-4.452765	29.009000
1.777790	0.760382	-4.453771	29.109000
1.789179	0.761844	-4.457485	29.209000
1.800388	0.763461	-4.442988	29.309000
1.811676	0.763171	-4.459349	29.409000
1.822858	0.761139	-4.502751	29.510000
1.833808	0.760012	-4.532270	29.609000
1.844959	0.761587	-4.528955	29.709000
1.855787	0.766222	-4.528086	29.809000
1.866764	0.766895	-4.527782	29.909000
1.878694	0.766744	-4.499372	30.009000
1.889675	0.768438	-4.479002	30.109000
1.900856	0.768474	-4.481902	30.209000
1.911642	0.762606	-4.482737	30.309000
1.922157	0.761702	-4.498218	30.409000
1.934607	0.766239	-4.514364	30.509000
1.944980	0.775958	-4.498489	30.609000
1.956300	0.789050	-4.523799	30.709000
1.967312	0.792143	-4.534986	30.809000
1.978709	0.791345	-4.539109	30.909000
1.990041	0.789179	-4.543184	31.009000
2.001172	0.794925	-4.550447	31.109000
2.012513	0.797527	-4.570781	31.209000
2.023652	0.801502	-4.575078	31.309000
2.034931	0.801113	-4.592561	31.409000
2.045782	0.801294	-4.610157	31.509000
2.057081	0.800479	-4.615600	31.609000
2.068246	0.803858	-4.618107	31.709000
2.079418	0.804586	-4.625186	31.809000
2.090531	0.811041	-4.626592	31.909000
2.101797	0.819143	-4.630383	32.009000
2.112833	0.821150	-4.637428	32.109000
2.123839	0.825829	-4.672894	32.209000
2.134856	0.832475	-4.714557	32.309000
2.145948	0.835146	-4.719531	32.409000
2.157380	0.841031	-4.707029	32.510000
2.168436	0.853812	-4.709101	32.610000
2.179962	0.865514	-4.714868	32.709000
2.191252	0.875465	-4.738645	32.810000
2.202344	0.883866	-4.779272	32.909000
2.213614	0.895563	-4.821177	33.009000
2.224689	0.911813	-4.840491	33.110000
2.236002	0.931826	-4.876423	33.210000
2.247438	0.946458	-4.919794	33.309000
2.258630	0.961441	-4.970714	33.409000
2.270126	0.981573	-5.024869	33.509000
2.281132	1.003964	-5.091604	33.610000
2.292208	1.028848	-5.144770	33.709000
2.303736	1.058830	-5.196648	33.809000
2.315203	1.096222	-5.269324	33.909000
2.326504	1.137973	-5.367472	34.009000
2.337871	1.186995	-5.463296	34.109000
2.349141	1.242680	-5.533896	34.209000
2.360336	1.300276	-5.605939	34.309000
2.372029	1.352449	-5.694055	34.409000
2.383234	1.402469	-5.773982	34.509000
2.394874	1.439031	-5.849774	34.609000
2.405790	1.460652	-5.915232	34.710000
2.416979	1.470556	-5.966855	34.809000
2.428332	1.477355	-5.995127	34.909000
2.439712	1.487010	-6.016318	35.009000
2.451281	1.495480	-6.022168	35.109000
2.462755	1.502760	-6.043930	35.210000
2.473917	1.502765	-6.052458	35.309000
2.485294	1.507327	-6.058539	35.409000
2.496437	1.515152	-6.060906	35.509000
2.507796	1.521250	-6.062350	35.609000
2.518879	1.540249	-6.064362	35.709000
2.530163	1.560036	-6.085018	35.809000
2.541337	1.579304	-6.103894	35.909000
2.552822	1.609200	-6.111491	36.009000
2.564085	1.649531	-6.110975	36.109000
2.575651	1.709160	-6.110941	36.209000
2.587031	1.774667	-6.118526	36.309000
2.598545	1.849603	-6.125818	36.409000
2.609825	1.929126	-6.095883	36.509000
2.621169	1.999872	-6.053744	36.609000
2.632372	2.042135	-5.998208	36.709000
2.643698	2.007984	-5.904006	36.809000
2.654885	1.902749	-5.752006	36.909000
2.666212	1.780358	-5.565754	37.009000
2.677654	1.686308	-5.387602	37.109000
2.688865	1.633804	-5.267034	37.209000
2.700749	1.613709	-5.202139	37.309000
2.712215	1.616129	-5.158887	37.409000
2.723562	1.624064	-5.134389	37.509000
2.734909	1.631624	-5.118280	37.609000
2.745967	1.639148	-5.103718	37.709000
2.757603	1.644097	-5.088843	37.809000
2.769382	1.644799	-5.082580	37.909000
2.780837	1.651421	-5.074899	38.009000
2.792007	1.657468	-5.060059	38.110000
2.803312	1.666222	-5.047835	38.210000
2.814518	1.675563	-5.036986	38.310000
2.825825	1.681897	-5.029242	38.409000
2.837044	1.689702	-5.016557	38.509000
2.848428	1.698425	-4.997856	38.609000
2.859764	1.709250	-4.989553	38.709000
2.870913	1.715694	-4.977327	38.809000
2.882415	1.723267	-4.966610	38.909000
2.894057	1.730172	-4.967454	39.009000
2.905436	1.733866	-4.967063	39.109000
2.916790	1.741418	-4.959155	39.210000
2.928049	1.750181	-4.949542	39.309000
2.939101	1.755191	-4.941604	39.409000
2.950670	1.756912	-4.945097	39.509000
2.961834	1.766407	-4.942495	39.609000
2.973120	1.781382	-4.932230	39.710000
2.984547	1.790366	-4.921267	39.809000
2.995880	1.801513	-4.911711	39.909000
3.006995	1.815572	-4.904987	40.009000
3.018330	1.826929	-4.902418	40.109000
3.029894	1.840433	-4.893728	40.209000
3.041559	1.852289	-4.886394	40.309000
3.052798	1.861389	-4.887681	40.410000
3.064110	1.869093	-4.887274	40.509000
3.075335	1.879048	-4.878147	40.610000
3.086700	1.887399	-4.863641	40.709000
3.097881	1.896126	-4.849229	40.809000
3.109284	1.909089	-4.840672	40.909000
3.120594	1.929778	-4.832108	41.009000
3.132039	1.943589	-4.832001	41.109000
3.143203	1.953988	-4.825906	41.210000
3.154382	1.958720	-4.816541	41.309000
3.165677	1.962724	-4.815065	41.409000
3.177002	1.972240	-4.806864	41.509000
3.188255	1.979106	-4.785633	41.609000
3.199405	1.989783	-4.771426	41.709000
3.210698	2.001036	-4.766288	41.809000
3.222987	2.007311	-4.758749	41.914000
3.234437	2.011514	-4.740222	42.009000
3.245661	2.020868	-4.725482	42.110000
3.256839	2.033734	-4.726286	42.209000
3.268113	2.040151	-4.725531	42.309000
3.279579	2.052718	-4.714938	42.409000
3.291066	2.064329	-4.710134	42.509000
3.302770	2.070496	-4.708347	42.610000
3.313902	2.078922	-4.696836	42.709000
3.325268	2.088491	-4.685255	42.809000
3.336336	2.094545	-4.675584	42.909000
3.348011	2.098228	-4.661778	43.010000
3.359724	2.104805	-4.652218	43.109000
3.371134	2.110925	-4.656225	43.209000
3.382663	2.120400	-4.654026	43.309000
3.393962	2.134485	-4.646565	43.409000
3.405240	2.150103	-4.634952	43.509000
3.417089	2.163787	-4.623103	43.609000
3.428336	2.172756	-4.614114	43.709000
3.439794	2.178582	-4.610227	43.809000
3.450795	2.181155	-4.611559	43.909000
3.462012	2.181118	-4.605101	44.009000
3.473561	2.184299	-4.596742	44.109000
3.485255	2.190259	-4.592542	44.209000
3.496330	2.193551	-4.577284	44.309000
3.508477	2.199873	-4.566704	44.409000
3.519375	2.215722	-4.565348	44.509000
3.530362	2.228416	-4.564520	44.609000
3.542732	2.231513	-4.558732	44.709000
3.553449	2.235313	-4.557938	44.809000
3.565804	2.235965	-4.551765	44.909000
3.576824	2.237738	-4.542707	45.009000
3.588001	2.247360	-4.533056	45.109000
3.599625	2.258225	-4.519125	45.209000
3.610326	2.264070	-4.514309	45.309000
3.621217	2.268711	-4.501287	45.409000
3.633356	2.271920	-4.483783	45.509000
3.644787	2.275605	-4.476250	45.609000
3.655472	2.277297	-4.468781	45.709000
3.666781	2.282298	-4.460016	45.809000
3.678794	2.291102	-4.460579	45.909000
3.689959	2.296846	-4.461819	46.009000
3.700460	2.290663	-4.460276	46.109000
3.711831	2.291730	-4.452133	46.209000
3.723520	2.291350	-4.444777	46.309000
3.734862	2.292459	-4.439722	46.409000
3.746871	2.299598	-4.432067	46.509000
3.758717	2.305108	-4.424699	46.610000
3.770007	2.308456	-4.417935	46.709000
3.780798	2.310022	-4.416596	46.809000
3.791651	2.315213	-4.403125	46.909000
3.803442	2.317841	-4.389579	47.009000
3.815047	2.320171	-4.387108	47.109000
3.827553	2.325327	-4.390630	47.209000
3.838605	2.331074	-4.387460	47.309000
3.849814	2.331271	-4.383880	47.409000
3.860619	2.336192	-4.377901	47.509000
3.872742	2.339594	-4.375473	47.610000
3.884732	2.339068	-4.372286	47.710000
3.895834	2.342497	-4.364495	47.810000
3.906512	2.352348	-4.356549	47.910000
3.918600	2.355832	-4.355445	48.009000
3.929617	2.355275	-4.352947	48.109000
3.941725	2.358312	-4.353109	48.209000
3.952529	2.358503	-4.350053	48.309000
3.964678	2.359457	-4.341254	48.409000
3.975168	2.359713	-4.330147	48.510000
3.987184	2.364725	-4.321045	48.610000
3.998339	2.370314	-4.327333	48.709000
4.009546	2.371232	-4.318023	48.809000
4.021608	2.375538	-4.305423	48.910000
4.032752	2.381905	-4.305100	49.009000
4.043832	2.383416	-4.307154	49.110000
4.054863	2.388623	-4.308065	49.209000
4.066702	2.392195	-4.307017	49.309000
4.078571	2.390865	-4.297135	49.409000
4.089576	2.390679	-4.289718	49.510000
4.101104	2.391164	-4.282043	49.609000
4.112181	2.392407	-4.279974	49.709000
4.123662	2.393153	-4.276756	49.809000
4.134897	2.396654	-4.266816	49.909000
4.145901	2.398256	-4.263128	50.009000
4.157349	2.399588	-4.263750	50.109000
4.168518	2.402247	-4.266429	50.209000
4.179992	2.401870	-4.264696	50.309000
4.190594	2.398243	-4.256388	50.409000
4.202819	2.398451	-4.245346	50.509000
4.213305	2.401476	-4.238587	50.609000
4.225352	2.400889	-4.240024	50.709000
4.236348	2.402807	-4.240414	50.809000
4.247389	2.406033	-4.239800	50.909000
4.259365	2.410623	-4.232348	51.009000
4.270463	2.415181	-4.229550	51.109000
4.281853	2.422707	-4.225313	51.209000
4.293349	2.423585	-4.218788	51.309000
4.304381	2.417051	-4.208242	51.409000
4.315797	2.416781	-4.204359	51.510000
4.327532	2.416519	-4.205249	51.609000
4.338687	2.416355	-4.199561	51.709000
4.350175	2.417569	-4.196144	51.809000
4.361600	2.416503	-4.195727	51.909000
4.372759	2.408936	-4.191792	52.009000
4.384133	2.404613	-4.178322	52.109000
4.396069	2.405465	-4.171652	52.209000
4.407381	2.409960	-4.169103	52.309000
4.418616	2.412442	-4.166236	52.409000
4.429637	2.415648	-4.170660	52.510000
4.441044	2.418846	-4.166935	52.609000
4.452499	2.418771	-4.165389	52.709000
4.464083	2.421405	-4.168531	52.810000
4.475427	2.427449	-4.172239	52.909000
4.486796	2.428388	-4.171314	53.009000
4.498085	2.424554	-4.173900	53.109000
4.509565	2.421876	-4.169188	53.211000
4.521082	2.420340	-4.166011	53.309000
4.532261	2.418600	-4.158482	53.409000
4.543523	2.419711	-4.153160	53.509000
4.555145	2.419293	-4.153008	53.609000
4.566208	2.419947	-4.155377	53.709000
4.577638	2.421790	-4.152970	53.809000
4.589526	2.427523	-4.154363	53.910000
4.600637	2.427708	-4.154315	54.010000
4.612066	2.419808	-4.143806	54.109000
4.623363	2.414427	-4.139298	54.210000
4.634649	2.414346	-4.142526	54.310000
4.645569	2.421613	-4.138409	54.409000
4.656571	2.429123	-4.133422	54.509000
4.667670	2.430776	-4.128494	54.609000
4.679109	2.429697	-4.130784	54.709000
4.690069	2.421213	-4.137236	54.810000
4.701311	2.419259	-4.140185	54.909000
4.712786	2.418692	-4.141090	55.009000
4.723652	2.420754	-4.132139	55.109000
4.735025	2.422544	-4.124190	55.209000
4.746337	2.428541	-4.118532	55.309000
4.757358	2.433770	-4.125553	55.409000
4.768704	2.431707	-4.123210	55.509000
4.780440	2.428313	-4.117639	55.610000
4.791651	2.426771	-4.118089	55.709000
4.802956	2.427640	-4.117840	55.809000
4.814251	2.428006	-4.115325	55.909000
4.825254	2.429535	-4.115833	56.009000
4.836715	2.432554	-4.121037	56.110000
4.847958	2.436663	-4.115757	56.209000
4.858855	2.434533	-4.111933	56.309000
4.870530	2.432806	-4.107962	56.409000
4.881505	2.434059	-4.107877	56.509000
4.892597	2.432101	-4.111008	56.609000
4.904187	2.427625	-4.110859	56.709000
4.915563	2.426380	-4.107796	56.810000
4.926873	2.430642	-4.105136	56.909000
4.938124	2.438969	-4.102733	57.009000
4.949404	2.437276	-4.105237	57.109000
4.960747	2.436159	-4.103935	57.209000
4.972164	2.439571	-4.107380	57.309000
4.983407	2.438079	-4.112472	57.409000
4.995053	2.435488	-4.111276	57.509000
5.006379	2.439947	-4.106354	57.609000
5.017361	2.440806	-4.102871	57.709000
5.028477	2.436729	-4.103336	57.809000
5.040022	2.432676	-4.101920	57.909000
5.051052	2.429378	-4.100523	58.009000
5.062734	2.433393	-4.097225	58.109000
5.073982	2.435463	-4.096747	58.210000
5.085160	2.437546	-4.104858	58.309000
5.096598	2.436718	-4.106086	58.409000
5.108231	2.434722	-4.104973	58.510000
5.119433	2.436392	-4.107636	58.609000
5.130834	2.437514	-4.103232	58.709000
5.142011	2.434511	-4.095922	58.809000
5.153177	2.429443	-4.097154	58.909000
5.164612	2.426365	-4.099015	59.009000
5.175543	2.426310	-4.098875	59.109000
5.186852	2.427138	-4.096999	59.209000
5.198232	2.434150	-4.103798	59.310000
5.208801	2.435534	-4.109814	59.409000
5.220327	2.430451	-4.114622	59.509000
5.231934	2.423745	-4.110414	59.609000
5.242804	2.428113	-4.100026	59.709000
5.253856	2.433216	-4.093466	59.809000
5.264999	2.430712	-4.087132	59.909000
5.276093	2.431127	-4.083671	60.009000
5.287544	2.425375	-4.088102	60.109000
5.299085	2.428334	-4.094666	60.209000
5.310369	2.432128	-4.099823	60.309000
5.321804	2.431005	-4.101081	60.409000
5.332807	2.429614	-4.099041	60.509000
5.343620	2.425491	-4.091842	60.609000
5.355266	2.429169	-4.083218	60.710000
5.366798	2.435175	-4.083815	60.809000
5.377689	2.432448	-4.082490	60.909000
5.388989	2.426149	-4.085254	61.009000
5.399933	2.424420	-4.087607	61.109000
5.410979	2.423476	-4.088121	61.210000
5.422643	2.422563	-4.093511	61.309000
5.433849	2.420460	-4.100790	61.409000
5.444927	2.421448	-4.095677	61.509000
5.456693	2.422572	-4.090536	61.610000
5.467215	2.426541	-4.086822	61.709000
5.478780	2.428202	-4.091573	61.809000
5.490095	2.425590	-4.091106	61.910000
5.501224	2.425483	-4.089165	62.009000
5.512581	2.426619	-4.088037	62.109000
5.523726	2.429360	-4.085072	62.210000
5.535061	2.430897	-4.079680	62.310000
5.545819	2.432726	-4.078771	62.409000
5.557357	2.432903	-4.083986	62.509000
5.568164	2.432168	-4.083994	62.609000
5.579633	2.431696	-4.082338	62.710000
5.591082	2.428120	-4.076187	62.809000
5.601913	2.428622	-4.076572	62.909000
5.613444	2.427009	-4.090501	63.009000
5.624690	2.421987	-4.095260	63.109000
5.635715	2.421588	-4.090383	63.210000
5.646925	2.422388	-4.086490	63.309000
5.657072	2.424871	-4.085171	63.409000
5.658890	2.425942	-4.082779	63.509000
5.657245	2.427138	-4.081076	63.609000
5.654189	2.423895	-4.075775	63.709000
5.649791	2.415709	-4.078483	63.810000
5.644743	2.412680	-4.083476	63.909000
5.639305	2.416168	-4.083736	64.009000
5.633879	2.418927	-4.080975	64.109000
5.627342	2.424089	-4.082412	64.209000
5.621041	2.426241	-4.084658	64.309000
5.614309	2.423962	-4.085223	64.409000
5.607351	2.420946	-4.081838	64.509000
5.600131	2.420995	-4.084798	64.610000
5.592927	2.422361	-4.086388	64.709000
5.585324	2.422776	-4.086758	64.809000
5.577646	2.425636	-4.088893	64.910000
5.569743	2.426748	-4.094472	65.009000
5.561615	2.426600	-4.090504	65.109000
5.553811	2.428259	-4.087512	65.209000
5.545854	2.427473	-4.085570	65.309000
5.537313	2.426086	-4.094836	65.410000
5.529255	2.426624	-4.097050	65.509000
5.520213	2.424588	-4.091559	65.609000
5.511663	2.425267	-4.088633	65.709000
5.503478	2.429633	-4.093955	65.810000
5.494681	2.435820	-4.090074	65.909000
5.486297	2.438019	-4.087776	66.009000
5.477564	2.436837	-4.088182	66.109000
5.468369	2.436384	-4.086214	66.209000
5.459476	2.436484	-4.084577	66.309000
5.450701	2.437991	-4.085619	66.409000
5.441904	2.432500	-4.085869	66.510000
5.432756	2.430032	-4.084795	66.609000
5.423860	2.430511	-4.079304	66.709000
5.414454	2.429159	-4.081277	66.809000
5.405536	2.432765	-4.084302	66.909000
5.396647	2.438838	-4.085686	67.009000
5.387159	2.434015	-4.085410	67.109000
5.377895	2.429683	-4.089562	67.209000
5.368818	2.429856	-4.093033	67.309000
5.359405	2.428666	-4.096063	67.409000
5.350262	2.423588	-4.093794	67.509000
5.340775	2.422011	-4.092882	67.609000
5.331488	2.425872	-4.092861	67.709000
5.322237	2.432583	-4.085000	67.809000
5.312795	2.432734	-4.074542	67.909000
5.303639	2.431373	-4.071337	68.009000
5.294275	2.425814	-4.077432	68.109000
5.284710	2.426670	-4.081166	68.210000
5.275148	2.430723	-4.087792	68.309000
5.265312	2.438024	-4.091963	68.409000
5.255519	2.441731	-4.098485	68.509000
5.246270	2.437145	-4.095125	68.609000
5.236787	2.430081	-4.088909	68.709000
5.227205	2.431088	-4.091272	68.809000
5.217614	2.431734	-4.086958	68.909000
5.207742	2.427725	-4.087103	69.009000
5.197869	2.427318	-4.087977	69.109000
5.188178	2.434004	-4.091214	69.209000
5.178554	2.440463	-4.091939	69.309000
5.168948	2.437304	-4.104754	69.409000
5.158869	2.432456	-4.106641	69.509000
5.149234	2.433202	-4.103107	69.609000
5.139104	2.433113	-4.100492	69.710000
5.129444	2.430762	-4.092937	69.809000
5.119586	2.433945	-4.090263	69.909000
5.109764	2.436262	-4.091907	70.009000
5.100089	2.438725	-4.100123	70.109000
5.089216	2.436767	-4.103817	70.209000
5.079693	2.433109	-4.104028	70.309000
5.070177	2.425000	-4.102038	70.409000
5.059522	2.426393	-4.093692	70.509000
5.049990	2.429530	-4.094327	70.609000
5.039874	2.433950	-4.094588	70.709000
5.029913	2.438220	-4.100857	70.809000
5.020091	2.439229	-4.102739	70.909000
5.010276	2.437468	-4.100948	71.009000
5.000123	2.435255	-4.098129	71.109000
4.990533	2.433728	-4.103376	71.209000
4.979242	2.432015	-4.108916	71.309000
4.970044	2.431349	-4.104995	71.409000
4.959636	2.428916	-4.094980	71.509000
4.949847	2.428383	-4.087107	71.609000
4.939471	2.434010	-4.086471	71.709000
4.929640	2.434928	-4.091333	71.809000
4.919348	2.433380	-4.095981	71.909000
4.909057	2.430589	-4.097899	72.009000
4.899634	2.429173	-4.098391	72.109000
4.888995	2.432599	-4.102741	72.209000
4.879143	2.441711	-4.101829	72.309000
4.869309	2.448399	-4.100844	72.409000
4.858608	2.449976	-4.108576	72.509000
4.849152	2.450415	-4.114817	72.609000
4.839150	2.443606	-4.117133	72.709000
4.828803	2.435870	-4.119384	72.810000
4.818919	2.434470	-4.119980	72.909000
4.808463	2.435670	-4.120372	73.009000
4.798045	2.432091	-4.115644	73.109000
4.787651	2.429478	-4.113129	73.209000
4.777263	2.432456	-4.112567	73.309000
4.766900	2.434829	-4.111079	73.409000
4.756950	2.437450	-4.111682	73.509000
4.746336	2.438579	-4.114169	73.609000
4.735652	2.441126	-4.121061	73.709000
4.725456	2.436566	-4.126534	73.809000
4.715133	2.430633	-4.127081	73.909000
4.704896	2.430736	-4.126617	74.009000
4.694186	2.428763	-4.123531	74.109000
4.683799	2.432949	-4.121662	74.209000
4.673398	2.435141	-4.126449	74.309000
4.662923	2.430786	-4.125584	74.409000
4.652773	2.424560	-4.130774	74.510000
4.642503	2.422962	-4.132012	74.609000
4.631967	2.428053	-4.127642	74.709000
4.621101	2.431156	-4.126551	74.809000
4.610706	2.433529	-4.127944	74.909000
4.600318	2.443435	-4.132236	75.009000
4.589887	2.442026	-4.137166	75.109000
4.579656	2.435372	-4.142249	75.210000
4.568508	2.428224	-4.142781	75.309000
4.557946	2.425257	-4.143929	75.410000
4.547406	2.423993	-4.146581	75.509000
4.537185	2.430385	-4.144920	75.609000
4.526574	2.432148	-4.150996	75.709000
4.515763	2.423083	-4.153215	75.809000
4.504782	2.420898	-4.151892	75.909000
4.494121	2.419864	-4.154916	76.009000
4.483678	2.419063	-4.158334	76.109000
4.473198	2.423219	-4.170353	76.209000
4.462391	2.423974	-4.176059	76.309000
4.452024	2.422900	-4.174275	76.409000
4.441322	2.422927	-4.174329	76.509000
4.430794	2.422752	-4.173495	76.609000
4.420422	2.421299	-4.167552	76.709000
4.409737	2.422099	-4.165998	76.809000
4.399193	2.424432	-4.170956	76.910000
4.388814	2.424425	-4.179114	77.009000
4.377928	2.420133	-4.184659	77.109000
4.367433	2.419439	-4.191257	77.210000
4.356815	2.418091	-4.201649	77.309000
4.346211	2.418842	-4.209859	77.410000
4.335558	2.418170	-4.213215	77.509000
4.324550	2.413998	-4.214321	77.610000
4.313823	2.409748	-4.217366	77.709000
4.303339	2.406911	-4.218427	77.809000
4.292954	2.407964	-4.217438	77.909000
4.281907	2.409926	-4.219746	78.009000
4.271111	2.413376	-4.220846	78.109000
4.260224	2.417298	-4.227388	78.210000
4.249352	2.416463	-4.233752	78.310000
4.238594	2.415347	-4.232209	78.409000
4.228094	2.412224	-4.234182	78.509000
4.217553	2.411401	-4.238894	78.609000
4.206297	2.407558	-4.248655	78.709000
4.195124	2.401274	-4.253252	78.809000
4.184487	2.399456	-4.254577	78.909000
4.173724	2.400119	-4.255868	79.009000
4.162838	2.398138	-4.253652	79.109000
4.152242	2.397686	-4.251269	79.209000
4.141205	2.400119	-4.249707	79.309000
4.130197	2.399816	-4.255002	79.409000
4.119115	2.401790	-4.262146	79.510000
4.108927	2.397491	-4.263366	79.610000
4.097645	2.392132	-4.268686	79.710000
4.086968	2.390926	-4.281854	79.810000
4.075736	2.392594	-4.292438	79.909000
4.065025	2.390471	-4.292076	80.009000
4.054012	2.387047	-4.290997	80.109000
4.043129	2.387614	-4.293756	80.209000
4.032463	2.386178	-4.299064	80.309000
4.021439	2.382932	-4.303334	80.409000
4.010128	2.382014	-4.307434	80.509000
3.999228	2.381984	-4.316006	80.609000
3.988493	2.382792	-4.320999	80.709000
3.977516	2.380655	-4.325420	80.809000
3.966718	2.378849	-4.330526	80.910000
3.956107	2.374980	-4.322844	81.009000
3.945090	2.369363	-4.320254	81.109000
3.934102	2.366209	-4.328418	81.209000
3.923414	2.357930	-4.334273	81.309000
3.912436	2.352801	-4.332470	81.409000
3.901727	2.354213	-4.338107	81.509000
3.890546	2.354763	-4.339483	81.609000
3.879538	2.356012	-4.338581	81.709000
3.868684	2.356622	-4.350525	81.810000
3.857778	2.358033	-4.363811	81.910000
3.847000	2.353759	-4.375470	82.009000
3.835877	2.348536	-4.382931	82.109000
3.824555	2.347591	-4.385454	82.209000
3.813743	2.342843	-4.390189	82.309000
3.802618	2.337528	-4.395080	82.409000
3.791405	2.334273	-4.403487	82.510000
3.780495	2.330725	-4.409191	82.609000
3.769338	2.321863	-4.410882	82.709000
3.758304	2.317106	-4.415667	82.809000
3.747205	2.315052	-4.418908	82.909000
3.736192	2.312877	-4.422606	83.009000
3.725030	2.313976	-4.422321	83.109000
3.714120	2.314351	-4.425763	83.210000
3.702866	2.307569	-4.435769	83.309000
3.691557	2.302141	-4.443750	83.409000
3.680353	2.301957	-4.452786	83.509000
3.669276	2.300002	-4.464831	83.609000
3.658121	2.296460	-4.472193	83.709000
3.646859	2.286834	-4.480310	83.809000
3.635743	2.279057	-4.488701	83.909000
3.624674	2.278300	-4.488934	84.010000
3.613560	2.279286	-4.488686	84.109000
3.602380	2.272332	-4.495304	84.209000
3.591423	2.259697	-4.510139	84.309000
3.580264	2.246754	-4.519156	84.410000
3.568824	2.241361	-4.528128	84.510000
3.557757	2.244191	-4.535557	84.609000
3.546605	2.242006	-4.543328	84.710000
3.535426	2.235489	-4.550162	84.810000
3.524203	2.229969	-4.549670	84.909000
3.513086	2.220400	-4.544820	85.009000
3.501673	2.210643	-4.550187	85.110000
3.490682	2.205565	-4.556170	85.209000
3.479585	2.203068	-4.569388	85.309000
3.468550	2.198316	-4.587682	85.409000
3.457451	2.188087	-4.605205	85.509000
3.446794	2.181112	-4.612325	85.609000
3.435449	2.173461	-4.618118	85.709000
3.424416	2.159744	-4.620643	85.809000
3.413241	2.150615	-4.624198	85.909000
3.402062	2.141218	-4.622801	86.010000
3.391163	2.130553	-4.614232	86.109000
3.379942	2.120108	-4.620421	86.210000
3.368568	2.117332	-4.632585	86.309000
3.357454	2.123036	-4.645822	86.409000
3.346737	2.121732	-4.657141	86.509000
3.335333	2.116300	-4.665600	86.609000
3.324047	2.105161	-4.679208	86.709000
3.312889	2.091866	-4.693647	86.809000
3.301324	2.075056	-4.704196	86.909000
3.290296	2.065187	-4.706451	87.009000
3.279416	2.060558	-4.713835	87.109000
3.268189	2.047165	-4.730038	87.209000
3.256827	2.032126	-4.735472	87.309000
3.245850	2.021425	-4.738825	87.410000
3.234546	2.020677	-4.742231	87.509000
3.223654	2.020541	-4.748269	87.609000
3.212279	2.013658	-4.759033	87.709000
3.200942	2.001211	-4.763730	87.809000
3.189624	1.993367	-4.769154	87.909000
3.178363	1.984424	-4.776381	88.009000
3.166943	1.973860	-4.783040	88.110000
3.155768	1.963710	-4.787503	88.209000
3.144730	1.947915	-4.793421	88.309000
3.133405	1.937678	-4.806227	88.409000
3.121598	1.925968	-4.815301	88.509000
3.110119	1.916082	-4.832090	88.609000
3.099261	1.902946	-4.849322	88.709000
3.087321	1.894432	-4.858491	88.810000
3.076589	1.887625	-4.871007	88.909000
3.065061	1.872067	-4.876136	89.009000
3.053609	1.857684	-4.875995	89.109000
3.042322	1.847339	-4.884313	89.210000
3.030981	1.833157	-4.889677	89.309000
3.019187	1.821953	-4.886434	89.409000
3.008125	1.812809	-4.891381	89.509000
2.996274	1.802359	-4.904434	89.609000
2.984989	1.790914	-4.908771	89.709000
2.973621	1.788801	-4.911595	89.809000
2.962225	1.778171	-4.918443	89.909000
2.951010	1.760649	-4.931544	90.009000
2.939639	1.742129	-4.929500	90.109000
2.928235	1.734262	-4.928130	90.209000
2.917017	1.733762	-4.940349	90.309000
2.905723	1.725137	-4.956170	90.409000
2.894453	1.717967	-4.967354	90.509000
2.883032	1.708849	-4.970580	90.609000
2.871511	1.701542	-4.977431	90.709000
2.859680	1.696498	-4.987108	90.809000
2.848344	1.693966	-4.988268	90.909000
2.836936	1.684597	-4.983811	91.009000
2.825684	1.671113	-4.986318	91.110000
2.814311	1.663368	-4.996838	91.209000
2.803028	1.654895	-5.003728	91.309000
2.792075	1.644967	-5.012037	91.409000
2.780459	1.640117	-5.024812	91.509000
2.769050	1.634154	-5.036677	91.609000
2.757812	1.625370	-5.058608	91.709000
2.746527	1.608277	-5.071952	91.809000
2.734648	1.596857	-5.085154	91.909000
2.722787	1.593673	-5.094579	92.009000
2.711359	1.592171	-5.105207	92.110000
2.700024	1.589657	-5.106381	92.209000
2.688997	1.581851	-5.106289	92.310000
2.677358	1.574399	-5.121426	92.409000
2.665922	1.564269	-5.138996	92.509000
2.654316	1.552707	-5.159527	92.609000
2.642775	1.538879	-5.177127	92.709000
2.631332	1.517450	-5.184071	92.810000
2.620099	1.501229	-5.208628	92.909000
2.608658	1.494858	-5.280862	93.009000
2.596549	1.503454	-5.383780	93.109000
2.585318	1.550450	-5.554447	93.209000
2.573685	1.651262	-5.789642	93.309000
2.562361	1.789315	-6.019167	93.409000
2.550675	1.879991	-6.170994	93.509000
2.538641	1.873376	-6.226651	93.609000
2.527832	1.785930	-6.215426	93.709000
2.516150	1.671537	-6.159087	93.809000
2.504562	1.565811	-6.086855	93.909000
2.493730	1.473175	-6.006646	94.009000
2.482123	1.401183	-5.945683	94.109000
2.470652	1.353172	-5.903210	94.209000
2.458622	1.319574	-5.857215	94.309000
2.447286	1.289789	-5.799620	94.409000
2.435422	1.256311	-5.744290	94.509000
2.424360	1.230073	-5.692268	94.609000
2.412916	1.210678	-5.654096	94.709000
2.401592	1.194945	-5.621525	94.809000
2.389951	1.174068	-5.591606	94.909000
2.378767	1.154604	-5.542869	95.009000
2.367105	1.138108	-5.489580	95.109000
2.355779	1.116552	-5.437981	95.209000
2.344375	1.105190	-5.394165	95.310000
2.332729	1.094794	-5.370525	95.409000
2.321172	1.084368	-5.348343	95.509000
2.310099	1.070823	-5.317493	95.609000
2.298684	1.048812	-5.285933	95.710000
2.286973	1.025988	-5.258828	95.809000
2.275460	1.010621	-5.224730	95.909000
2.263763	1.001534	-5.193247	96.009000
2.252069	0.993182	-5.157104	96.109000
2.241114	0.980295	-5.112385	96.209000
2.229375	0.967104	-5.071091	96.309000
2.217697	0.956609	-5.047413	96.409000
2.205897	0.947217	-5.025434	96.509000
2.194304	0.939359	-5.009053	96.609000
2.182832	0.930923	-5.005537	96.709000
2.171387	0.926894	-4.998374	96.809000
2.159721	0.915517	-4.979216	96.909000
2.148080	0.898417	-4.963439	97.009000
2.136712	0.893613	-4.947834	97.109000
2.124995	0.892178	-4.940763	97.210000
2.114292	0.887460	-4.919893	97.309000
2.101820	0.883966	-4.886666	97.409000
2.090590	0.884707	-4.872120	97.509000
2.078385	0.881475	-4.859674	97.609000
2.067151	0.878129	-4.835019	97.709000
2.056188	0.872908	-4.836169	97.809000
2.043788	0.864720	-4.834624	97.910000
2.032582	0.861996	-4.826316	98.009000
2.021340	0.859999	-4.808694	98.109000
2.009225	0.858838	-4.800910	98.209000
1.997672	0.852265	-4.787005	98.309000
1.985826	0.848487	-4.781898	98.410000
1.974392	0.841976	-4.772413	98.509000
1.963013	0.835354	-4.763763	98.609000
1.951268	0.831944	-4.751008	98.709000
1.939591	0.835686	-4.732174	98.809000
1.927327	0.836341	-4.740433	98.909000
1.916490	0.831867	-4.748629	99.009000
1.904274	0.827908	-4.745903	99.109000
1.892903	0.824744	-4.738766	99.209000
1.881616	0.821539	-4.733327	99.309000
1.869946	0.815808	-4.719580	99.410000
1.858417	0.806741	-4.699708	99.509000
1.846773	0.806673	-4.683539	99.609000
1.835372	0.808972	-4.669000	99.709000
1.823794	0.809739	-4.670241	99.809000
1.812614	0.811135	-4.657643	99.909000
1.801038	0.812806	-4.615584	100.009000
1.789405	0.812528	-4.588311	100.109000
1.777823	0.809995	-4.611391	100.209000
1.766298	0.802773	-4.625434	100.309000
1.754688	0.801312	-4.635226	100.409000
1.742603	0.802198	-4.650412	100.509000
1.731409	0.799732	-4.665038	100.609000
1.719735	0.796054	-4.670213	100.709000
1.708020	0.794112	-4.662341	100.809000
1.696568	0.796338	-4.618770	100.909000
1.684924	0.797028	-4.587924	101.009000
1.673056	0.799172	-4.578097	101.109000
1.661070	0.796883	-4.578097	101.209000
1.649422	0.792862	-4.579140	101.310000
1.637840	0.790747	-4.596059	101.414000
1.625988	0.791091	-4.605583	101.509000
1.614917	0.791592	-4.619205	101.609000
1.602929	0.784934	-4.635134	101.710000
1.591012	0.780953	-4.621360	101.809000
1.579505	0.781332	-4.593542	101.909000
1.568137	0.781372	-4.567263	102.009000
1.555994	0.783224	-4.559457	102.110000
1.544402	0.781669	-4.572038	102.209000
1.532834	0.781356	-4.584137	102.309000
1.521090	0.780583	-4.575647	102.409000
1.509378	0.779589	-4.569155	102.509000
1.497867	0.780189	-4.577623	102.609000
1.485788	0.778971	-4.580574	102.709000
1.474056	0.778549	-4.571399	102.809000
1.462364	0.779496	-4.567706	102.909000
1.450783	0.781435	-4.568415	103.010000
1.439292	0.780579	-4.551997	103.109000
1.427765	0.779294	-4.541735	103.209000
1.415850	0.777405	-4.544304	103.309000
1.403725	0.779166	-4.529366	103.409000
1.392092	0.781903	-4.528617	103.509000
1.380119	0.779654	-4.545189	103.609000
1.368819	0.771259	-4.567525	103.709000
1.357001	0.766575	-4.565172	103.809000
1.345612	0.771019	-4.551173	103.909000
1.334018	0.778569	-4.553993	104.009000
1.322515	0.781594	-4.579941	104.109000
1.310999	0.782783	-4.590554	104.209000
1.299408	0.774782	-4.567332	104.309000
1.287832	0.767636	-4.554839	104.409000
1.276245	0.768390	-4.565955	104.510000
1.264649	0.768827	-4.566032	104.609000
1.252903	0.766628	-4.544445	104.709000
1.241415	0.763466	-4.535125	104.809000
1.230098	0.765163	-4.532384	104.909000
1.218312	0.763465	-4.526884	105.010000
1.206151	0.761588	-4.524374	105.109000
1.194282	0.762514	-4.541640	105.209000
1.182760	0.764296	-4.537026	105.309000
1.171152	0.768906	-4.531395	105.409000
1.159536	0.769744	-4.536977	105.509000
1.147730	0.771156	-4.541574	105.609000
1.135901	0.771161	-4.536853	105.709000
1.124142	0.768869	-4.534492	105.809000
1.112444	0.763452	-4.532122	105.909000
1.100904	0.760218	-4.518378	106.009000
1.089210	0.757740	-4.500219	106.109000
1.077256	0.755868	-4.497751	106.209000
1.065537	0.757864	-4.486199	106.309000
1.053806	0.759744	-4.469538	106.409000
1.042160	0.759864	-4.460383	106.509000
1.030778	0.765820	-4.461570	106.609000
1.019073	0.766693	-4.471240	106.710000
1.006439	0.763548	-4.504382	106.809000
0.994889	0.760528	-4.526124	106.910000
0.983225	0.757231	-4.511934	107.009000
0.971691	0.757028	-4.490730	107.109000
0.960212	0.757034	-4.477618	107.210000
0.948266	0.757371	-4.473887	107.309000
0.936513	0.758916	-4.502637	107.409000
0.924883	0.761039	-4.531043	107.510000
0.913232	0.761734	-4.541374	107.609000
0.901849	0.759531	-4.532689	107.709000
0.890211	0.759578	-4.528385	107.810000
0.878057	0.759878	-4.526363	107.910000
0.866345	0.755697	-4.490972	108.009000
0.854558	0.756498	-4.474180	108.109000
0.842862	0.760769	-4.469226	108.210000
0.831541	0.761838	-4.463699	108.309000
0.819956	0.764237	-4.460402	108.409000
0.808183	0.768750	-4.464804	108.509000
0.796573	0.776809	-4.486902	108.610000
0.784928	0.780865	-4.509525	108.709000
0.773283	0.774768	-4.520022	108.809000
0.762052	0.766636	-4.521646	108.909000
0.750318	0.763354	-4.500088	109.009000
0.738951	0.764055	-4.484956	109.109000
0.727498	0.761286	-4.475685	109.210000
0.715608	0.761267	-4.457318	109.309000
0.704272	0.759459	-4.453355	109.410000
0.692592	0.756649	-4.480975	109.509000
0.680661	0.752998	-4.500897	109.609000
0.668944	0.752334	-4.481266	109.709000
0.657215	0.753806	-4.457977	109.809000
0.645757	0.760568	-4.430102	109.909000
0.634146	0.760192	-4.426574	110.009000
0.622559	0.755400	-4.432261	110.109000
0.610811	0.752079	-4.435346	110.209000
0.599226	0.754508	-4.440169	110.309000
0.587555	0.756971	-4.455234	110.409000
0.575981	0.755867	-4.458531	110.509000
0.564536	0.755112	-4.467040	110.609000
0.552723	0.756716	-4.483505	110.709000
0.540838	0.754394	-4.512380	110.809000
0.528993	0.751801	-4.527154	110.910000
0.517457	0.748117	-4.502231	111.009000
0.505825	0.746904	-4.471923	111.110000
0.494441	0.754730	-4.438428	111.209000
0.482573	0.758469	-4.433254	111.309000
0.470372	0.754774	-4.451561	111.409000
0.458798	0.755396	-4.468306	111.509000
0.447150	0.756727	-4.477585	111.609000
0.435644	0.754133	-4.469574	111.709000
0.424044	0.751158	-4.460703	111.809000
0.412059	0.750846	-4.457783	111.910000
0.400523	0.752912	-4.457782	112.010000
0.388655	0.751650	-4.453226	112.109000
0.377169	0.749353	-4.446496	112.209000
0.365570	0.748985	-4.438541	112.309000
0.354058	0.756483	-4.462227	112.409000
0.341674	0.757411	-4.502890	112.509000
0.330231	0.751961	-4.512660	112.609000
0.318602	0.747713	-4.499025	112.709000
0.306918	0.749143	-4.493117	112.809000
0.295293	0.751990	-4.475652	112.909000
0.283696	0.752577	-4.461980	113.009000
0.272133	0.755238	-4.457789	113.109000
0.260778	0.756114	-4.460569	113.209000
0.249166	0.752316	-4.455366	113.309000
0.238374	0.751986	-4.432258	113.409000
0.232033	0.749152	-4.424837	113.510000
0.227497	0.746849	-4.432087	113.609000
