NaN	NaN	NaN	10.552000
0.170347	0.728513	-4.394724	10.652000
0.170519	0.724663	-4.412933	10.752000
0.170292	0.721803	-4.427585	10.853000
0.170394	0.719767	-4.428147	10.953000
0.170111	0.723619	-4.415754	11.052000
0.170270	0.724215	-4.384786	11.152000
0.170094	0.726657	-4.367537	11.252000
0.170029	0.734396	-4.380173	11.352000
0.169985	0.741649	-4.381007	11.452000
0.170047	0.743056	-4.384982	11.552000
0.169959	0.739558	-4.396675	11.652000
0.169995	0.737660	-4.400534	11.752000
0.169998	0.734981	-4.399969	11.852000
0.169985	0.731546	-4.387435	11.952000
0.169883	0.732476	-4.380531	12.052000
0.169910	0.733206	-4.389766	12.155000
0.169728	0.733175	-4.384180	12.252000
0.169699	0.733456	-4.377033	12.352000
0.169791	0.728334	-4.363577	12.452000
0.169818	0.726834	-4.378901	12.552000
0.169738	0.726286	-4.379984	12.652000
0.169530	0.731085	-4.371456	12.753000
0.169489	0.737561	-4.362366	12.852000
0.169571	0.740944	-4.367216	12.952000
0.169485	0.741761	-4.381778	13.053000
0.169538	0.741763	-4.401807	13.152000
0.169547	0.743128	-4.403714	13.252000
0.169404	0.743567	-4.400545	13.352000
0.169395	0.737948	-4.398748	13.452000
0.169300	0.736244	-4.384004	13.552000
0.169265	0.737100	-4.378088	13.652000
0.169451	0.737165	-4.382116	13.752000
0.169307	0.732722	-4.398659	13.852000
0.169347	0.731690	-4.409471	13.952000
0.169178	0.734819	-4.416288	14.053000
0.169130	0.741259	-4.420133	14.152000
0.169300	0.740449	-4.430933	14.252000
0.169142	0.737017	-4.430404	14.352000
0.169159	0.736263	-4.422806	14.452000
0.168934	0.732852	-4.409075	14.552000
0.169163	0.730630	-4.417478	14.652000
0.168980	0.731093	-4.407730	14.752000
0.168940	0.733419	-4.403119	14.852000
0.168965	0.732187	-4.398700	14.952000
0.169227	0.735905	-4.401689	15.052000
0.173549	0.739869	-4.408550	15.153000
0.179947	0.739185	-4.410455	15.252000
0.186778	0.738322	-4.404232	15.352000
0.194059	0.741652	-4.419382	15.452000
0.201811	0.738559	-4.437916	15.552000
0.209713	0.737333	-4.423403	15.652000
0.217781	0.741782	-4.389011	15.752000
0.226436	0.743512	-4.382521	15.852000
0.234672	0.740207	-4.380526	15.952000
0.243450	0.737815	-4.361205	16.052000
0.252513	0.735667	-4.353282	16.152000
0.261111	0.735673	-4.354578	16.252000
0.269808	0.737095	-4.364935	16.352000
0.279022	0.739149	-4.392682	16.452000
0.287983	0.739658	-4.421062	16.552000
0.297256	0.739376	-4.427641	16.652000
0.306678	0.740672	-4.428269	16.752000
0.315651	0.740199	-4.435991	16.852000
0.325036	0.739360	-4.428028	16.952000
0.334394	0.739370	-4.420733	17.052000
0.343698	0.738960	-4.420412	17.152000
0.353606	0.735560	-4.425091	17.252000
0.363154	0.733427	-4.422783	17.352000
0.372286	0.739268	-4.417307	17.452000
0.382059	0.744281	-4.400599	17.553000
0.391472	0.746156	-4.385164	17.652000
0.401506	0.749094	-4.391424	17.753000
0.411006	0.745313	-4.417160	17.853000
0.420390	0.738434	-4.420736	17.952000
0.429984	0.736925	-4.421624	18.052000
0.440008	0.737024	-4.428112	18.152000
0.449561	0.736510	-4.442126	18.252000
0.459499	0.731286	-4.446882	18.352000
0.469457	0.727321	-4.418102	18.453000
0.479152	0.731023	-4.392801	18.552000
0.488859	0.729959	-4.389870	18.652000
0.498866	0.727828	-4.396326	18.752000
0.508751	0.725030	-4.417126	18.852000
0.518813	0.729316	-4.420741	18.952000
0.528908	0.731783	-4.413252	19.052000
0.538819	0.731026	-4.407738	19.152000
0.548784	0.729037	-4.413796	19.252000
0.558766	0.729097	-4.411702	19.352000
0.568559	0.731337	-4.390358	19.452000
0.578600	0.731307	-4.396926	19.552000
0.588456	0.731795	-4.404652	19.652000
0.598147	0.731770	-4.409450	19.752000
0.608146	0.734893	-4.410206	19.852000
0.618186	0.737786	-4.403975	19.952000
0.628357	0.733257	-4.409131	20.052000
0.638646	0.731334	-4.418040	20.152000
0.648730	0.735557	-4.410377	20.252000
0.658823	0.739075	-4.395422	20.352000
0.668863	0.736618	-4.400234	20.452000
0.679166	0.731997	-4.392473	20.552000
0.689632	0.731820	-4.390749	20.652000
0.699976	0.731029	-4.378903	20.752000
0.710273	0.732659	-4.362238	20.852000
0.720465	0.735437	-4.369189	20.952000
0.730977	0.736969	-4.369699	21.053000
0.741144	0.740068	-4.358587	21.152000
0.751528	0.741262	-4.358638	21.252000
0.761930	0.738606	-4.385791	21.352000
0.772155	0.737209	-4.398802	21.453000
0.782418	0.738288	-4.382802	21.552000
0.792336	0.736628	-4.389277	21.652000
0.802932	0.736438	-4.399594	21.752000
0.813814	0.736581	-4.384572	21.852000
0.824049	0.734343	-4.380849	21.952000
0.834398	0.735878	-4.389954	22.052000
0.844603	0.733643	-4.407918	22.152000
0.855161	0.732521	-4.391716	22.252000
0.865919	0.735912	-4.362216	22.352000
0.876470	0.744278	-4.386433	22.452000
0.886962	0.747058	-4.414896	22.552000
0.897269	0.745336	-4.407874	22.652000
0.907706	0.741818	-4.397000	22.752000
0.918102	0.737143	-4.381999	22.852000
0.928832	0.733413	-4.390068	22.952000
0.939395	0.731805	-4.381451	23.052000
0.950055	0.735019	-4.386229	23.152000
0.960210	0.736983	-4.398710	23.252000
0.970817	0.735070	-4.402037	23.352000
0.981462	0.734312	-4.400795	23.452000
0.992519	0.737357	-4.400888	23.552000
1.003388	0.742588	-4.394250	23.652000
1.014040	0.745607	-4.385674	23.752000
1.024521	0.739448	-4.380914	23.852000
1.035086	0.736672	-4.383052	23.952000
1.045325	0.736833	-4.410484	24.053000
1.055936	0.736917	-4.429538	24.152000
1.066436	0.736991	-4.423833	24.252000
1.077105	0.739794	-4.420727	24.352000
1.087549	0.743733	-4.410133	24.452000
1.098027	0.738292	-4.412206	24.552000
1.108883	0.736747	-4.419749	24.652000
1.119580	0.740342	-4.420741	24.752000
1.130244	0.742628	-4.431215	24.852000
1.140645	0.741888	-4.437760	24.952000
1.151443	0.739371	-4.441823	25.052000
1.161795	0.734776	-4.399343	25.152000
1.173272	0.736130	-4.368233	25.252000
1.183780	0.741726	-4.378513	25.352000
1.194473	0.743413	-4.382402	25.452000
1.205253	0.740661	-4.380637	25.552000
1.215735	0.739342	-4.374029	25.652000
1.226831	0.735088	-4.372923	25.752000
1.237764	0.731833	-4.396655	25.852000
1.248696	0.733248	-4.411292	25.952000
1.259903	0.739508	-4.407870	26.053000
1.270374	0.741319	-4.404884	26.152000
1.281164	0.737425	-4.410793	26.252000
1.291995	0.737471	-4.399194	26.352000
1.303031	0.741690	-4.382511	26.452000
1.314022	0.743459	-4.371769	26.552000
1.324395	0.744287	-4.371222	26.652000
1.335610	0.743401	-4.370303	26.752000
1.346352	0.740003	-4.382859	26.852000
1.358028	0.740565	-4.419929	26.952000
1.368810	0.743595	-4.435730	27.052000
1.379680	0.743367	-4.421763	27.153000
1.390437	0.745677	-4.413749	27.252000
1.401518	0.749785	-4.414738	27.352000
1.412034	0.753807	-4.422447	27.452000
1.423329	0.751727	-4.420904	27.553000
1.434114	0.748951	-4.420741	27.652000
1.445017	0.744963	-4.420744	27.752000
1.455890	0.742779	-4.420736	27.852000
1.466766	0.741903	-4.420368	27.952000
1.477719	0.741989	-4.405931	28.053000
1.489200	0.744813	-4.401786	28.152000
1.499778	0.742905	-4.415492	28.252000
1.510566	0.739237	-4.413851	28.352000
1.521705	0.738898	-4.423086	28.452000
1.532512	0.744455	-4.436950	28.552000
1.543301	0.749662	-4.437693	28.652000
1.554415	0.751271	-4.440035	28.752000
1.565252	0.748678	-4.455275	28.852000
1.576365	0.749991	-4.471247	28.952000
1.587710	0.753552	-4.476064	29.052000
1.598629	0.756650	-4.465283	29.152000
1.608619	0.756101	-4.457791	29.252000
1.620031	0.755302	-4.460968	29.352000
1.630467	0.756347	-4.467379	29.452000
1.641718	0.755270	-4.457111	29.552000
1.652854	0.755953	-4.439741	29.652000
1.663919	0.757242	-4.425320	29.752000
1.675196	0.759048	-4.425498	29.852000
1.686268	0.758847	-4.439557	29.952000
1.697363	0.760774	-4.446751	30.052000
1.708290	0.761344	-4.458353	30.152000
1.719622	0.758243	-4.474393	30.252000
1.730524	0.752448	-4.480857	30.352000
1.741861	0.751098	-4.472180	30.452000
1.753023	0.754260	-4.477477	30.552000
1.763936	0.757170	-4.497136	30.652000
1.775699	0.757581	-4.494575	30.752000
1.786715	0.760620	-4.482408	30.852000
1.798468	0.761777	-4.469701	30.952000
1.808932	0.763258	-4.467014	31.052000
1.820393	0.766912	-4.471315	31.152000
1.831222	0.765923	-4.485404	31.252000
1.842439	0.762691	-4.488298	31.352000
1.853468	0.761889	-4.488899	31.453000
1.864613	0.765411	-4.497123	31.552000
1.875594	0.772816	-4.510468	31.652000
1.886807	0.772779	-4.510386	31.752000
1.897609	0.771300	-4.485666	31.852000
1.908860	0.771470	-4.478786	31.952000
1.920429	0.766856	-4.492945	32.053000
1.931908	0.768726	-4.517232	32.152000
1.942666	0.776319	-4.523573	32.252000
1.953881	0.779081	-4.520716	32.352000
1.965208	0.782337	-4.521410	32.452000
1.975778	0.784542	-4.525580	32.552000
1.987605	0.781933	-4.541837	32.652000
1.998682	0.786984	-4.557723	32.753000
2.010269	0.790637	-4.569955	32.852000
2.021365	0.793440	-4.576145	32.952000
2.032568	0.799506	-4.586869	33.052000
2.043717	0.803944	-4.599243	33.152000
2.054825	0.804054	-4.596591	33.252000
2.066118	0.808758	-4.595103	33.353000
2.077175	0.809135	-4.609596	33.452000
2.088030	0.809165	-4.614338	33.552000
2.099444	0.808360	-4.626122	33.652000
2.110259	0.813513	-4.656004	33.752000
2.121520	0.819542	-4.684706	33.852000
2.132754	0.826190	-4.683119	33.952000
2.143747	0.832517	-4.688449	34.052000
2.155098	0.837578	-4.692282	34.152000
2.166185	0.845209	-4.701336	34.252000
2.177544	0.857393	-4.724587	34.352000
2.188964	0.868076	-4.754842	34.452000
2.200241	0.882364	-4.782660	34.552000
2.211447	0.889927	-4.803408	34.652000
2.222631	0.898212	-4.824050	34.752000
2.233887	0.912381	-4.868008	34.852000
2.245307	0.929105	-4.914446	34.952000
2.256826	0.946660	-4.962016	35.052000
2.267942	0.972708	-5.028041	35.152000
2.278989	0.999305	-5.085544	35.252000
2.290463	1.023363	-5.123548	35.352000
2.301773	1.049692	-5.178504	35.452000
2.313404	1.087811	-5.244791	35.552000
2.324632	1.134255	-5.324510	35.652000
2.335566	1.179766	-5.400888	35.752000
2.346848	1.230557	-5.483299	35.852000
2.358408	1.286066	-5.579034	35.952000
2.369850	1.338903	-5.680179	36.052000
2.381196	1.393016	-5.773364	36.152000
2.392835	1.431583	-5.854463	36.252000
2.404054	1.457485	-5.921661	36.352000
2.415066	1.473516	-5.966526	36.452000
2.426324	1.485707	-5.989733	36.552000
2.437981	1.499027	-6.004028	36.652000
2.449397	1.509423	-6.026459	36.752000
2.460972	1.507140	-6.033967	36.853000
2.471662	1.509002	-6.047203	36.952000
2.483428	1.509944	-6.068533	37.052000
2.494695	1.511266	-6.078883	37.153000
2.506313	1.516618	-6.082176	37.253000
2.517401	1.528209	-6.099474	37.352000
2.528564	1.548057	-6.114003	37.452000
2.539860	1.568764	-6.121345	37.552000
2.551053	1.595172	-6.117969	37.652000
2.562657	1.634352	-6.110441	37.752000
2.574340	1.694893	-6.113886	37.852000
2.585585	1.765214	-6.114072	37.952000
2.597110	1.847010	-6.104696	38.052000
2.608201	1.929106	-6.089032	38.152000
2.619518	2.000426	-6.065356	38.252000
2.631088	2.043817	-6.010488	38.352000
2.642376	2.030640	-5.914746	38.452000
2.653696	1.943762	-5.773105	38.552000
2.664780	1.819183	-5.593185	38.652000
2.676050	1.713751	-5.420861	38.752000
2.687530	1.648602	-5.297333	38.852000
2.699455	1.617065	-5.215727	38.953000
2.710937	1.610358	-5.168027	39.052000
2.722315	1.619261	-5.141027	39.152000
2.733475	1.622707	-5.120631	39.252000
2.744613	1.630130	-5.102597	39.352000
2.756277	1.638389	-5.089729	39.452000
2.767729	1.647405	-5.066820	39.552000
2.779369	1.656754	-5.055463	39.652000
2.790796	1.668628	-5.049838	39.752000
2.801645	1.671337	-5.045860	39.852000
2.813401	1.671470	-5.040002	39.952000
2.824462	1.675588	-5.031160	40.052000
2.836162	1.686425	-5.016424	40.152000
2.847319	1.690818	-5.009342	40.252000
2.858690	1.696132	-4.998249	40.352000
2.869858	1.702799	-4.974346	40.452000
2.881522	1.710238	-4.966189	40.552000
2.893125	1.719829	-4.960195	40.652000
2.904172	1.730713	-4.957761	40.752000
2.915504	1.738252	-4.958297	40.852000
2.927248	1.741794	-4.957878	40.953000
2.938629	1.746572	-4.959473	41.052000
2.949815	1.753306	-4.942321	41.152000
2.960937	1.763101	-4.933924	41.252000
2.972290	1.776026	-4.923607	41.352000
2.983879	1.784582	-4.914286	41.452000
2.994534	1.799564	-4.908273	41.552000
3.005633	1.812357	-4.900551	41.652000
3.017271	1.825778	-4.895667	41.752000
3.028787	1.839350	-4.883421	41.853000
3.040421	1.850921	-4.872572	41.952000
3.051698	1.860979	-4.871542	42.052000
3.062605	1.868426	-4.874394	42.152000
3.073802	1.878206	-4.881703	42.252000
3.085413	1.888103	-4.872782	42.352000
3.096671	1.895345	-4.851786	42.452000
3.108228	1.903245	-4.837603	42.552000
3.119624	1.909662	-4.841158	42.652000
3.130734	1.915109	-4.835942	42.752000
3.142566	1.924309	-4.824594	42.852000
3.153171	1.939415	-4.813591	42.952000
3.164658	1.952346	-4.798534	43.052000
3.175765	1.963652	-4.786409	43.152000
3.187189	1.973045	-4.774697	43.252000
3.198391	1.982703	-4.760637	43.352000
3.209833	1.992621	-4.755046	43.453000
3.221827	2.002223	-4.753732	43.552000
3.233127	2.007072	-4.752291	43.653000
3.244498	2.015673	-4.745554	43.752000
3.255473	2.028259	-4.732288	43.852000
3.267102	2.042815	-4.723870	43.952000
3.278618	2.056169	-4.718873	44.052000
3.290083	2.068712	-4.712108	44.152000
3.301477	2.078960	-4.711503	44.252000
3.313011	2.086596	-4.708776	44.352000
3.324129	2.087506	-4.699951	44.452000
3.335301	2.090217	-4.687868	44.552000
3.347330	2.097492	-4.676439	44.652000
3.358702	2.107741	-4.666141	44.752000
3.370331	2.115738	-4.660491	44.852000
3.381469	2.122350	-4.661631	44.952000
3.392795	2.127715	-4.658681	45.052000
3.404086	2.136634	-4.638547	45.152000
3.416025	2.147548	-4.628241	45.252000
3.427260	2.154119	-4.621570	45.352000
3.438918	2.160450	-4.612784	45.452000
3.450267	2.164955	-4.601888	45.552000
3.461293	2.170736	-4.593809	45.652000
3.472480	2.174175	-4.585670	45.752000
3.484324	2.178922	-4.575931	45.852000
3.495879	2.186355	-4.571485	45.952000
3.507298	2.192683	-4.566922	46.052000
3.518558	2.196849	-4.558068	46.152000
3.529865	2.206778	-4.544645	46.252000
3.541543	2.215825	-4.539830	46.352000
3.553231	2.228284	-4.539179	46.453000
3.564480	2.234359	-4.532638	46.552000
3.575949	2.235542	-4.526686	46.652000
3.587193	2.238308	-4.525999	46.753000
3.598586	2.247370	-4.518941	46.852000
3.610042	2.255825	-4.512791	46.953000
3.621337	2.261841	-4.498184	47.052000
3.632729	2.266326	-4.486692	47.152000
3.643992	2.273244	-4.478905	47.252000
3.655067	2.278459	-4.479874	47.352000
3.666471	2.280030	-4.476363	47.452000
3.677811	2.279805	-4.476143	47.552000
3.688995	2.286250	-4.476606	47.652000
3.700358	2.293182	-4.470292	47.752000
3.711632	2.298918	-4.463262	47.852000
3.722609	2.305149	-4.452229	47.952000
3.734548	2.309922	-4.447248	48.052000
3.746129	2.310351	-4.444816	48.152000
3.757466	2.316067	-4.435328	48.252000
3.769288	2.318260	-4.422901	48.352000
3.780274	2.325398	-4.412385	48.452000
3.791357	2.327733	-4.414209	48.552000
3.802983	2.322255	-4.410944	48.653000
3.814852	2.327536	-4.407295	48.752000
3.825339	2.332431	-4.396320	48.852000
3.837657	2.338224	-4.388161	48.952000
3.848497	2.341299	-4.385115	49.052000
3.859589	2.346860	-4.378110	49.152000
3.871780	2.352565	-4.373068	49.252000
3.883517	2.355696	-4.361021	49.352000
3.894280	2.355848	-4.357936	49.452000
3.906111	2.355290	-4.357713	49.552000
3.916824	2.357805	-4.357873	49.652000
3.928386	2.359536	-4.354495	49.753000
3.940738	2.369010	-4.346624	49.852000
3.952087	2.374799	-4.347776	49.952000
3.963327	2.375521	-4.350236	50.052000
3.974161	2.372734	-4.349867	50.152000
3.985865	2.372158	-4.332080	50.252000
3.997902	2.374851	-4.322220	50.352000
4.008676	2.375902	-4.317016	50.452000
4.020246	2.377582	-4.311577	50.552000
4.032289	2.381417	-4.305476	50.653000
4.042677	2.378757	-4.304132	50.752000
4.054589	2.377654	-4.305494	50.852000
4.066126	2.378590	-4.301139	50.952000
4.077152	2.378635	-4.294448	51.052000
4.089268	2.379786	-4.288287	51.152000
4.100113	2.383582	-4.279594	51.252000
4.111892	2.392192	-4.273077	51.352000
4.122637	2.392267	-4.260966	51.452000
4.134540	2.392767	-4.258611	51.553000
4.144835	2.394972	-4.257651	51.652000
4.156929	2.393715	-4.250832	51.752000
4.167543	2.396237	-4.250038	51.852000
4.179200	2.396949	-4.254385	51.952000
4.190540	2.405134	-4.251519	52.052000
4.201497	2.406992	-4.244935	52.152000
4.213122	2.404447	-4.241064	52.252000
4.224403	2.398237	-4.237772	52.352000
4.235460	2.398405	-4.230165	52.452000
4.246776	2.404806	-4.230532	52.552000
4.258514	2.408614	-4.230045	52.652000
4.270126	2.409320	-4.227776	52.752000
4.281446	2.410761	-4.223408	52.852000
4.293000	2.411089	-4.217914	52.953000
4.303908	2.411526	-4.217496	53.052000
4.315234	2.410455	-4.219467	53.152000
4.326961	2.411619	-4.216133	53.252000
4.338136	2.414885	-4.204555	53.352000
4.349605	2.414193	-4.198046	53.452000
4.361202	2.415063	-4.195845	53.552000
4.372265	2.415816	-4.198080	53.652000
4.383711	2.412786	-4.202278	53.752000
4.395346	2.412409	-4.204780	53.852000
4.406890	2.414955	-4.200339	53.952000
4.418184	2.420387	-4.187734	54.052000
4.429537	2.421675	-4.184548	54.152000
4.440707	2.418918	-4.186950	54.252000
4.452190	2.419288	-4.183288	54.352000
4.463712	2.418437	-4.175445	54.452000
4.474938	2.420647	-4.171069	54.552000
4.486541	2.424110	-4.165400	54.652000
4.497652	2.427641	-4.162076	54.752000
4.509212	2.431417	-4.155520	54.852000
4.520712	2.427260	-4.154296	54.952000
4.532012	2.421708	-4.157026	55.053000
4.543440	2.420515	-4.152580	55.152000
4.554815	2.421054	-4.148139	55.253000
4.566016	2.423575	-4.139559	55.352000
4.577249	2.424612	-4.141556	55.452000
4.588871	2.425329	-4.141810	55.552000
4.600408	2.422303	-4.141663	55.652000
4.611816	2.426238	-4.144822	55.752000
4.622964	2.427965	-4.146970	55.852000
4.634204	2.429405	-4.139924	55.952000
4.645526	2.427064	-4.135615	56.052000
4.656345	2.423674	-4.134931	56.152000
4.667374	2.420070	-4.136673	56.252000
4.678752	2.418971	-4.138596	56.352000
4.689730	2.421283	-4.140107	56.452000
4.700786	2.424783	-4.137882	56.552000
4.712509	2.424321	-4.134367	56.652000
4.723664	2.424704	-4.132284	56.752000
4.734878	2.425838	-4.126766	56.852000
4.746295	2.426386	-4.124838	56.952000
4.757336	2.423900	-4.132607	57.052000
4.768351	2.419759	-4.135273	57.152000
4.779863	2.422007	-4.128778	57.252000
4.791299	2.422747	-4.123123	57.352000
4.802577	2.424088	-4.122379	57.453000
4.813786	2.424063	-4.117696	57.552000
4.824926	2.428081	-4.108048	57.652000
4.836388	2.430344	-4.103711	57.752000
4.847884	2.428901	-4.108182	57.852000
4.858764	2.427335	-4.112383	57.952000
4.870072	2.427238	-4.117934	58.052000
4.881489	2.427476	-4.114575	58.152000
4.892634	2.427879	-4.113776	58.252000
4.904144	2.423285	-4.113162	58.352000
4.915724	2.425113	-4.108283	58.452000
4.926584	2.429763	-4.107116	58.552000
4.938041	2.426556	-4.110639	58.652000
4.949365	2.422850	-4.115279	58.752000
4.960528	2.426038	-4.117628	58.852000
4.972199	2.432727	-4.114042	58.952000
4.983725	2.438452	-4.111307	59.052000
4.994966	2.439924	-4.109174	59.152000
5.006099	2.440669	-4.108222	59.252000
5.017200	2.439326	-4.103952	59.352000
5.028583	2.436273	-4.106570	59.452000
5.039975	2.431278	-4.103868	59.552000
5.051240	2.429831	-4.098123	59.652000
5.062638	2.426217	-4.089780	59.752000
5.073913	2.428610	-4.084657	59.852000
5.085000	2.427159	-4.084908	59.952000
5.096269	2.424174	-4.092087	60.052000
5.108191	2.424582	-4.098132	60.153000
5.119344	2.427116	-4.099366	60.252000
5.130631	2.429903	-4.101237	60.352000
5.141847	2.428376	-4.100055	60.453000
5.153097	2.424028	-4.094203	60.553000
5.163999	2.428080	-4.087950	60.652000
5.175100	2.429973	-4.090087	60.752000
5.186336	2.432421	-4.099039	60.852000
5.197623	2.435434	-4.102815	60.952000
5.208627	2.433146	-4.095899	61.052000
5.219937	2.430673	-4.096394	61.152000
5.231463	2.429835	-4.097451	61.252000
5.242096	2.431439	-4.087502	61.352000
5.253388	2.431274	-4.082586	61.453000
5.264972	2.429826	-4.084026	61.552000
5.275958	2.426584	-4.093714	61.652000
5.287054	2.420356	-4.102017	61.752000
5.298643	2.418339	-4.097567	61.852000
5.310125	2.420827	-4.090789	61.952000
5.321213	2.424658	-4.087516	62.052000
5.332588	2.428577	-4.081381	62.152000
5.343906	2.430845	-4.086240	62.252000
5.354781	2.429322	-4.095149	62.352000
5.366675	2.422057	-4.095988	62.452000
5.377402	2.422734	-4.091024	62.552000
5.389255	2.429290	-4.090173	62.652000
5.399875	2.428448	-4.087415	62.752000
5.411251	2.426284	-4.085629	62.852000
5.422695	2.429439	-4.083156	62.952000
5.434071	2.431614	-4.082880	63.052000
5.444835	2.428176	-4.083360	63.152000
5.456706	2.425604	-4.085943	63.252000
5.467273	2.420957	-4.088613	63.352000
5.478367	2.418489	-4.091332	63.452000
5.490207	2.419095	-4.095567	63.552000
5.501555	2.419165	-4.095544	63.652000
5.512526	2.420303	-4.097291	63.753000
5.523562	2.419167	-4.100085	63.852000
5.534833	2.423653	-4.097239	63.952000
5.546043	2.430277	-4.091766	64.052000
5.557485	2.429941	-4.085536	64.152000
5.568690	2.426526	-4.082914	64.252000
5.579764	2.423827	-4.084861	64.352000
5.590958	2.422259	-4.083155	64.452000
5.602061	2.420772	-4.079402	64.552000
5.613419	2.424243	-4.079370	64.653000
5.624876	2.425346	-4.080181	64.752000
5.635770	2.426772	-4.077664	64.852000
5.647139	2.427385	-4.073429	64.952000
5.657028	2.427984	-4.080750	65.053000
5.658745	2.427211	-4.079801	65.152000
5.656755	2.428850	-4.072614	65.252000
5.653996	2.432985	-4.073901	65.352000
5.649663	2.437190	-4.079315	65.453000
5.644345	2.434850	-4.089868	65.552000
5.639022	2.431231	-4.085241	65.652000
5.633602	2.427926	-4.084639	65.752000
5.627292	2.425335	-4.088802	65.852000
5.620843	2.423855	-4.091428	65.952000
5.614069	2.421558	-4.090729	66.052000
5.606953	2.422868	-4.085895	66.153000
5.599877	2.420373	-4.084333	66.252000
5.592536	2.420807	-4.087699	66.352000
5.585130	2.421698	-4.087736	66.452000
5.577713	2.421389	-4.088147	66.552000
5.569258	2.424871	-4.087646	66.652000
5.561253	2.428738	-4.083479	66.752000
5.553473	2.427979	-4.080531	66.852000
5.545180	2.425591	-4.081396	66.952000
5.537027	2.428987	-4.084526	67.052000
5.528883	2.426707	-4.091485	67.152000
5.519964	2.422442	-4.099931	67.252000
5.511443	2.419497	-4.098683	67.352000
5.503021	2.422708	-4.088723	67.452000
5.494575	2.423460	-4.087583	67.552000
5.486010	2.421780	-4.086617	67.652000
5.477339	2.424236	-4.080447	67.752000
5.468256	2.428408	-4.077891	67.852000
5.459493	2.426831	-4.079704	67.952000
5.450866	2.425418	-4.080153	68.052000
5.441712	2.429831	-4.082276	68.152000
5.432843	2.425143	-4.088569	68.252000
5.423609	2.424863	-4.092844	68.352000
5.414105	2.427458	-4.098487	68.452000
5.405271	2.434649	-4.098082	68.552000
5.395939	2.434771	-4.093819	68.653000
5.386664	2.430294	-4.097532	68.752000
5.377844	2.428452	-4.101070	68.852000
5.368442	2.432436	-4.099404	68.952000
5.359063	2.433321	-4.097896	69.052000
5.349959	2.427301	-4.094706	69.152000
5.340794	2.421468	-4.088680	69.252000
5.331414	2.423034	-4.089563	69.353000
5.322271	2.424270	-4.089106	69.452000
5.312704	2.421872	-4.085790	69.552000
5.303353	2.418711	-4.083623	69.653000
5.294051	2.419520	-4.083483	69.753000
5.284610	2.419824	-4.085412	69.852000
5.275229	2.421884	-4.088448	69.952000
5.265461	2.427737	-4.083919	70.052000
5.255594	2.433485	-4.088263	70.152000
5.246107	2.432084	-4.096001	70.252000
5.236610	2.429447	-4.105013	70.352000
5.226839	2.428289	-4.111757	70.452000
5.217400	2.433524	-4.110825	70.552000
5.207612	2.436622	-4.099961	70.652000
5.197721	2.436420	-4.089778	70.753000
5.187881	2.436478	-4.084802	70.853000
5.178357	2.433679	-4.087666	70.953000
5.168434	2.430217	-4.085401	71.052000
5.159019	2.425696	-4.081290	71.152000
5.148811	2.420352	-4.083310	71.252000
5.138779	2.422097	-4.087067	71.352000
5.128899	2.424258	-4.087229	71.452000
5.119003	2.430592	-4.084380	71.552000
5.109204	2.431531	-4.086906	71.652000
5.099367	2.428991	-4.087877	71.752000
5.089046	2.431284	-4.095305	71.852000
5.079277	2.431804	-4.104837	71.952000
5.069422	2.429179	-4.109459	72.053000
5.059199	2.426248	-4.109874	72.152000
5.049337	2.425573	-4.103481	72.252000
5.039331	2.423198	-4.091763	72.352000
5.029535	2.425312	-4.088264	72.452000
5.019613	2.428830	-4.091383	72.552000
5.009912	2.432076	-4.092104	72.653000
4.999924	2.430901	-4.088599	72.752000
4.990109	2.428521	-4.090440	72.852000
4.979889	2.427837	-4.091822	72.952000
4.969711	2.425915	-4.087791	73.052000
4.959370	2.426648	-4.093389	73.152000
4.949915	2.433272	-4.096042	73.252000
4.939205	2.433637	-4.099548	73.353000
4.929652	2.430485	-4.107997	73.452000
4.919152	2.426881	-4.115570	73.552000
4.909419	2.426795	-4.117343	73.652000
4.899234	2.425954	-4.117056	73.752000
4.889026	2.430243	-4.117207	73.852000
4.879347	2.436726	-4.125567	73.952000
4.869191	2.436254	-4.126746	74.052000
4.858455	2.428875	-4.123903	74.152000
4.848967	2.432580	-4.125098	74.252000
4.838868	2.432809	-4.124325	74.352000
4.828452	2.432044	-4.119916	74.452000
4.818074	2.433277	-4.119174	74.552000
4.807802	2.432120	-4.114385	74.652000
4.797260	2.431493	-4.113359	74.752000
4.787269	2.435235	-4.113749	74.852000
4.776998	2.438695	-4.117332	74.952000
4.766691	2.437492	-4.123943	75.052000
4.756518	2.437661	-4.127358	75.152000
4.745975	2.434214	-4.129423	75.252000
4.735896	2.427815	-4.127931	75.352000
4.725457	2.425935	-4.129122	75.452000
4.714589	2.428468	-4.129612	75.552000
4.704613	2.435465	-4.135877	75.652000
4.694178	2.435170	-4.135546	75.752000
4.683406	2.433601	-4.131858	75.852000
4.673289	2.432535	-4.128067	75.952000
4.662722	2.430150	-4.128674	76.052000
4.652571	2.429061	-4.130478	76.152000
4.641920	2.428147	-4.129527	76.252000
4.631567	2.424509	-4.128866	76.352000
4.620630	2.417083	-4.126790	76.452000
4.610633	2.418586	-4.126261	76.552000
4.599967	2.426249	-4.126779	76.652000
4.589880	2.431239	-4.130770	76.752000
4.579256	2.429824	-4.142936	76.852000
4.568446	2.433014	-4.149529	76.952000
4.557670	2.436532	-4.144893	77.052000
4.547340	2.429323	-4.145219	77.152000
4.536563	2.424058	-4.144699	77.252000
4.526314	2.422802	-4.141532	77.352000
4.515755	2.421618	-4.141988	77.452000
4.504933	2.418732	-4.138695	77.552000
4.494151	2.423206	-4.146253	77.653000
4.483606	2.424089	-4.163044	77.752000
4.473081	2.421393	-4.169912	77.852000
4.462483	2.417782	-4.169709	77.953000
4.451946	2.417339	-4.169402	78.052000
4.441549	2.421969	-4.171517	78.152000
4.430690	2.427498	-4.179673	78.252000
4.420128	2.431258	-4.185030	78.352000
4.409573	2.436552	-4.181835	78.452000
4.399154	2.432849	-4.177160	78.552000
4.388636	2.425173	-4.170165	78.652000
4.378052	2.425694	-4.167476	78.752000
4.367306	2.426031	-4.172988	78.852000
4.356954	2.427022	-4.181940	78.952000
4.346212	2.425005	-4.194606	79.052000
4.335544	2.417520	-4.196834	79.152000
4.324566	2.412969	-4.195918	79.252000
4.313784	2.407290	-4.201428	79.352000
4.303172	2.405088	-4.212562	79.453000
4.292702	2.401162	-4.218627	79.552000
4.281754	2.401578	-4.217783	79.652000
4.271218	2.403916	-4.222299	79.752000
4.260119	2.409074	-4.231671	79.852000
4.249449	2.406649	-4.232723	79.952000
4.238857	2.407267	-4.227139	80.052000
4.228116	2.405077	-4.226126	80.152000
4.217137	2.398377	-4.232033	80.252000
4.206381	2.392380	-4.235048	80.352000
4.195149	2.391174	-4.235543	80.452000
4.184527	2.392333	-4.247443	80.552000
4.173696	2.394215	-4.252422	80.652000
4.162867	2.393433	-4.253911	80.753000
4.152296	2.397072	-4.263380	80.852000
4.141013	2.403872	-4.268473	80.952000
4.130251	2.401881	-4.273989	81.052000
4.119343	2.393028	-4.282304	81.152000
4.109001	2.392934	-4.285117	81.253000
4.098044	2.388778	-4.281938	81.352000
4.087194	2.382389	-4.278451	81.453000
4.076151	2.379906	-4.274833	81.552000
4.065278	2.374087	-4.277183	81.653000
4.054542	2.379266	-4.285695	81.752000
4.043443	2.382045	-4.301428	81.852000
4.032813	2.383505	-4.306478	81.953000
4.021796	2.382393	-4.308439	82.052000
4.010622	2.378820	-4.315635	82.152000
3.999567	2.375187	-4.312566	82.252000
3.988777	2.373550	-4.310466	82.352000
3.978074	2.368906	-4.315644	82.452000
3.966978	2.370115	-4.323032	82.552000
3.956373	2.374404	-4.330250	82.652000
3.945519	2.374459	-4.338832	82.752000
3.934443	2.369485	-4.352449	82.852000
3.923490	2.362681	-4.353525	82.952000
3.912670	2.358381	-4.349392	83.052000
3.901805	2.359707	-4.344296	83.152000
3.890877	2.365019	-4.351918	83.252000
3.879951	2.366830	-4.371391	83.352000
3.869311	2.357227	-4.379544	83.452000
3.857975	2.345818	-4.385490	83.552000
3.847257	2.341150	-4.387614	83.653000
3.836046	2.341889	-4.382694	83.752000
3.824683	2.339201	-4.379817	83.852000
3.813818	2.336519	-4.387295	83.952000
3.802867	2.335950	-4.393565	84.052000
3.791915	2.327524	-4.403699	84.152000
3.780858	2.319021	-4.409088	84.252000
3.769791	2.314806	-4.406913	84.352000
3.758287	2.309532	-4.417818	84.452000
3.747271	2.309108	-4.427940	84.552000
3.736610	2.308316	-4.434095	84.652000
3.725234	2.301157	-4.438236	84.752000
3.714350	2.298012	-4.439913	84.852000
3.702801	2.298105	-4.440838	84.953000
3.691747	2.298418	-4.449461	85.052000
3.680933	2.293599	-4.456433	85.152000
3.669447	2.283738	-4.461593	85.252000
3.658903	2.278221	-4.470696	85.352000
3.647832	2.276025	-4.473357	85.452000
3.636425	2.274579	-4.475553	85.552000
3.625288	2.272307	-4.484854	85.652000
3.614299	2.266269	-4.502522	85.752000
3.603273	2.258027	-4.516244	85.852000
3.591962	2.249853	-4.520793	85.952000
3.581048	2.242771	-4.522730	86.052000
3.569942	2.237684	-4.524198	86.152000
3.558198	2.236574	-4.533071	86.252000
3.547657	2.233009	-4.539353	86.352000
3.536028	2.225463	-4.543649	86.452000
3.525399	2.218033	-4.550090	86.552000
3.513676	2.215228	-4.558861	86.652000
3.502640	2.215504	-4.565476	86.752000
3.491180	2.212944	-4.575898	86.852000
3.479944	2.205182	-4.587244	86.953000
3.468866	2.192814	-4.590241	87.053000
3.457682	2.186814	-4.590829	87.152000
3.446983	2.179245	-4.594297	87.252000
3.435916	2.167094	-4.601135	87.352000
3.424903	2.161622	-4.612954	87.452000
3.413788	2.156527	-4.621174	87.552000
3.402643	2.146207	-4.626889	87.652000
3.391808	2.135593	-4.629653	87.752000
3.380318	2.128705	-4.640985	87.852000
3.368970	2.120363	-4.647124	87.952000
3.358142	2.110367	-4.647569	88.052000
3.347187	2.099599	-4.654689	88.152000
3.336108	2.091268	-4.667447	88.252000
3.324513	2.077359	-4.670888	88.352000
3.313328	2.070923	-4.677317	88.452000
3.301946	2.073573	-4.680843	88.552000
3.290936	2.076887	-4.690942	88.652000
3.279836	2.071325	-4.705742	88.753000
3.268590	2.061779	-4.729302	88.852000
3.257533	2.046583	-4.750396	88.952000
3.246249	2.033188	-4.757881	89.052000
3.235078	2.022523	-4.762045	89.152000
3.223986	2.011655	-4.764792	89.252000
3.212501	1.997562	-4.778572	89.352000
3.201649	1.983664	-4.789867	89.452000
3.190104	1.972415	-4.795588	89.552000
3.178543	1.965670	-4.794181	89.652000
3.167331	1.956628	-4.796079	89.752000
3.156127	1.946795	-4.800671	89.852000
3.144934	1.938216	-4.798795	89.952000
3.133667	1.926566	-4.798705	90.052000
3.122122	1.918987	-4.808476	90.152000
3.110761	1.913857	-4.821480	90.252000
3.099389	1.903227	-4.828576	90.352000
3.088234	1.889211	-4.843755	90.452000
3.077100	1.881168	-4.861177	90.552000
3.065260	1.875780	-4.863823	90.652000
3.053949	1.868290	-4.871924	90.752000
3.042369	1.851696	-4.880178	90.852000
3.031295	1.839409	-4.885726	90.952000
3.020010	1.828454	-4.888323	91.052000
3.008622	1.819260	-4.892846	91.152000
2.996898	1.809773	-4.902495	91.252000
2.985257	1.797267	-4.912046	91.352000
2.973977	1.785310	-4.920490	91.453000
2.962725	1.774663	-4.920523	91.552000
2.951412	1.764396	-4.913255	91.652000
2.940215	1.756596	-4.917929	91.752000
2.928958	1.750439	-4.934630	91.852000
2.917319	1.739751	-4.947786	91.952000
2.906483	1.730456	-4.939867	92.052000
2.895304	1.720658	-4.938665	92.153000
2.883425	1.707196	-4.952545	92.252000
2.872138	1.696884	-4.963876	92.353000
2.860581	1.688142	-4.970711	92.452000
2.848910	1.678339	-4.983524	92.552000
2.837640	1.672276	-4.984645	92.653000
2.826277	1.664407	-4.987955	92.752000
2.815281	1.654985	-4.997247	92.852000
2.803770	1.644027	-5.010257	92.952000
2.792576	1.636148	-5.019580	93.052000
2.781029	1.630409	-5.036222	93.152000
2.769951	1.627736	-5.051414	93.252000
2.758315	1.621133	-5.055479	93.352000
2.747009	1.612026	-5.063078	93.453000
2.735288	1.605527	-5.076030	93.552000
2.723893	1.595323	-5.089477	93.652000
2.712311	1.587657	-5.104318	93.752000
2.700982	1.586872	-5.117831	93.852000
2.689743	1.583400	-5.124067	93.952000
2.677958	1.572202	-5.135024	94.052000
2.666713	1.557681	-5.151200	94.152000
2.654878	1.544854	-5.162431	94.252000
2.643438	1.536822	-5.179454	94.352000
2.632204	1.521767	-5.185297	94.452000
2.620885	1.511318	-5.195486	94.552000
2.609005	1.503072	-5.255637	94.652000
2.597431	1.508069	-5.363224	94.752000
2.586043	1.550608	-5.540264	94.852000
2.573846	1.653456	-5.785744	94.952000
2.563289	1.783180	-6.021746	95.053000
2.551200	1.869341	-6.173170	95.152000
2.539826	1.866804	-6.246948	95.252000
2.528515	1.788337	-6.229742	95.352000
2.517228	1.678895	-6.153281	95.452000
2.505102	1.573959	-6.078283	95.552000
2.494418	1.483248	-6.010106	95.652000
2.482375	1.413818	-5.956560	95.753000
2.470876	1.361228	-5.897592	95.852000
2.459432	1.322273	-5.838147	95.953000
2.447733	1.288826	-5.784885	96.052000
2.436372	1.261893	-5.740921	96.152000
2.424921	1.238277	-5.703047	96.252000
2.413550	1.216719	-5.664964	96.352000
2.402413	1.194833	-5.629374	96.452000
2.390467	1.174779	-5.598010	96.553000
2.378979	1.157348	-5.563830	96.653000
2.367750	1.137803	-5.518576	96.752000
2.356591	1.116459	-5.459843	96.852000
2.345232	1.099749	-5.408807	96.952000
2.333789	1.084365	-5.373018	97.052000
2.322418	1.073603	-5.335077	97.152000
2.310779	1.062706	-5.298443	97.252000
2.298771	1.043740	-5.268329	97.352000
2.287642	1.028585	-5.242476	97.452000
2.275940	1.018808	-5.203493	97.552000
2.264104	1.007768	-5.178348	97.653000
2.252399	0.994666	-5.143992	97.752000
2.241301	0.984798	-5.121389	97.852000
2.229872	0.972909	-5.106743	97.952000
2.218464	0.965065	-5.071640	98.052000
2.206289	0.955717	-5.045208	98.152000
2.194620	0.946915	-5.025141	98.252000
2.183224	0.933302	-5.003705	98.352000
2.171625	0.919022	-4.980926	98.452000
2.160259	0.910808	-4.979729	98.552000
2.148440	0.902759	-4.951952	98.652000
2.137124	0.898591	-4.918640	98.752000
2.125524	0.897040	-4.892461	98.853000
2.114135	0.894302	-4.872886	98.952000
2.103148	0.886208	-4.856655	99.052000
2.090773	0.883616	-4.852195	99.152000
2.078653	0.883915	-4.856939	99.253000
2.067298	0.879990	-4.851033	99.353000
2.056642	0.873034	-4.840993	99.453000
2.044319	0.869057	-4.826754	99.553000
2.033051	0.861780	-4.818038	99.652000
2.021697	0.855106	-4.796752	99.752000
2.009700	0.850653	-4.781885	99.852000
1.998310	0.844877	-4.761974	99.952000
1.986429	0.842664	-4.746377	100.052000
1.974608	0.844112	-4.731342	100.152000
1.963287	0.852001	-4.709951	100.252000
1.951542	0.851562	-4.718412	100.352000
1.939797	0.846692	-4.726920	100.452000
1.928502	0.838665	-4.719308	100.552000
1.916552	0.831532	-4.718646	100.652000
1.905102	0.828251	-4.700153	100.752000
1.893594	0.821955	-4.680293	100.852000
1.882284	0.819809	-4.683029	100.952000
1.870501	0.818145	-4.684217	101.052000
1.859048	0.814089	-4.685386	101.152000
1.847112	0.811312	-4.685561	101.252000
1.835696	0.811705	-4.685577	101.352000
1.824335	0.813684	-4.677104	101.452000
1.812670	0.813744	-4.662924	101.552000
1.800999	0.815421	-4.663370	101.652000
1.789705	0.815903	-4.699458	101.752000
1.778126	0.813237	-4.700098	101.853000
1.766479	0.809982	-4.663543	101.952000
1.754935	0.809087	-4.640071	102.053000
1.742552	0.806994	-4.632944	102.153000
1.731333	0.806599	-4.631475	102.252000
1.719572	0.803097	-4.620078	102.352000
1.708221	0.798259	-4.619316	102.452000
1.696912	0.797325	-4.602890	102.552000
1.684738	0.800366	-4.601845	102.653000
1.673066	0.801329	-4.614772	102.752000
1.661472	0.798047	-4.589192	102.852000
1.649784	0.790393	-4.571638	102.952000
1.638423	0.786946	-4.567067	103.052000
1.626854	0.785230	-4.570106	103.152000
1.614773	0.781858	-4.593076	103.252000
1.602887	0.781125	-4.621451	103.352000
1.591435	0.782581	-4.617938	103.452000
1.580059	0.786537	-4.596043	103.552000
1.568487	0.786709	-4.581752	103.652000
1.556845	0.783006	-4.580714	103.752000
1.544846	0.779375	-4.589776	103.852000
1.533083	0.781662	-4.598280	103.952000
1.521261	0.781667	-4.589870	104.052000
1.509778	0.780239	-4.578433	104.152000
1.497854	0.777164	-4.570617	104.252000
1.486593	0.779911	-4.563541	104.352000
1.474799	0.782103	-4.571110	104.452000
1.462962	0.784598	-4.587925	104.552000
1.451254	0.778295	-4.593960	104.653000
1.439863	0.774884	-4.574618	104.752000
1.428189	0.770839	-4.541504	104.852000
1.416418	0.769003	-4.532675	104.953000
1.404395	0.775473	-4.530895	105.052000
1.392928	0.776922	-4.528555	105.152000
1.381104	0.774696	-4.541970	105.252000
1.369563	0.767121	-4.567238	105.352000
1.358156	0.762345	-4.572237	105.452000
1.346256	0.765122	-4.560901	105.552000
1.334682	0.766725	-4.548557	105.652000
1.323342	0.768897	-4.545988	105.752000
1.311494	0.772687	-4.544981	105.852000
1.299895	0.771224	-4.544145	105.952000
1.288337	0.763756	-4.543134	106.052000
1.277094	0.764352	-4.545670	106.152000
1.265601	0.767508	-4.546816	106.252000
1.253661	0.774353	-4.553570	106.352000
1.241979	0.776815	-4.571874	106.452000
1.230670	0.773273	-4.570348	106.552000
1.218768	0.772229	-4.544539	106.652000
1.206756	0.775443	-4.543793	106.752000
1.194828	0.770524	-4.544973	106.852000
1.183036	0.764864	-4.529083	106.952000
1.171631	0.762919	-4.491999	107.053000
1.160134	0.764752	-4.471141	107.152000
1.148228	0.776021	-4.469138	107.252000
1.136310	0.781824	-4.464596	107.352000
1.124748	0.777447	-4.464050	107.452000
1.112962	0.767861	-4.474766	107.552000
1.101255	0.767913	-4.461469	107.652000
1.089726	0.769195	-4.462958	107.752000
1.077685	0.771388	-4.474892	107.852000
1.066012	0.772743	-4.480954	107.952000
1.054245	0.767370	-4.495708	108.053000
1.042717	0.766855	-4.488246	108.152000
1.031311	0.766021	-4.477244	108.253000
1.019454	0.767187	-4.470430	108.352000
1.007427	0.769715	-4.466702	108.452000
0.995775	0.769081	-4.468558	108.552000
0.984122	0.765274	-4.472372	108.652000
0.972583	0.763586	-4.477225	108.752000
0.961241	0.765692	-4.483289	108.852000
0.949122	0.764611	-4.524646	108.952000
0.937382	0.761888	-4.530102	109.052000
0.925805	0.763049	-4.522887	109.152000
0.914059	0.765017	-4.499246	109.252000
0.902618	0.765857	-4.479330	109.352000
0.890632	0.762551	-4.477224	109.453000
0.878676	0.764331	-4.472705	109.552000
0.867047	0.765817	-4.452558	109.652000
0.855054	0.763485	-4.454816	109.752000
0.843582	0.758451	-4.473718	109.852000
0.832134	0.752888	-4.477227	109.952000
0.820120	0.754745	-4.479072	110.052000
0.808525	0.759464	-4.500127	110.152000
0.796711	0.761713	-4.495843	110.252000
0.785136	0.765121	-4.497559	110.352000
0.773600	0.768971	-4.500042	110.452000
0.762280	0.768357	-4.474784	110.552000
0.750487	0.767607	-4.474671	110.653000
0.739220	0.757203	-4.481928	110.752000
0.727729	0.754905	-4.477556	110.852000
0.716112	0.759385	-4.458175	110.952000
0.704565	0.759142	-4.462381	111.052000
0.693182	0.760900	-4.438803	111.152000
0.681034	0.763127	-4.432414	111.252000
0.669283	0.761906	-4.440564	111.352000
0.657763	0.760884	-4.444769	111.452000
0.645744	0.760724	-4.454100	111.552000
0.634366	0.760929	-4.467745	111.652000
0.622965	0.761788	-4.493160	111.752000
0.610827	0.763677	-4.500457	111.853000
0.599242	0.764959	-4.474688	111.952000
0.587653	0.762245	-4.472195	112.052000
0.576208	0.760835	-4.475392	112.152000
0.564564	0.761795	-4.487297	112.252000
0.552862	0.761032	-4.482278	112.352000
0.540777	0.758265	-4.458209	112.452000
0.529325	0.753965	-4.473963	112.552000
0.517366	0.754181	-4.484629	112.653000
0.506007	0.754997	-4.483890	112.752000
0.494605	0.753414	-4.467173	112.852000
0.482667	0.752155	-4.456887	112.952000
0.470871	0.755953	-4.457782	113.052000
0.459102	0.762406	-4.451167	113.152000
0.447419	0.761383	-4.457949	113.252000
0.436128	0.756849	-4.453587	113.352000
0.424229	0.755883	-4.444099	113.452000
0.412402	0.759002	-4.439196	113.552000
0.400600	0.757468	-4.430582	113.652000
0.388908	0.748221	-4.430501	113.752000
0.377256	0.742244	-4.431171	113.852000
0.366019	0.743697	-4.446481	113.952000
0.354434	0.748255	-4.457787	114.052000
0.342097	0.753879	-4.458374	114.152000
0.330376	0.759213	-4.466042	114.252000
0.318701	0.759309	-4.471458	114.353000
0.307156	0.759004	-4.491199	114.452000
0.295773	0.755845	-4.512869	114.552000
0.284084	0.755941	-4.515708	114.652000
0.272653	0.758202	-4.489901	114.752000
0.261264	0.758273	-4.469429	114.852000
0.249507	0.753113	-4.474158	114.952000
0.239011	0.746549	-4.467706	115.052000
0.232559	0.744272	-4.462749	115.152000
0.227857	0.743301	-4.443637	115.252000
0.224046	0.741249	-4.437897	115.358000
0.220838	0.737949	-4.436344	115.453000
0.218197	0.734564	-4.433827	115.552000
0.215604	0.731699	-4.435029	115.652000
0.213184	0.731768	-4.436378	115.753000
0.211283	0.730572	-4.414290	115.852000
0.209466	0.729500	-4.388847	115.952000
0.207816	0.727400	-4.381124	116.052000
0.206276	0.730064	-4.398537	116.152000
0.204772	0.734454	-4.414204	116.253000
0.203369	0.735524	-4.425112	116.352000
0.202019	0.732167	-4.420799	116.452000
0.200908	0.730117	-4.399985	116.552000
0.199617	0.727891	-4.382992	116.652000
0.198682	0.727381	-4.379492	116.752000
0.197634	0.730382	-4.395960	116.852000
0.196899	0.731837	-4.405143	116.952000
0.195706	0.731844	-4.390560	117.052000
0.194757	0.728568	-4.373635	117.152000
0.194118	0.726596	-4.380000	117.253000
0.193238	0.729744	-4.405112	117.352000
0.192614	0.734499	-4.424977	117.452000
0.191833	0.736600	-4.424740	117.552000
0.191071	0.737502	-4.391597	117.652000
0.190288	0.739116	-4.373869	117.752000
0.189980	0.737453	-4.379964	117.852000
0.189152	0.730415	-4.380822	117.952000
0.188549	0.731714	-4.380836	118.052000
0.187885	0.735541	-4.390126	118.152000
0.187569	0.736531	-4.416020	118.252000
0.186936	0.736774	-4.412166	118.352000
0.186509	0.736772	-4.375782	118.452000
0.186092	0.738762	-4.360888	118.552000
0.185708	0.735879	-4.361059	118.652000
