-0.780911	1.106976	-3.368476	29.513000
-0.781757	1.109575	-3.365967	29.613000
-0.781527	1.116180	-3.350624	29.713000
-0.781514	1.118633	-3.329236	29.813000
-0.781688	1.118180	-3.317989	29.913000
-0.781721	1.116680	-3.306643	30.013000
-0.781643	1.115089	-3.310824	30.113000
-0.781430	1.116890	-3.320860	30.213000
-0.781744	1.117654	-3.326501	30.313000
-0.781599	1.114690	-3.335856	30.413000
-0.781688	1.111988	-3.341903	30.513000
-0.781679	1.116434	-3.354746	30.613000
-0.781610	1.119677	-3.372216	30.713000
-0.781747	1.119703	-3.390775	30.813000
-0.781764	1.118521	-3.392723	30.913000
-0.781587	1.117779	-3.362330	31.013000
-0.781722	1.117444	-3.337892	31.113000
-0.781644	1.113689	-3.327266	31.214000
-0.781569	1.114193	-3.313426	31.313000
-0.781472	1.116940	-3.309812	31.413000
-0.781520	1.120030	-3.308977	31.513000
-0.781677	1.118622	-3.310960	31.613000
-0.781779	1.118826	-3.311144	31.713000
-0.781753	1.120206	-3.312101	31.814000
-0.781892	1.121894	-3.318960	31.913000
-0.781739	1.121029	-3.326777	32.013000
-0.781701	1.119923	-3.324350	32.113000
-0.781742	1.114688	-3.325650	32.213000
-0.780837	1.110580	-3.329099	32.313000
-0.775765	1.106938	-3.328601	32.413000
-0.769298	1.107006	-3.322742	32.513000
-0.762298	1.109683	-3.322982	32.613000
-0.754801	1.113838	-3.326274	32.713000
-0.747064	1.111920	-3.331252	32.813000
-0.739145	1.111880	-3.331821	32.913000
-0.731025	1.110365	-3.340020	33.013000
-0.722553	1.106692	-3.351368	33.113000
-0.714292	1.105900	-3.364141	33.213000
-0.705208	1.106087	-3.360307	33.313000
-0.696479	1.108148	-3.349447	33.413000
-0.687807	1.103950	-3.355104	33.513000
-0.679039	1.098037	-3.364337	33.613000
-0.669807	1.099419	-3.380203	33.713000
-0.660755	1.101641	-3.383159	33.813000
-0.651392	1.099347	-3.381661	33.913000
-0.642245	1.095436	-3.371421	34.013000
-0.633123	1.091278	-3.365099	34.113000
-0.623642	1.089305	-3.371917	34.213000
-0.614531	1.090378	-3.374734	34.313000
-0.604886	1.091758	-3.355952	34.413000
-0.595230	1.091514	-3.338270	34.513000
-0.585951	1.090266	-3.347320	34.613000
-0.576273	1.087699	-3.367630	34.713000
-0.567016	1.089371	-3.382374	34.813000
-0.557602	1.089586	-3.384620	34.913000
-0.547545	1.088641	-3.374634	35.013000
-0.537655	1.085496	-3.371587	35.113000
-0.528231	1.082482	-3.373155	35.213000
-0.518667	1.081197	-3.382713	35.313000
-0.508910	1.077397	-3.389919	35.413000
-0.499410	1.077089	-3.393794	35.513000
-0.489287	1.077627	-3.392226	35.613000
-0.479381	1.078599	-3.392848	35.713000
-0.469844	1.078870	-3.398581	35.814000
-0.459872	1.078418	-3.413631	35.913000
-0.450093	1.074649	-3.429168	36.013000
-0.440067	1.071820	-3.434288	36.114000
-0.429985	1.071095	-3.440136	36.213000
-0.419938	1.074696	-3.448175	36.313000
-0.410099	1.073438	-3.456036	36.413000
-0.400534	1.067213	-3.460074	36.513000
-0.390423	1.061906	-3.469816	36.613000
-0.380836	1.060813	-3.450176	36.713000
-0.370613	1.063245	-3.421486	36.813000
-0.360577	1.061433	-3.403140	36.913000
-0.350656	1.060554	-3.396644	37.013000
-0.340718	1.063343	-3.392079	37.113000
-0.330836	1.062644	-3.392651	37.213000
-0.320564	1.054366	-3.397332	37.313000
-0.310456	1.049369	-3.410166	37.413000
-0.300273	1.048689	-3.425303	37.513000
-0.290331	1.046847	-3.433828	37.613000
-0.280572	1.044804	-3.431900	37.713000
-0.270037	1.043681	-3.421702	37.813000
-0.259736	1.044197	-3.408811	37.913000
-0.249202	1.045295	-3.405056	38.013000
-0.239145	1.045868	-3.397083	38.114000
-0.228841	1.044205	-3.400964	38.213000
-0.218700	1.043651	-3.397477	38.313000
-0.208273	1.043331	-3.386357	38.413000
-0.197877	1.041623	-3.375875	38.513000
-0.187508	1.043123	-3.371953	38.613000
-0.177627	1.044043	-3.375398	38.713000
-0.167284	1.040860	-3.389478	38.813000
-0.156883	1.033417	-3.399871	38.913000
-0.146015	1.031551	-3.407525	39.013000
-0.135521	1.033179	-3.414159	39.114000
-0.125137	1.030465	-3.435048	39.213000
-0.114936	1.025918	-3.439697	39.314000
-0.104569	1.022706	-3.428087	39.413000
-0.094137	1.022073	-3.416180	39.513000
-0.083477	1.086311	-3.503696	39.613000
-0.072778	1.111333	-3.604862	39.713000
-0.062577	0.897499	-3.564228	39.814000
-0.051971	0.661059	-3.408973	39.913000
-0.041503	0.507440	-3.161003	40.013000
-0.031259	0.429111	-2.907725	40.113000
-0.020506	0.394259	-2.718392	40.213000
-0.009992	0.379909	-2.632049	40.313000
0.000159	0.374007	-2.636260	40.413000
0.010824	0.368405	-2.621094	40.513000
0.021327	0.365998	-2.597669	40.614000
0.032113	0.362253	-2.568463	40.714000
0.042819	0.361687	-2.523563	40.813000
0.053612	0.362262	-2.491890	40.913000
0.064092	0.361747	-2.488223	41.014000
0.074690	0.364147	-2.503029	41.114000
0.085141	0.367856	-2.474378	41.213000
0.095797	0.370716	-2.459703	41.313000
0.106416	0.464261	-2.746985	41.413000
0.116741	0.802398	-3.609166	41.513000
0.127478	1.003067	-3.908369	41.613000
0.137977	1.035830	-3.813126	41.714000
0.148380	1.038310	-3.663055	41.813000
0.158961	1.038186	-3.546124	41.913000
0.169768	1.032822	-3.475017	42.013000
0.180364	1.030382	-3.440731	42.113000
0.190748	1.029962	-3.437827	42.214000
0.201322	1.030761	-3.443961	42.313000
0.212110	1.032783	-3.446242	42.413000
0.223095	1.035023	-3.442519	42.513000
0.234114	1.037005	-3.428270	42.613000
0.244575	1.038138	-3.414747	42.713000
0.255412	1.037941	-3.408771	42.813000
0.265991	1.037521	-3.406808	42.913000
0.276562	1.039055	-3.419341	43.013000
0.287634	1.043335	-3.440899	43.113000
0.298297	1.042606	-3.441989	43.213000
0.308617	1.042110	-3.428994	43.313000
0.319503	1.045263	-3.419767	43.413000
0.330582	1.051364	-3.414650	43.513000
0.341751	1.057105	-3.432093	43.613000
0.352631	1.057187	-3.444160	43.713000
0.363555	1.055874	-3.436505	43.814000
0.373985	1.053089	-3.431505	43.913000
0.384893	1.052549	-3.437534	44.013000
0.395930	1.056654	-3.434215	44.113000
0.407105	1.056195	-3.421520	44.213000
0.417995	1.056834	-3.407529	44.313000
0.428623	1.058580	-3.397942	44.414000
0.439648	1.062294	-3.402017	44.513000
0.450646	1.067045	-3.402112	44.613000
0.461743	1.072865	-3.401490	44.713000
0.472807	1.075399	-3.419096	44.813000
0.483452	1.073280	-3.427230	44.913000
0.494364	1.072608	-3.413553	45.013000
0.505316	1.075212	-3.404272	45.114000
0.516132	1.077946	-3.401872	45.213000
0.527498	1.080586	-3.389047	45.313000
0.538537	1.082032	-3.397388	45.413000
0.549451	1.086447	-3.408970	45.513000
0.560538	1.087892	-3.412764	45.613000
0.571346	1.085671	-3.425850	45.713000
0.582116	1.081223	-3.427569	45.814000
0.592911	1.081670	-3.419066	45.913000
0.603715	1.081491	-3.396647	46.013000
0.614702	1.082835	-3.385469	46.113000
0.625698	1.087608	-3.374903	46.213000
0.636376	1.088501	-3.372269	46.313000
0.647307	1.087085	-3.373537	46.413000
0.658256	1.090108	-3.378516	46.513000
0.668979	1.092195	-3.378958	46.613000
0.680045	1.095250	-3.364480	46.713000
0.691097	1.096007	-3.343386	46.813000
0.702094	1.096716	-3.351388	46.913000
0.713271	1.099844	-3.362015	47.013000
0.724658	1.098045	-3.370734	47.113000
0.735565	1.097223	-3.362015	47.214000
0.746370	1.100621	-3.359396	47.313000
0.757305	1.101242	-3.361932	47.414000
0.768231	1.099825	-3.356977	47.513000
0.779420	1.101974	-3.346953	47.613000
0.790696	1.107016	-3.339542	47.713000
0.801627	1.108867	-3.329023	47.813000
0.812829	1.106850	-3.333325	47.914000
0.823763	1.108170	-3.350956	48.013000
0.834999	1.110609	-3.356427	48.113000
0.846357	1.113944	-3.346525	48.213000
0.857461	1.116976	-3.333592	48.313000
0.868528	1.118387	-3.327508	48.413000
0.879560	1.117431	-3.341077	48.513000
0.890833	1.118976	-3.352993	48.613000
0.901749	1.122271	-3.355156	48.713000
0.912807	1.125112	-3.347292	48.813000
0.924019	1.124508	-3.338755	48.913000
0.935018	1.122186	-3.326261	49.014000
0.945938	1.123302	-3.323909	49.113000
0.957048	1.120156	-3.328357	49.213000
0.968531	1.123515	-3.341565	49.314000
0.979896	1.130887	-3.333249	49.413000
0.990957	1.134713	-3.317495	49.513000
1.002229	1.139759	-3.311496	49.613000
1.013235	1.141809	-3.313290	49.713000
1.024340	1.141244	-3.321865	49.813000
1.035957	1.139554	-3.327668	49.913000
1.047310	1.138546	-3.318314	50.013000
1.058206	1.138851	-3.308094	50.113000
1.069617	1.138218	-3.299928	50.213000
1.080882	1.139981	-3.308936	50.313000
1.091932	1.145422	-3.329927	50.414000
1.102853	1.148709	-3.341554	50.513000
1.114014	1.151150	-3.332523	50.613000
1.125253	1.147110	-3.321618	50.713000
1.136200	1.146187	-3.321848	50.813000
1.147473	1.151612	-3.317703	50.913000
1.158574	1.155308	-3.299829	51.014000
1.169568	1.156411	-3.296300	51.113000
1.180786	1.158764	-3.302418	51.213000
1.192219	1.159476	-3.309409	51.313000
1.203210	1.159831	-3.320837	51.413000
1.214433	1.164355	-3.334051	51.513000
1.225571	1.169098	-3.339745	51.613000
1.237008	1.169878	-3.340564	51.713000
1.247958	1.174143	-3.335483	51.813000
1.259235	1.176521	-3.329525	51.913000
1.270257	1.177487	-3.326052	52.013000
1.281909	1.176525	-3.313647	52.114000
1.293285	1.174292	-3.300042	52.213000
1.304620	1.176182	-3.292183	52.313000
1.315765	1.176203	-3.293597	52.413000
1.326962	1.173623	-3.276891	52.514000
1.338317	1.171247	-3.268162	52.613000
1.349869	1.170050	-3.275761	52.713000
1.361061	1.174092	-3.271752	52.813000
1.372538	1.180104	-3.252202	52.913000
1.383917	1.181146	-3.228435	53.013000
1.394776	1.181221	-3.233815	53.113000
1.406152	1.179910	-3.258728	53.213000
1.417861	1.180423	-3.273114	53.313000
1.429027	1.183738	-3.265617	53.414000
1.440286	1.183036	-3.259728	53.513000
1.451574	1.184481	-3.272790	53.613000
1.462911	1.185375	-3.280623	53.713000
1.474149	1.186260	-3.269062	53.813000
1.485742	1.191436	-3.258956	53.913000
1.496760	1.199558	-3.257787	54.013000
1.508524	1.202913	-3.263046	54.113000
1.519829	1.198506	-3.276191	54.213000
1.530822	1.197837	-3.284245	54.313000
1.542106	1.197846	-3.284496	54.413000
1.553622	1.198008	-3.267704	54.513000
1.564801	1.199543	-3.257936	54.614000
1.575941	1.199982	-3.236971	54.713000
1.587058	1.204408	-3.225615	54.814000
1.598525	1.206796	-3.223936	54.913000
1.609852	1.209875	-3.211876	55.013000
1.621531	1.211106	-3.192508	55.113000
1.632844	1.211712	-3.186343	55.213000
1.644319	1.211873	-3.201739	55.313000
1.655338	1.213571	-3.231667	55.414000
1.666281	1.214551	-3.240746	55.513000
1.677772	1.214628	-3.238467	55.614000
1.689542	1.210774	-3.241254	55.713000
1.700839	1.209083	-3.254885	55.814000
1.711655	1.210667	-3.243067	55.913000
1.723461	1.213652	-3.221976	56.013000
1.734281	1.216610	-3.215989	56.113000
1.746416	1.219856	-3.212412	56.213000
1.757687	1.222987	-3.207597	56.313000
1.769109	1.224543	-3.198287	56.413000
1.780271	1.223485	-3.186143	56.513000
1.791772	1.224388	-3.173719	56.613000
1.803365	1.224366	-3.175466	56.713000
1.814702	1.223815	-3.180530	56.813000
1.826285	1.221983	-3.188336	56.914000
1.837557	1.222248	-3.186582	57.013000
1.848756	1.221923	-3.189826	57.113000
1.859606	1.222244	-3.185691	57.213000
1.872125	1.224048	-3.172944	57.313000
1.883810	1.227080	-3.164980	57.414000
1.895068	1.228700	-3.166847	57.513000
1.906060	1.228658	-3.162548	57.613000
1.916281	1.231162	-3.146574	57.713000
1.928428	1.229820	-3.151386	57.813000
1.940063	1.226320	-3.174383	57.913000
1.951274	1.225621	-3.176595	58.013000
1.962559	1.228706	-3.165676	58.113000
1.973864	1.231599	-3.156567	58.213000
1.985337	1.232285	-3.155990	58.313000
1.996338	1.235641	-3.148899	58.413000
2.007631	1.237836	-3.128308	58.513000
2.018950	1.237852	-3.103419	58.613000
2.030117	1.235293	-3.102914	58.713000
2.041318	1.235175	-3.119968	58.813000
2.052697	1.237671	-3.141235	58.913000
2.064549	1.242164	-3.151335	59.013000
2.075917	1.244125	-3.156995	59.113000
2.086924	1.241976	-3.150922	59.213000
2.098682	1.242022	-3.135522	59.313000
2.109508	1.240361	-3.128990	59.413000
2.121817	1.241542	-3.138199	59.513000
2.132408	1.242131	-3.144881	59.613000
2.143635	1.241127	-3.147280	59.713000
2.155940	1.238844	-3.131631	59.813000
2.165953	1.239860	-3.115861	59.913000
2.177856	1.239131	-3.125197	60.013000
2.188201	1.242750	-3.124533	60.113000
2.199834	1.241014	-3.127581	60.213000
2.211380	1.236965	-3.138466	60.313000
2.222568	1.241479	-3.139297	60.413000
2.233945	1.245772	-3.137796	60.513000
2.245172	1.247684	-3.138777	60.613000
2.256638	1.252181	-3.127319	60.713000
2.268272	1.257719	-3.118572	60.813000
2.279668	1.256663	-3.098709	60.914000
2.291125	1.258031	-3.079204	61.013000
2.301857	1.261628	-3.081498	61.114000
2.313547	1.260934	-3.088208	61.213000
2.325123	1.259983	-3.105565	61.313000
2.336482	1.259748	-3.131974	61.413000
2.347885	1.257482	-3.147397	61.513000
2.359452	1.259467	-3.138821	61.613000
2.370325	1.260804	-3.119990	61.713000
2.382111	1.259838	-3.105559	61.813000
2.393894	1.255653	-3.101711	61.913000
2.405572	1.257496	-3.116434	62.013000
2.416650	1.261132	-3.128770	62.113000
2.428081	1.263401	-3.124225	62.213000
2.439466	1.263294	-3.107721	62.313000
2.450730	1.260349	-3.074575	62.413000
2.462964	1.263846	-3.038744	62.513000
2.473878	1.265396	-3.028814	62.613000
2.485848	1.266680	-3.042134	62.713000
2.497035	1.266964	-3.054642	62.813000
2.508132	1.268283	-3.055154	62.914000
2.519689	1.271544	-3.055124	63.013000
2.531306	1.269830	-3.068294	63.113000
2.542805	1.266943	-3.087478	63.213000
2.554075	1.264018	-3.107687	63.313000
2.565514	1.268195	-3.102200	63.413000
2.576838	1.269342	-3.082853	63.513000
2.588651	1.264801	-3.068879	63.614000
2.599722	1.264721	-3.067400	63.713000
2.611738	1.264537	-3.068820	63.814000
2.622615	1.268107	-3.072471	63.914000
2.634485	1.272572	-3.074164	64.014000
2.645771	1.273064	-3.082827	64.113000
2.656311	1.275794	-3.096873	64.213000
2.668178	1.276479	-3.094049	64.313000
2.679630	1.275273	-3.080217	64.413000
2.690627	1.270962	-3.050811	64.513000
2.701765	1.271825	-3.020605	64.613000
2.713053	1.274818	-3.012756	64.713000
2.724300	1.277470	-3.008831	64.813000
2.735946	1.276613	-3.010139	64.913000
2.747482	1.273823	-3.020458	65.014000
2.758580	1.276374	-3.039328	65.113000
2.769764	1.277419	-3.059688	65.213000
2.781539	1.278465	-3.071142	65.314000
2.793036	1.279612	-3.064245	65.413000
2.804470	1.281009	-3.049894	65.513000
2.815786	1.282955	-3.039341	65.613000
2.826769	1.280044	-3.039960	65.713000
2.838762	1.281227	-3.056967	65.813000
2.850086	1.284699	-3.063992	65.914000
2.861199	1.283079	-3.052240	66.013000
2.872909	1.275936	-3.038467	66.114000
2.884186	1.273550	-3.017077	66.213000
2.895256	1.276314	-3.009761	66.313000
2.907088	1.278760	-3.009371	66.413000
2.918161	1.279469	-2.997903	66.513000
2.930233	1.282595	-2.976266	66.613000
2.941548	1.286572	-2.962072	66.713000
2.952513	1.289100	-2.956383	66.813000
2.964341	1.287529	-2.976098	66.913000
2.975209	1.282102	-2.999080	67.014000
2.987765	1.284189	-3.012531	67.113000
2.998155	1.288408	-3.003764	67.213000
3.010243	1.291681	-2.990653	67.313000
3.021074	1.291911	-2.986785	67.413000
3.032666	1.291339	-2.993350	67.513000
3.043948	1.291047	-2.986370	67.614000
3.055767	1.292320	-2.988611	67.713000
3.067285	1.290297	-2.996875	67.813000
3.077784	1.288670	-2.995356	67.914000
3.090396	1.287336	-2.979406	68.013000
3.101732	1.288616	-2.960040	68.114000
3.112131	1.290475	-2.958835	68.213000
3.124072	1.293388	-2.979256	68.313000
3.135329	1.296649	-2.989491	68.413000
3.146540	1.294919	-2.988591	68.513000
3.159124	1.290585	-2.986810	68.614000
3.170069	1.288934	-2.986333	68.713000
3.180733	1.287641	-2.968666	68.813000
3.191766	1.291525	-2.942313	68.913000
3.202911	1.291498	-2.933439	69.013000
3.213800	1.289889	-2.940086	69.113000
3.225674	1.290070	-2.968677	69.214000
3.238384	1.291610	-2.986010	69.313000
3.247228	1.295810	-2.988867	69.413000
3.260111	1.298747	-2.980634	69.513000
3.271465	1.302018	-2.975311	69.613000
3.281028	1.301381	-2.962871	69.713000
3.293496	1.295447	-2.956459	69.813000
3.306179	1.291063	-2.969824	69.913000
3.316120	1.291046	-2.965447	70.013000
3.328087	1.292819	-2.961426	70.113000
3.339731	1.294457	-2.965079	70.213000
3.350891	1.291287	-2.968056	70.313000
3.360741	1.287540	-2.957423	70.413000
3.373132	1.288697	-2.935565	70.514000
3.385567	1.293377	-2.934818	70.613000
3.396758	1.297199	-2.942808	70.713000
3.407632	1.300960	-2.945905	70.813000
3.418220	1.303411	-2.947982	70.913000
3.429812	1.303956	-2.930395	71.013000
3.442500	1.304116	-2.916739	71.113000
3.453290	1.301413	-2.906473	71.213000
3.464588	1.295031	-2.911586	71.313000
3.475615	1.293916	-2.918774	71.413000
3.487091	1.296093	-2.927261	71.513000
3.498091	1.296370	-2.938679	71.613000
3.510291	1.297134	-2.961609	71.713000
3.521834	1.295317	-2.982825	71.813000
3.532653	1.295908	-2.978712	71.913000
3.544061	1.301267	-2.983197	72.014000
3.555507	1.304355	-2.986202	72.113000
3.567161	1.307834	-2.972288	72.213000
3.578357	1.306672	-2.953093	72.313000
3.589495	1.301858	-2.938250	72.413000
3.601081	1.299298	-2.927198	72.513000
3.612287	1.298646	-2.920905	72.613000
3.623720	1.299504	-2.914934	72.713000
3.635602	1.302241	-2.903764	72.813000
3.646874	1.302369	-2.887653	72.913000
3.658272	1.302198	-2.883189	73.013000
3.669346	1.301527	-2.890195	73.113000
3.680609	1.301359	-2.893071	73.213000
3.691976	1.302832	-2.895257	73.317000
3.702996	1.301039	-2.899834	73.413000
3.714257	1.298133	-2.912758	73.513000
3.725921	1.295857	-2.924921	73.613000
3.735903	1.299644	-2.930007	73.714000
3.747782	1.306505	-2.928012	73.813000
3.759829	1.308562	-2.922279	73.913000
3.769388	1.310473	-2.913401	74.013000
3.781349	1.312422	-2.907848	74.113000
3.793511	1.314264	-2.908274	74.213000
3.803678	1.311398	-2.908104	74.313000
3.815568	1.307624	-2.909218	74.413000
3.826385	1.300878	-2.910812	74.513000
3.838777	1.301940	-2.907415	74.613000
3.849091	1.302873	-2.905618	74.713000
3.861914	1.309043	-2.899113	74.813000
3.871546	1.311656	-2.895533	74.913000
3.883424	1.310922	-2.894773	75.013000
3.894559	1.309929	-2.893041	75.113000
3.905813	1.307727	-2.899960	75.213000
3.917341	1.306993	-2.907819	75.314000
3.928028	1.307734	-2.901094	75.413000
3.939656	1.307582	-2.880620	75.513000
3.951305	1.306361	-2.874589	75.613000
3.962426	1.309299	-2.880198	75.713000
3.973720	1.309484	-2.880775	75.813000
3.985376	1.312508	-2.889193	75.913000
3.996618	1.314523	-2.915436	76.014000
4.007831	1.313256	-2.929115	76.113000
4.019594	1.312952	-2.922124	76.213000
4.030756	1.313840	-2.900965	76.313000
4.041825	1.316565	-2.889496	76.413000
4.053319	1.317030	-2.881055	76.513000
4.064453	1.313203	-2.867170	76.613000
4.075593	1.309816	-2.856076	76.713000
4.087124	1.307247	-2.849063	76.813000
4.098018	1.302686	-2.859170	76.913000
4.110174	1.300356	-2.866894	77.014000
4.120894	1.304898	-2.866482	77.113000
4.131270	1.310314	-2.871043	77.213000
4.143216	1.313651	-2.852339	77.313000
4.155474	1.318941	-2.841574	77.413000
4.166533	1.319429	-2.855857	77.513000
4.177473	1.315466	-2.879077	77.613000
4.188490	1.313273	-2.883477	77.713000
4.199415	1.312525	-2.866208	77.814000
4.210599	1.313560	-2.844407	77.913000
4.221955	1.311446	-2.830635	78.013000
4.233673	1.312276	-2.837770	78.113000
4.245131	1.319661	-2.849971	78.213000
4.255776	1.325539	-2.871315	78.313000
4.266503	1.323479	-2.893918	78.413000
4.277676	1.320333	-2.892485	78.513000
4.289819	1.318336	-2.879610	78.613000
4.300480	1.318319	-2.886740	78.714000
4.311168	1.316262	-2.895529	78.814000
4.322269	1.319005	-2.886397	78.913000
4.334527	1.322178	-2.879304	79.013000
4.345319	1.318777	-2.856083	79.113000
4.356749	1.317838	-2.849901	79.213000
4.368887	1.319507	-2.856061	79.313000
4.378936	1.322457	-2.859404	79.413000
4.390843	1.326203	-2.862413	79.513000
4.401541	1.327555	-2.857689	79.613000
4.413537	1.321720	-2.841632	79.713000
4.424389	1.311809	-2.835937	79.814000
4.436083	1.310589	-2.840680	79.913000
4.446814	1.315625	-2.834152	80.014000
4.458086	1.312766	-2.818457	80.113000
4.469217	1.309828	-2.820843	80.213000
4.480999	1.313570	-2.839691	80.313000
4.492264	1.320334	-2.851683	80.413000
4.503169	1.321471	-2.850334	80.513000
4.514375	1.319193	-2.845152	80.614000
4.525872	1.318224	-2.827720	80.713000
4.537136	1.314986	-2.820309	80.813000
4.548139	1.316640	-2.819056	80.913000
4.559875	1.314742	-2.820971	81.013000
4.570896	1.313796	-2.821285	81.113000
4.581965	1.316022	-2.819445	81.213000
4.593058	1.320997	-2.819108	81.314000
4.604615	1.321655	-2.817298	81.413000
4.615453	1.323545	-2.811228	81.513000
4.626877	1.317582	-2.822058	81.613000
4.638112	1.316646	-2.836989	81.713000
4.648821	1.316666	-2.837591	81.813000
4.660711	1.316650	-2.825371	81.914000
4.671936	1.317479	-2.816965	82.013000
4.683249	1.321206	-2.813786	82.113000
4.694463	1.321229	-2.817629	82.213000
4.703507	1.320911	-2.817339	82.314000
4.703760	1.324111	-2.826328	82.414000
4.701202	1.323054	-2.833303	82.513000
4.697886	1.324940	-2.830748	82.613000
4.693772	1.322989	-2.817978	82.713000
4.687258	1.319598	-2.815336	82.813000
4.682964	1.316805	-2.817876	82.913000
4.677198	1.312881	-2.811351	83.013000
4.670841	1.308484	-2.810883	83.113000
4.664204	1.310973	-2.803604	83.213000
4.657132	1.321393	-2.803507	83.313000
4.649562	1.326456	-2.795995	83.413000
4.642679	1.320662	-2.789877	83.513000
4.634454	1.321712	-2.785595	83.613000
4.628831	1.323689	-2.794048	83.713000
4.619193	1.319138	-2.804742	83.814000
4.610828	1.311811	-2.812758	83.913000
4.603628	1.309780	-2.822683	84.013000
4.595797	1.310021	-2.820787	84.113000
4.588146	1.309648	-2.819403	84.214000
4.579998	1.310783	-2.822061	84.313000
4.571530	1.309477	-2.815589	84.413000
4.562915	1.310966	-2.807677	84.513000
4.554564	1.313901	-2.811631	84.613000
4.545963	1.314497	-2.822654	84.713000
4.537442	1.316727	-2.836663	84.813000
4.529281	1.316725	-2.837868	84.913000
4.519699	1.317848	-2.830898	85.013000
4.509337	1.319544	-2.825273	85.113000
4.501211	1.318826	-2.819071	85.214000
4.493086	1.321925	-2.822762	85.313000
4.483079	1.318227	-2.835971	85.413000
4.474707	1.317633	-2.838038	85.513000
4.465577	1.321481	-2.845021	85.613000
4.455816	1.323213	-2.843849	85.713000
4.446541	1.322215	-2.829033	85.813000
4.437667	1.321273	-2.820093	85.914000
4.428693	1.320419	-2.823605	86.013000
4.419214	1.316993	-2.823748	86.114000
4.410029	1.310742	-2.815190	86.213000
4.400849	1.313485	-2.809601	86.313000
4.391471	1.317850	-2.814647	86.413000
4.382115	1.318660	-2.823579	86.514000
4.372629	1.319067	-2.829103	86.614000
4.363187	1.319976	-2.829677	86.713000
4.353972	1.321629	-2.830704	86.813000
4.344780	1.317366	-2.844515	86.913000
4.335319	1.315641	-2.853998	87.013000
4.325929	1.314861	-2.848594	87.113000
4.316170	1.311880	-2.847090	87.213000
4.306516	1.311577	-2.844426	87.313000
4.296828	1.311883	-2.844702	87.413000
4.287335	1.311880	-2.844204	87.513000
4.277700	1.311795	-2.847554	87.614000
4.268392	1.315591	-2.840426	87.713000
4.257722	1.321215	-2.834506	87.813000
4.248776	1.321708	-2.829729	87.913000
4.238213	1.321191	-2.826748	88.013000
4.229182	1.317960	-2.830471	88.114000
4.219040	1.312977	-2.836248	88.213000
4.209893	1.309771	-2.836718	88.313000
4.199554	1.311531	-2.832321	88.413000
4.189678	1.316443	-2.843302	88.513000
4.179339	1.313137	-2.857039	88.613000
4.169693	1.308916	-2.862745	88.713000
4.160251	1.309358	-2.855252	88.813000
4.150731	1.313010	-2.847741	88.914000
4.140122	1.315545	-2.846644	89.013000
4.129364	1.316444	-2.852333	89.114000
4.120661	1.317238	-2.852378	89.213000
4.111157	1.317594	-2.861018	89.313000
4.099758	1.313522	-2.859148	89.413000
4.088813	1.314827	-2.850017	89.513000
4.082880	1.314430	-2.846327	89.613000
4.068500	1.313211	-2.848598	89.713000
4.062755	1.311596	-2.846561	89.813000
4.049324	1.312643	-2.846595	89.913000
4.039975	1.314582	-2.847110	90.013000
4.032464	1.313463	-2.857365	90.113000
4.021538	1.313310	-2.865637	90.214000
4.010190	1.311423	-2.869204	90.313000
3.997922	1.308899	-2.875605	90.413000
3.987309	1.309127	-2.886643	90.514000
3.977455	1.309519	-2.898812	90.613000
3.967952	1.307897	-2.891885	90.713000
3.958132	1.309427	-2.878880	90.813000
3.947794	1.313570	-2.874063	90.913000
3.937918	1.314326	-2.884937	91.013000
3.926970	1.310094	-2.887752	91.113000
3.917822	1.307170	-2.888621	91.213000
3.908594	1.310024	-2.883079	91.313000
3.900884	1.310616	-2.872260	91.413000
3.891326	1.313593	-2.871992	91.513000
3.879610	1.314954	-2.884867	91.613000
3.866795	1.311481	-2.892657	91.714000
3.859683	1.311861	-2.893258	91.813000
3.849236	1.314442	-2.889763	91.914000
3.835828	1.315360	-2.879919	92.013000
3.825503	1.317131	-2.870367	92.113000
3.816811	1.318069	-2.864620	92.213000
3.807389	1.315567	-2.858361	92.313000
3.796841	1.314792	-2.853115	92.413000
3.787311	1.313994	-2.860466	92.513000
3.777901	1.314483	-2.870681	92.613000
3.767587	1.315094	-2.877379	92.713000
3.755826	1.315154	-2.881861	92.813000
3.743089	1.315789	-2.894968	92.913000
3.732866	1.313056	-2.905917	93.013000
3.725638	1.306336	-2.908105	93.113000
3.713788	1.302740	-2.907407	93.213000
3.701256	1.301726	-2.906180	93.313000
3.690469	1.300783	-2.902893	93.414000
3.680035	1.298974	-2.892189	93.513000
3.668946	1.302079	-2.884444	93.613000
3.658683	1.305907	-2.885789	93.713000
3.648271	1.306776	-2.887991	93.814000
3.637883	1.310729	-2.894551	93.914000
3.628217	1.308209	-2.890523	94.013000
3.618603	1.304911	-2.874847	94.113000
3.608846	1.306943	-2.868850	94.213000
3.598791	1.311115	-2.875515	94.313000
3.586388	1.313444	-2.888498	94.413000
3.574567	1.312364	-2.898514	94.513000
3.563944	1.311959	-2.913136	94.613000
3.554124	1.309065	-2.914700	94.713000
3.544654	1.303782	-2.917706	94.813000
3.535026	1.300350	-2.916755	94.913000
3.522301	1.300523	-2.925446	95.013000
3.511178	1.300083	-2.921275	95.113000
3.500740	1.299337	-2.918326	95.213000
3.490869	1.299914	-2.910515	95.313000
3.481524	1.300955	-2.907766	95.413000
3.471640	1.298046	-2.904505	95.514000
3.459384	1.298874	-2.904007	95.613000
3.448263	1.296116	-2.910377	95.713000
3.438857	1.295359	-2.910498	95.813000
3.429604	1.299868	-2.906898	95.913000
3.417192	1.305693	-2.915528	96.013000
3.407591	1.302478	-2.928827	96.113000
3.397252	1.300111	-2.937316	96.214000
3.385457	1.298346	-2.943768	96.313000
3.375434	1.297144	-2.941868	96.413000
3.364801	1.296890	-2.936937	96.513000
3.352972	1.300188	-2.928567	96.613000
3.343773	1.300915	-2.925912	96.713000
3.333235	1.297780	-2.947208	96.813000
3.322169	1.294207	-2.960812	96.913000
3.311101	1.296279	-2.965223	97.013000
3.300015	1.300441	-2.954903	97.113000
3.289155	1.296067	-2.942118	97.214000
3.278537	1.290487	-2.930368	97.313000
3.268060	1.294886	-2.926828	97.413000
3.256996	1.298533	-2.925122	97.513000
3.246300	1.300316	-2.930532	97.613000
3.235316	1.302013	-2.930158	97.713000
3.224693	1.303611	-2.938028	97.813000
3.213807	1.301807	-2.960106	97.913000
3.202725	1.300470	-2.970992	98.013000
3.192514	1.303014	-2.965349	98.113000
3.181328	1.301028	-2.965626	98.213000
3.169891	1.296409	-2.968279	98.313000
3.160279	1.292825	-2.962716	98.413000
3.148793	1.287300	-2.951660	98.514000
3.138560	1.290724	-2.945404	98.613000
3.127697	1.295649	-2.954766	98.713000
3.116103	1.297192	-2.966995	98.813000
3.105309	1.296487	-2.966683	98.913000
3.094970	1.294733	-2.978683	99.013000
3.083958	1.291035	-2.991625	99.113000
3.072627	1.289107	-2.995580	99.213000
3.061135	1.291217	-2.991665	99.314000
3.050852	1.289088	-2.980603	99.413000
3.039777	1.289339	-2.971081	99.513000
3.028392	1.292861	-2.975381	99.613000
3.019471	1.293597	-2.987618	99.713000
3.008505	1.289569	-2.986796	99.813000
2.995696	1.286760	-2.975708	99.913000
2.985192	1.283502	-2.976037	100.013000
2.974507	1.285935	-2.977596	100.113000
2.963555	1.295611	-2.974136	100.214000
2.953124	1.293494	-2.981375	100.313000
2.942342	1.288220	-2.984937	100.413000
2.931053	1.283068	-2.987568	100.513000
2.920260	1.284019	-2.993517	100.613000
2.909671	1.288715	-3.009677	100.713000
2.898784	1.288209	-3.030663	100.813000
2.887627	1.287206	-3.033445	100.913000
2.876675	1.285350	-3.030243	101.013000
2.865422	1.283265	-3.038718	101.113000
2.854288	1.283702	-3.036402	101.213000
2.843359	1.286050	-3.023827	101.314000
2.832632	1.285449	-3.015710	101.413000
2.821308	1.281322	-3.012331	101.513000
2.810224	1.279565	-3.016165	101.613000
2.798654	1.280051	-3.026444	101.713000
2.788379	1.282826	-3.035787	101.813000
2.776511	1.281895	-3.040349	101.913000
2.766429	1.281033	-3.043308	102.013000
2.755053	1.279861	-3.047102	102.113000
2.743015	1.277416	-3.042605	102.214000
2.732862	1.277409	-3.033203	102.313000
2.721787	1.277939	-3.032796	102.413000
2.710383	1.277033	-3.039189	102.513000
2.700316	1.275918	-3.036978	102.613000
2.689307	1.269826	-3.048049	102.713000
2.676679	1.271830	-3.056950	102.814000
2.666013	1.281038	-3.061518	102.913000
2.654232	1.286944	-3.051056	103.013000
2.643988	1.287254	-3.045075	103.113000
2.632783	1.279364	-3.045212	103.213000
2.621424	1.275757	-3.055360	103.313000
2.609918	1.273831	-3.054650	103.413000
2.599117	1.271484	-3.055829	103.513000
2.587860	1.267021	-3.059081	103.613000
2.576561	1.266933	-3.065024	103.714000
2.565494	1.269519	-3.061630	103.813000
2.554143	1.271012	-3.066727	103.913000
2.543308	1.271351	-3.071631	104.013000
2.532028	1.274095	-3.073227	104.113000
2.520923	1.274163	-3.072339	104.213000
2.509108	1.268693	-3.072302	104.313000
2.498313	1.265683	-3.069750	104.413000
2.487773	1.264689	-3.058662	104.513000
2.476954	1.263898	-3.053724	104.614000
2.465483	1.263405	-3.055819	104.713000
2.454423	1.264991	-3.054343	104.813000
2.443278	1.268077	-3.058175	104.913000
2.432220	1.267570	-3.067789	105.013000
2.421169	1.261861	-3.073760	105.113000
2.410025	1.258406	-3.085024	105.213000
2.399064	1.260635	-3.084598	105.313000
2.387748	1.261192	-3.075615	105.414000
2.376842	1.259068	-3.081068	105.513000
2.365028	1.255214	-3.086868	105.613000
2.353356	1.255928	-3.097125	105.713000
2.341809	1.255791	-3.106219	105.814000
2.330885	1.255146	-3.107948	105.913000
2.319684	1.260954	-3.123688	106.013000
2.309695	1.264002	-3.126859	106.113000
2.298196	1.261454	-3.129522	106.214000
2.286928	1.259684	-3.137185	106.313000
2.276261	1.255531	-3.144348	106.413000
2.264768	1.255185	-3.130714	106.513000
2.253328	1.261554	-3.113829	106.613000
2.242217	1.260505	-3.107956	106.713000
2.230866	1.251829	-3.106617	106.813000
2.219412	1.248995	-3.103288	106.914000
2.208319	1.251114	-3.102890	107.013000
2.197367	1.252842	-3.109052	107.113000
2.185424	1.254969	-3.129772	107.213000
2.174161	1.257539	-3.159866	107.314000
2.163107	1.256986	-3.162179	107.413000
2.151610	1.253380	-3.140158	107.513000
2.141096	1.251172	-3.122364	107.613000
2.129417	1.248925	-3.125569	107.713000
2.118366	1.247902	-3.129384	107.813000
2.107113	1.246216	-3.123872	107.913000
2.095835	1.242948	-3.139443	108.013000
2.083928	1.242217	-3.152998	108.113000
2.073256	1.242427	-3.150180	108.214000
2.061705	1.241415	-3.148069	108.313000
2.050430	1.244039	-3.147043	108.413000
2.038805	1.245622	-3.147170	108.513000
2.027618	1.243999	-3.150836	108.614000
2.016031	1.240732	-3.174881	108.713000
2.004467	1.235866	-3.194980	108.813000
1.993537	1.237020	-3.187499	108.914000
1.981898	1.239177	-3.176475	109.014000
1.970918	1.239416	-3.170301	109.114000
1.959474	1.235813	-3.162120	109.213000
1.948389	1.232692	-3.155605	109.313000
1.936868	1.232510	-3.160675	109.413000
1.925274	1.234260	-3.181689	109.513000
1.913894	1.234501	-3.192782	109.613000
1.902657	1.234438	-3.196888	109.713000
1.891203	1.233711	-3.210867	109.813000
1.880001	1.234123	-3.212979	109.913000
1.868315	1.232433	-3.199028	110.014000
1.857139	1.228167	-3.179247	110.113000
1.845657	1.225398	-3.163631	110.213000
1.834259	1.221691	-3.161630	110.313000
1.823312	1.219719	-3.168055	110.413000
1.811929	1.223417	-3.164854	110.514000
1.800243	1.229919	-3.165355	110.613000
1.789140	1.227500	-3.167096	110.713000
1.777140	1.224905	-3.171137	110.814000
1.765528	1.227595	-3.182621	110.914000
1.754482	1.223640	-3.188888	111.013000
1.743073	1.218472	-3.193423	111.113000
1.731803	1.217708	-3.202918	111.213000
1.720339	1.218807	-3.199081	111.313000
1.708830	1.217687	-3.192498	111.414000
1.697018	1.217445	-3.192958	111.513000
1.685712	1.220222	-3.195570	111.613000
1.674330	1.219079	-3.194240	111.713000
1.663357	1.214299	-3.198862	111.813000
1.651308	1.208923	-3.218760	111.913000
1.639890	1.207019	-3.231890	112.013000
1.628355	1.211776	-3.235952	112.113000
1.616770	1.214241	-3.229295	112.213000
1.605669	1.212170	-3.214486	112.313000
1.594479	1.209489	-3.193948	112.413000
1.582327	1.209847	-3.193285	112.513000
1.571029	1.209162	-3.201699	112.613000
1.559414	1.199992	-3.209419	112.713000
1.548089	1.193617	-3.223005	112.813000
1.536678	1.192398	-3.233096	112.913000
1.524940	1.191323	-3.243467	113.013000
1.513281	1.187730	-3.248334	113.114000
1.501853	1.186947	-3.246902	113.214000
1.490307	1.185136	-3.244319	113.314000
1.478866	1.183253	-3.255058	113.413000
1.467613	1.183288	-3.266756	113.513000
1.456237	1.182150	-3.259479	113.613000
1.445006	1.185916	-3.262409	113.713000
1.433659	1.186942	-3.263661	113.813000
1.422157	1.185212	-3.268802	113.914000
1.410679	1.180526	-3.270946	114.013000
1.399226	1.175432	-3.270828	114.113000
1.387821	1.171843	-3.270989	114.213000
1.376610	1.171953	-3.275592	114.313000
1.365051	1.174939	-3.276905	114.413000
1.353722	1.174683	-3.256201	114.513000
1.342324	1.171798	-3.238101	114.613000
1.330582	1.173399	-3.247324	114.714000
1.318893	1.174508	-3.255930	114.814000
1.307409	1.173691	-3.251955	114.913000
1.295910	1.169282	-3.256332	115.013000
1.284728	1.165700	-3.268729	115.113000
1.272853	1.168031	-3.284353	115.213000
1.261468	1.167360	-3.294944	115.313000
1.249694	1.168322	-3.301771	115.413000
1.238246	1.167832	-3.310819	115.513000
1.226715	1.165033	-3.327982	115.613000
1.215177	1.166455	-3.334699	115.714000
1.203596	1.167380	-3.322651	115.813000
1.192178	1.162026	-3.315951	115.913000
1.181003	1.156655	-3.311020	116.013000
1.169090	1.151831	-3.299527	116.113000
1.158078	1.152361	-3.292792	116.213000
1.146413	1.152674	-3.287297	116.314000
1.134644	1.151396	-3.292259	116.413000
1.122587	1.149676	-3.301094	116.513000
1.111463	1.151638	-3.310280	116.613000
1.099683	1.153114	-3.316902	116.713000
1.088385	1.152319	-3.320781	116.813000
1.076673	1.148339	-3.313107	116.914000
1.065237	1.147057	-3.300833	117.013000
1.053225	1.147529	-3.296209	117.113000
1.041810	1.148546	-3.289152	117.213000
1.030137	1.145517	-3.281632	117.314000
1.018831	1.139409	-3.275551	117.413000
1.007099	1.133621	-3.286399	117.514000
0.995402	1.127494	-3.300464	117.614000
0.983334	1.129404	-3.310907	117.713000
0.972023	1.136533	-3.312137	117.813000
0.960667	1.140690	-3.306759	117.913000
0.949124	1.138276	-3.303396	118.013000
0.937538	1.132363	-3.316201	118.114000
0.926052	1.129078	-3.324311	118.213000
0.914633	1.126439	-3.324201	118.313000
0.903068	1.122840	-3.329072	118.413000
0.891483	1.123171	-3.333374	118.514000
0.880159	1.125219	-3.351493	118.613000
0.868579	1.126468	-3.353118	118.713000
0.857342	1.127136	-3.347466	118.813000
0.845698	1.125582	-3.340629	118.913000
0.834207	1.123460	-3.339284	119.013000
0.822608	1.121381	-3.346184	119.113000
0.811253	1.116737	-3.338296	119.213000
0.799433	1.110730	-3.328440	119.313000
0.787670	1.108828	-3.331425	119.413000
0.776000	1.105897	-3.339763	119.513000
0.764619	1.101403	-3.344264	119.613000
0.753243	1.099676	-3.346590	119.713000
0.741691	1.100910	-3.352685	119.814000
0.729941	1.101807	-3.360612	119.913000
0.718011	1.098735	-3.369241	120.013000
0.706532	1.096853	-3.385483	120.113000
0.695012	1.093475	-3.389804	120.213000
0.683645	1.092475	-3.381219	120.313000
0.672053	1.095126	-3.362990	120.413000
0.659943	1.095072	-3.363275	120.513000
0.648212	1.092394	-3.363341	120.613000
0.636685	1.094433	-3.359438	120.713000
0.624941	1.094630	-3.343706	120.813000
0.613428	1.093378	-3.330508	120.913000
0.601755	1.091200	-3.328015	121.013000
0.589884	1.087342	-3.342118	121.113000
0.578309	1.083552	-3.353017	121.213000
0.566649	1.075613	-3.354466	121.313000
0.554953	1.074328	-3.360723	121.414000
0.543401	1.075106	-3.362478	121.513000
0.531664	1.075003	-3.376369	121.614000
0.520143	1.070675	-3.388195	121.713000
0.508400	1.069918	-3.391353	121.813000
0.496941	1.072445	-3.389380	121.913000
0.485429	1.073208	-3.389798	122.014000
0.473574	1.073205	-3.395181	122.113000
0.461352	1.072996	-3.401142	122.213000
0.449632	1.068966	-3.394016	122.313000
0.438044	1.065036	-3.387332	122.413000
0.426509	1.064381	-3.390349	122.513000
0.414926	1.063895	-3.382161	122.613000
0.403590	1.064803	-3.377229	122.714000
0.391858	1.064209	-3.373470	122.813000
0.380221	1.065240	-3.382433	122.913000
0.368623	1.064621	-3.386799	123.013000
0.356982	1.061023	-3.382412	123.113000
0.345536	1.058463	-3.381956	123.214000
0.334161	1.055493	-3.384586	123.313000
0.322746	1.054728	-3.383804	123.413000
0.311097	1.054035	-3.382735	123.513000
0.299576	1.055571	-3.385087	123.613000
0.288224	1.052427	-3.401221	123.713000
0.276880	1.046904	-3.425580	123.813000
0.264953	1.044135	-3.417596	123.913000
0.252975	1.043932	-3.412817	124.013000
0.241223	1.043277	-3.412686	124.114000
0.229552	1.043999	-3.418895	124.213000
0.218118	1.038969	-3.419252	124.313000
0.206377	1.036034	-3.399887	124.413000
0.194707	1.032942	-3.387075	124.513000
0.183096	1.031006	-3.395683	124.613000
0.171083	1.027693	-3.401490	124.713000
0.159597	1.028869	-3.393624	124.813000
0.148055	1.029482	-3.390618	124.913000
0.136402	1.027059	-3.381377	125.013000
0.124362	1.026910	-3.389477	125.113000
0.112721	1.025826	-3.398767	125.213000
0.101089	1.068378	-3.463937	125.313000
0.089780	1.079878	-3.557678	125.413000
0.077505	0.875693	-3.503681	125.513000
0.066127	0.652684	-3.307348	125.613000
0.054230	0.505653	-3.051400	125.713000
0.042563	0.428411	-2.845904	125.813000
0.030795	0.396451	-2.708108	125.913000
0.019394	0.385050	-2.621486	126.013000
0.007269	0.376762	-2.572668	126.113000
-0.004271	0.370979	-2.546454	126.214000
-0.016074	0.371890	-2.515456	126.314000
-0.027682	0.373470	-2.519767	126.413000
-0.039340	0.374067	-2.538518	126.513000
-0.050619	0.491533	-2.825107	126.613000
-0.062337	0.797995	-3.526810	126.713000
-0.074412	0.963302	-3.728059	126.813000
-0.086226	1.006709	-3.650017	126.914000
-0.097869	1.019978	-3.547382	127.013000
-0.109291	1.023945	-3.477961	127.114000
-0.120672	1.028315	-3.434215	127.213000
-0.132516	1.028801	-3.407434	127.313000
-0.144138	1.028681	-3.412462	127.413000
-0.155604	1.030691	-3.403005	127.513000
-0.167177	1.031900	-3.398143	127.613000
-0.178752	1.034344	-3.399261	127.714000
-0.190272	1.039450	-3.386308	127.813000
-0.202011	1.043565	-3.379452	127.913000
-0.213298	1.040059	-3.373483	128.014000
-0.224792	1.038175	-3.367823	128.113000
-0.236371	1.039365	-3.376893	128.214000
-0.247813	1.042492	-3.390462	128.313000
-0.259386	1.043254	-3.405065	128.413000
-0.271706	1.042676	-3.419193	128.513000
-0.283350	1.044260	-3.420105	128.613000
-0.295089	1.048190	-3.420735	128.713000
-0.306738	1.051026	-3.430665	128.813000
-0.318352	1.053389	-3.421190	128.913000
-0.329985	1.051627	-3.412447	129.013000
-0.341870	1.056054	-3.408187	129.113000
-0.353562	1.056793	-3.405255	129.213000
-0.365054	1.055011	-3.400766	129.314000
-0.376443	1.052605	-3.394223	129.413000
-0.387809	1.052234	-3.393868	129.513000
-0.399864	1.058434	-3.390182	129.613000
-0.411789	1.061106	-3.382510	129.713000
-0.423264	1.067423	-3.379245	129.813000
-0.434897	1.069680	-3.385739	129.913000
-0.446270	1.071078	-3.385514	130.014000
-0.457802	1.071475	-3.379431	130.114000
-0.469649	1.069578	-3.369465	130.213000
-0.481447	1.067952	-3.364205	130.313000
-0.493444	1.066202	-3.366721	130.413000
-0.504777	1.068982	-3.369653	130.513000
-0.516196	1.075685	-3.381507	130.613000
-0.528054	1.078855	-3.381071	130.713000
-0.539884	1.080546	-3.366984	130.813000
-0.551386	1.084776	-3.361029	130.913000
-0.562950	1.083395	-3.370014	131.013000
-0.574619	1.079824	-3.376378	131.113000
-0.586087	1.079205	-3.377412	131.213000
-0.597566	1.082317	-3.368734	131.313000
-0.609686	1.082488	-3.368370	131.413000
-0.621198	1.086612	-3.370210	131.513000
-0.632741	1.089555	-3.358866	131.613000
-0.644493	1.091779	-3.347698	131.714000
-0.656015	1.094724	-3.346231	131.813000
-0.667499	1.101485	-3.358765	131.913000
-0.678990	1.107146	-3.368569	132.013000
-0.690803	1.106171	-3.357064	132.113000
-0.702243	1.103792	-3.341928	132.213000
-0.711731	1.103115	-3.333210	132.313000
-0.717532	1.103029	-3.327124	132.413000
-0.721930	1.104237	-3.333164	132.513000
-0.725527	1.103019	-3.346889	132.613000
-0.728669	1.105435	-3.352238	132.713000
-0.731374	1.107609	-3.352302	132.813000
-0.733904	1.105954	-3.362546	132.913000
-0.735959	1.102601	-3.357524	133.013000
-0.738119	1.104364	-3.339638	133.113000
-0.739801	1.104915	-3.338123	133.214000
-0.741504	1.106525	-3.353258	133.313000
-0.743216	1.108738	-3.347838	133.414000
-0.744577	1.111828	-3.348152	133.513000
-0.745742	1.115661	-3.349997	133.613000
-0.747094	1.116478	-3.348488	133.713000
-0.748322	1.113830	-3.345272	133.813000
-0.749359	1.108950	-3.341408	133.913000
-0.750681	1.103912	-3.338976	134.014000
-0.751564	1.099720	-3.326210	134.113000
-0.752681	1.101590	-3.322151	134.213000
-0.753709	1.107863	-3.319765	134.313000
-0.754480	1.109015	-3.331159	134.413000
-0.755211	1.107415	-3.351767	134.513000
-0.755839	1.106821	-3.360027	134.613000
-0.756608	1.110613	-3.340181	134.713000
-0.757306	1.111805	-3.326843	134.814000
-0.758049	1.110763	-3.322946	134.913000
-0.758782	1.110982	-3.329209	135.013000
-0.759603	1.112970	-3.343200	135.113000
-0.760137	1.116417	-3.357483	135.213000
-0.760831	1.116628	-3.362851	135.313000
-0.761204	1.114839	-3.364619	135.413000
-0.761742	1.113108	-3.367608	135.513000
-0.762163	1.111603	-3.356381	135.613000
-0.762826	1.113540	-3.341452	135.713000
-0.763252	1.113086	-3.339891	135.813000
-0.763963	1.113154	-3.348004	135.913000
-0.764363	1.109081	-3.355019	136.013000
-0.764972	1.112117	-3.370428	136.113000
-0.765024	1.117011	-3.362157	136.213000
-0.765574	1.116038	-3.348777	136.314000
-0.765887	1.113240	-3.348028	136.413000
-0.766298	1.112586	-3.353700	136.513000
-0.766810	1.108398	-3.349918	136.613000
-0.767045	1.110312	-3.338908	136.714000
-0.767325	1.111830	-3.330627	136.813000
-0.767676	1.111770	-3.319403	136.914000
-0.768174	1.113068	-3.323787	137.013000
-0.768425	1.115929	-3.331662	137.113000
-0.768786	1.118459	-3.322548	137.213000
-0.768719	1.117652	-3.327565	137.313000
-0.769173	1.116657	-3.350577	137.413000
-0.769522	1.116501	-3.362524	137.513000
-0.769708	1.116146	-3.346775	137.613000
-0.770016	1.115915	-3.329125	137.713000
-0.770367	1.114221	-3.327869	137.814000
-0.770456	1.112183	-3.337365	137.913000
-0.770754	1.108903	-3.349561	138.013000
-0.770994	1.107591	-3.350424	138.114000
-0.771160	1.109343	-3.340409	138.214000
-0.771324	1.110700	-3.347921	138.314000
-0.771629	1.111847	-3.356895	138.413000
-0.771825	1.116873	-3.355877	138.513000
-0.771922	1.114709	-3.350551	138.613000
-0.772254	1.111379	-3.337584	138.713000
-0.772456	1.112200	-3.336913	138.813000
-0.772613	1.115374	-3.349453	138.913000
-0.772732	1.116063	-3.360529	139.013000
-0.772985	1.114607	-3.367527	139.113000
-0.773328	1.111989	-3.361447	139.213000
-0.773379	1.114998	-3.342746	139.313000
-0.773655	1.118684	-3.323458	139.413000
-0.773663	1.118481	-3.322501	139.513000
-0.773837	1.118996	-3.322903	139.613000
-0.774007	1.117600	-3.314572	139.713000
-0.774032	1.119706	-3.323039	139.813000
-0.774251	1.121061	-3.343019	139.913000
-0.774427	1.116624	-3.339919	140.013000
-0.774598	1.117066	-3.334688	140.113000
-0.774673	1.118745	-3.342175	140.214000
-0.774795	1.113754	-3.340276	140.313000
-0.774977	1.111899	-3.331320	140.413000
-0.775032	1.112364	-3.331981	140.513000
-0.775203	1.113448	-3.342311	140.613000
-0.775389	1.114268	-3.345952	140.714000
-0.775445	1.114299	-3.336197	140.813000
-0.775754	1.114346	-3.330325	140.913000
-0.775988	1.116237	-3.325600	141.013000
-0.775989	1.118932	-3.324319	141.113000
-0.776032	1.120965	-3.326801	141.213000
-0.776218	1.120162	-3.325155	141.313000
-0.776319	1.115474	-3.325217	141.413000
-0.776290	1.109944	-3.342475	141.513000
-0.776421	1.105291	-3.354522	141.613000
-0.776653	1.104424	-3.342243	141.713000
-0.776706	1.110884	-3.332391	141.813000
-0.776672	1.111590	-3.330622	141.913000
-0.776652	1.108771	-3.326177	142.013000
-0.777111	1.108880	-3.321910	142.113000
-0.777054	1.117230	-3.322206	142.213000
-0.776910	1.121148	-3.325788	142.313000
-0.776982	1.121060	-3.327813	142.413000
-0.777125	1.118562	-3.336058	142.513000
-0.777453	1.115253	-3.334229	142.613000
-0.777340	1.111912	-3.333524	142.713000
-0.777323	1.111221	-3.337620	142.813000
-0.777460	1.113882	-3.347333	142.913000
-0.777629	1.118244	-3.349981	143.013000
-0.777745	1.119317	-3.348553	143.113000
-0.777820	1.117242	-3.359382	143.213000
-0.777790	1.116117	-3.365977	143.313000
-0.777926	1.111974	-3.356746	143.413000
-0.778079	1.114013	-3.341950	143.513000
-0.778189	1.122947	-3.336807	143.614000
-0.778094	1.121436	-3.340806	143.713000
-0.778346	1.117735	-3.336948	143.813000
-0.778045	1.112993	-3.336436	143.913000
-0.778212	1.112069	-3.332339	144.014000
-0.778474	1.113931	-3.339046	144.113000
-0.778323	1.116127	-3.344864	144.213000
-0.778376	1.123314	-3.347735	144.313000
-0.778341	1.124479	-3.344501	144.413000
-0.778575	1.121687	-3.333764	144.514000
-0.778515	1.116915	-3.335098	144.613000
-0.778592	1.112667	-3.338833	144.713000
-0.778630	1.115472	-3.340711	144.813000
-0.778915	1.120846	-3.333789	144.914000
-0.778823	1.120333	-3.334217	145.013000
-0.778940	1.115564	-3.334978	145.113000
-0.778939	1.113749	-3.321739	145.213000
-0.778731	1.112544	-3.308582	145.313000
-0.778934	1.114533	-3.311234	145.413000
-0.779104	1.116162	-3.316356	145.513000
-0.778831	1.111760	-3.329874	145.613000
-0.779043	1.112664	-3.328172	145.713000
-0.779107	1.118270	-3.315834	145.813000
-0.778866	1.119257	-3.312957	145.913000
-0.779188	1.117803	-3.325248	146.014000
-0.779062	1.116895	-3.327150	146.113000
-0.779062	1.119195	-3.322893	146.213000
-0.778966	1.118814	-3.322716	146.313000
-0.778948	1.115915	-3.333546	146.413000
-0.779198	1.114554	-3.344026	146.513000
-0.778967	1.116855	-3.350055	146.613000
-0.779134	1.117096	-3.362692	146.713000
-0.779283	1.119611	-3.360668	146.814000
-0.779162	1.118587	-3.333808	146.914000
-0.779213	1.117237	-3.321477	147.013000
-0.779369	1.120516	-3.333840	147.114000
-0.779361	1.127022	-3.344807	147.213000
-0.779336	1.129270	-3.347698	147.313000
-0.779217	1.126355	-3.349228	147.413000
-0.779381	1.123823	-3.343644	147.513000
-0.779344	1.124920	-3.341163	147.613000
-0.779202	1.123245	-3.342624	147.713000
-0.779509	1.120692	-3.340187	147.814000
-0.779339	1.115791	-3.340237	147.914000
-0.779548	1.111866	-3.342381	148.013000
-0.779520	1.109764	-3.342929	148.113000
-0.779513	1.111483	-3.343700	148.213000
-0.779468	1.109700	-3.340160	148.314000
-0.779694	1.110177	-3.334690	148.413000
-0.779759	1.113361	-3.330847	148.513000
-0.779623	1.119059	-3.324219	148.613000
-0.779610	1.118429	-3.325524	148.713000
-0.779907	1.113521	-3.336928	148.813000
-0.779781	1.109247	-3.340817	148.913000
-0.779822	1.107376	-3.337973	149.014000
-0.779685	1.110660	-3.330414	149.113000
-0.779685	1.112839	-3.322811	149.213000
-0.779794	1.114202	-3.334281	149.314000
-0.779815	1.114999	-3.337267	149.413000
-0.780015	1.115885	-3.343417	149.513000
-0.780004	1.114226	-3.352067	149.613000
-0.780089	1.111680	-3.348036	149.713000
-0.780135	1.114739	-3.344001	149.813000
-0.780099	1.117248	-3.344530	149.913000
-0.780254	1.117008	-3.358525	150.013000
-0.780134	1.116866	-3.363262	150.113000
-0.780003	1.116939	-3.358712	150.213000
-0.779943	1.115310	-3.351856	150.313000
-0.780292	1.113518	-3.345745	150.413000
-0.780372	1.113796	-3.348833	150.513000
-0.780230	1.114181	-3.351455	150.613000
-0.780193	1.114698	-3.349129	150.713000
-0.780267	1.111502	-3.337490	150.813000
-0.780317	1.113154	-3.330243	150.913000
-0.780478	1.116257	-3.327981	151.013000
-0.780559	1.117845	-3.325840	151.113000
-0.780487	1.117737	-3.320361	151.213000
-0.780192	1.118165	-3.315486	151.313000
-0.780129	1.120850	-3.330367	151.413000
-0.780420	1.119784	-3.347010	151.513000
-0.780398	1.116568	-3.353809	151.613000
-0.780317	1.117361	-3.354598	151.713000
-0.780326	1.119195	-3.350235	151.813000
-0.780122	1.118893	-3.345702	151.913000
-0.780552	1.115966	-3.349082	152.013000
-0.780214	1.117098	-3.346566	152.113000
-0.780338	1.118803	-3.333146	152.213000
-0.780107	1.120069	-3.313897	152.313000
-0.780342	1.122455	-3.313674	152.414000
-0.780488	1.119887	-3.322235	152.513000
-0.780320	1.116914	-3.331498	152.613000
-0.780608	1.110864	-3.338113	152.713000
-0.780391	1.105790	-3.341549	152.813000
-0.780541	1.101023	-3.337851	152.913000
-0.780331	1.103300	-3.333506	153.014000
-0.780114	1.107175	-3.325266	153.113000
-0.780268	1.111207	-3.315651	153.213000
-0.780287	1.116862	-3.319927	153.313000
-0.780367	1.118125	-3.315794	153.413000
-0.780286	1.115371	-3.318192	153.513000
-0.780010	1.109079	-3.333553	153.613000
-0.780183	1.106905	-3.349876	153.713000
-0.780102	1.108756	-3.360391	153.813000
-0.780359	1.113989	-3.374035	153.913000
-0.780132	1.122507	-3.370858	154.013000
-0.780285	1.123976	-3.356975	154.113000
-0.780331	1.122043	-3.341883	154.213000
-0.780458	1.114544	-3.340044	154.313000
-0.780302	1.113942	-3.347627	154.413000
-0.780202	1.113008	-3.349166	154.513000
-0.780080	1.110433	-3.348492	154.613000
-0.780150	1.107264	-3.344310	154.713000
-0.780606	1.110133	-3.341777	154.813000
-0.780457	1.110988	-3.343197	154.914000
-0.780477	1.113020	-3.336068	155.013000
-0.780543	1.118226	-3.331429	155.113000
-0.780589	1.121118	-3.336560	155.213000
-0.780692	1.119159	-3.337408	155.313000
-0.780574	1.117317	-3.329555	155.413000
-0.780758	1.119221	-3.337457	155.514000
-0.780660	1.118667	-3.321889	155.613000
-0.780660	1.118571	-3.313325	155.713000
-0.780699	1.120456	-3.325563	155.813000
-0.780522	1.118609	-3.339931	155.913000
-0.780568	1.115791	-3.353861	156.013000
-0.780623	1.114330	-3.356265	156.113000
-0.780646	1.109214	-3.355839	156.214000
-0.780651	1.106148	-3.359891	156.313000
-0.780429	1.107512	-3.357678	156.413000
-0.780568	1.111243	-3.356881	156.513000
-0.780489	1.114828	-3.356862	156.614000
-0.780656	1.117677	-3.354549	156.713000
-0.780663	1.117458	-3.354308	156.814000
-0.780538	1.117000	-3.361602	156.914000
-0.780550	1.121389	-3.361688	157.013000
-0.780631	1.122455	-3.362017	157.113000
-0.780575	1.118233	-3.369214	157.213000
-0.780627	1.112268	-3.375501	157.314000
-0.780522	1.111060	-3.383668	157.413000
-0.780506	1.110681	-3.373198	157.513000
-0.780603	1.109564	-3.348160	157.614000
-0.780818	1.112432	-3.338844	157.713000
-0.780619	1.116858	-3.336106	157.813000
-0.780631	1.116563	-3.342206	157.913000
-0.780530	1.114722	-3.345090	158.013000
-0.780559	1.114230	-3.332476	158.114000
-0.780329	1.115112	-3.329559	158.213000
-0.780762	1.116925	-3.334260	158.313000
-0.780623	1.120816	-3.339107	158.413000
-0.780657	1.120643	-3.340891	158.513000
-0.780778	1.113303	-3.353796	158.613000
-0.780788	1.114404	-3.361420	158.713000
-0.780681	1.118450	-3.370033	158.813000
-0.780435	1.114878	-3.379773	158.913000
