NaN	NaN	NaN	11.403000
0.042783	0.073342	-5.831080	11.503000
0.042950	0.076166	-5.896487	11.603000
0.042948	0.081408	-5.947454	11.703000
0.042734	0.081632	-5.761881	11.803000
0.043071	0.078620	-5.704221	11.903000
0.043103	0.076259	-5.802386	12.003000
0.043165	0.073520	-5.956920	12.103000
0.042835	0.073034	-5.909977	12.203000
0.042888	0.077971	-5.977583	12.303000
0.043299	0.082922	-6.183124	12.403000
0.042891	0.083131	-6.354971	12.503000
0.042857	0.084112	-6.283768	12.603000
0.042857	0.080056	-6.185099	12.703000
0.043177	0.078047	-6.195625	12.803000
0.042696	0.072949	-6.408871	12.903000
0.043091	0.067538	-6.514606	13.003000
0.042827	0.068389	-6.213813	13.103000
0.042853	0.076985	-5.909142	13.203000
0.043023	0.078915	-5.944763	13.303000
0.044951	0.080868	-6.050322	13.403000
0.050850	0.080776	-6.097989	13.503000
0.057523	0.082871	-6.047804	13.603000
0.064683	0.082554	-5.960663	13.703000
0.072015	0.080874	-5.983730	13.803000
0.080063	0.080607	-5.999748	13.903000
0.088115	0.081137	-6.127252	14.003000
0.096445	0.085111	-6.221933	14.103000
0.104677	0.085709	-6.214155	14.203000
0.113611	0.083196	-6.116211	14.303000
0.122416	0.078992	-5.811633	14.403000
0.131687	0.076072	-5.519194	14.503000
0.139984	0.075044	-5.696127	14.603000
0.149148	0.078273	-6.096212	14.703000
0.158213	0.077442	-6.237537	14.803000
0.167282	0.076296	-6.155905	14.903000
0.176850	0.077625	-6.002516	15.003000
0.186081	0.078112	-5.938820	15.103000
0.195185	0.079141	-5.965589	15.203000
0.204432	0.079184	-5.963604	15.303000
0.213757	0.078541	-6.074737	15.403000
0.223707	0.082924	-6.218550	15.503000
0.233170	0.084469	-6.200856	15.603000
0.242271	0.079312	-6.192563	15.704000
0.252021	0.075913	-6.217765	15.803000
0.261451	0.075308	-6.023862	15.903000
0.271263	0.071970	-5.659389	16.003000
0.281361	0.073039	-5.488461	16.103000
0.290816	0.076746	-5.596408	16.203000
0.300651	0.074926	-5.538224	16.303000
0.310286	0.077668	-5.718500	16.403000
0.319785	0.080440	-5.992058	16.503000
0.329616	0.084072	-5.932847	16.603000
0.339929	0.085452	-5.907075	16.703000
0.349405	0.083421	-5.945097	16.803000
0.359063	0.085089	-5.890683	16.903000
0.368854	0.085804	-5.892026	17.003000
0.379007	0.083906	-5.852465	17.103000
0.388910	0.082233	-5.738064	17.203000
0.399125	0.081694	-5.718434	17.303000
0.408918	0.083261	-5.807939	17.403000
0.418906	0.085259	-5.887138	17.503000
0.428756	0.086468	-6.009179	17.603000
0.438701	0.086768	-6.097921	17.703000
0.448632	0.089160	-6.136414	17.803000
0.458729	0.091117	-6.089666	17.903000
0.468595	0.096171	-5.955147	18.003000
0.478569	0.095516	-5.841168	18.103000
0.488436	0.088934	-5.858479	18.203000
0.498450	0.085921	-6.109778	18.303000
0.508967	0.082639	-6.283544	18.403000
0.518879	0.080513	-6.085413	18.503000
0.528933	0.079550	-5.821368	18.603000
0.539166	0.078998	-5.620654	18.703000
0.549368	0.078136	-5.657111	18.803000
0.559534	0.076555	-5.948368	18.903000
0.570016	0.076163	-6.094316	19.003000
0.580458	0.078332	-6.155017	19.103000
0.590503	0.079407	-6.178125	19.203000
0.600190	0.074898	-6.241838	19.303000
0.610748	0.073910	-5.996963	19.403000
0.621181	0.075651	-5.815841	19.503000
0.631531	0.076633	-5.791560	19.603000
0.641990	0.077385	-5.900864	19.703000
0.652111	0.077830	-6.066793	19.803000
0.662394	0.083402	-6.107974	19.903000
0.672864	0.086251	-6.104807	20.003000
0.683781	0.081626	-6.098143	20.103000
0.694157	0.081761	-5.913772	20.203000
0.704324	0.084303	-5.858253	20.303000
0.714680	0.085508	-6.029931	20.403000
0.725177	0.082026	-6.122170	20.503000
0.735662	0.083136	-6.111602	20.603000
0.746534	0.083235	-6.049090	20.703000
0.756696	0.079002	-5.927344	20.803000
0.766958	0.077007	-5.999940	20.903000
0.777621	0.077376	-6.323712	21.003000
0.788148	0.082015	-6.353984	21.103000
0.798680	0.078856	-6.371451	21.203000
0.809785	0.077169	-6.204998	21.303000
0.819965	0.079386	-5.877287	21.403000
0.830352	0.082168	-5.494524	21.503000
0.841070	0.084747	-5.581048	21.603000
0.851294	0.081350	-5.943909	21.703000
0.862567	0.082213	-6.199115	21.803000
0.873526	0.085116	-6.293887	21.903000
0.883754	0.080160	-5.986551	22.003000
0.894591	0.080670	-5.696628	22.103000
0.905180	0.075870	-5.828919	22.203000
0.915505	0.073629	-6.016655	22.303000
0.925869	0.074551	-6.053276	22.403000
0.936648	0.079476	-6.091794	22.503000
0.946688	0.081474	-6.174905	22.603000
0.957255	0.074650	-6.135699	22.703000
0.968259	0.074175	-5.838066	22.803000
0.978693	0.075551	-5.697455	22.903000
0.989396	0.076570	-5.856259	23.003000
1.000212	0.074836	-6.079247	23.103000
1.010551	0.074381	-5.905277	23.203000
1.021457	0.080017	-5.834656	23.303000
1.031652	0.080753	-6.037775	23.403000
1.043032	0.078690	-6.068445	23.503000
1.054392	0.080541	-6.074533	23.603000
1.064273	0.077598	-5.996811	23.703000
1.074988	0.073548	-5.958071	23.803000
1.085606	0.072691	-5.701365	23.903000
1.097205	0.076747	-5.538354	24.003000
1.107945	0.081461	-5.646125	24.103000
1.118683	0.088543	-5.707906	24.203000
1.129549	0.097379	-5.789213	24.303000
1.140094	0.090862	-5.970164	24.403000
1.151067	0.082226	-5.953148	24.503000
1.161973	0.086463	-5.643386	24.603000
1.173614	0.085378	-5.413010	24.703000
1.184134	0.081518	-5.449655	24.803000
1.194035	0.079027	-5.524084	24.903000
1.205659	0.079198	-5.655861	25.003000
1.216392	0.079624	-5.887084	25.103000
1.226935	0.081736	-5.722261	25.203000
1.238979	0.083471	-5.646967	25.303000
1.249685	0.085248	-5.643062	25.403000
1.260232	0.086373	-5.781630	25.503000
1.271197	0.087911	-5.943923	25.603000
1.282032	0.086670	-6.007792	25.703000
1.293050	0.084840	-5.974403	25.803000
1.304038	0.086897	-5.929202	25.903000
1.314651	0.089290	-5.961659	26.003000
1.325892	0.083234	-5.802953	26.103000
1.337089	0.077654	-5.583255	26.203000
1.347364	0.076001	-5.571861	26.303000
1.359278	0.074544	-5.663354	26.403000
1.369890	0.074614	-5.679550	26.503000
1.380749	0.078435	-5.588924	26.603000
1.391366	0.079903	-5.662818	26.703000
1.402734	0.079484	-5.755915	26.803000
1.414105	0.074652	-5.844765	26.903000
1.424289	0.073659	-5.750959	27.003000
1.434945	0.075754	-5.801623	27.103000
1.445764	0.079208	-5.841934	27.203000
1.457398	0.083754	-5.922600	27.303000
1.468815	0.090654	-6.009720	27.403000
1.478698	0.089910	-5.958454	27.503000
1.489920	0.085999	-5.914268	27.603000
1.500758	0.085979	-6.038175	27.703000
1.511613	0.089114	-6.132120	27.803000
1.522378	0.084459	-6.066245	27.903000
1.533415	0.083612	-5.944906	28.003000
1.545492	0.083439	-5.985637	28.103000
1.555628	0.086123	-6.160103	28.203000
1.567707	0.088269	-6.257851	28.303000
1.579221	0.087244	-6.319140	28.403000
1.589920	0.080809	-6.110204	28.503000
1.598692	0.080248	-5.937879	28.603000
1.611619	0.083166	-6.131895	28.703000
1.622822	0.088110	-6.214902	28.803000
1.632487	0.093856	-6.243631	28.903000
1.644820	0.093945	-6.125404	29.003000
1.655129	0.089818	-5.902740	29.103000
1.667205	0.086211	-5.895394	29.203000
1.678547	0.087017	-5.880008	29.303000
1.689390	0.093252	-5.785891	29.403000
1.700850	0.093791	-5.778077	29.503000
1.711768	0.092552	-5.979893	29.603000
1.722617	0.092703	-6.128347	29.703000
1.733527	0.095370	-6.098587	29.803000
1.744994	0.095871	-6.060482	29.903000
1.756007	0.097670	-6.031368	30.003000
1.767396	0.096981	-6.065541	30.103000
1.778239	0.094943	-6.186542	30.203000
1.789502	0.091882	-6.193774	30.303000
1.800403	0.095230	-6.160774	30.403000
1.813157	0.095945	-6.183485	30.503000
1.822640	0.099171	-6.118386	30.603000
1.836666	0.103371	-6.087102	30.703000
1.848206	0.106070	-6.037114	30.803000
1.858993	0.107829	-6.141790	30.903000
1.866005	0.105079	-6.228215	31.003000
1.880809	0.107368	-6.097271	31.103000
1.888949	0.109058	-5.902664	31.203000
1.902450	0.107815	-5.921801	31.303000
1.913046	0.108936	-6.072302	31.403000
1.924395	0.110461	-6.103361	31.503000
1.935673	0.114004	-6.069891	31.603000
1.946256	0.114532	-6.023827	31.703000
1.957258	0.116935	-6.023888	31.803000
1.968299	0.118076	-5.876460	31.903000
1.979795	0.122711	-5.758895	32.003000
1.990884	0.129800	-5.906795	32.103000
2.002149	0.135499	-5.997947	32.203000
2.013410	0.138687	-6.045419	32.303000
2.024908	0.141937	-6.176096	32.403000
2.035762	0.146730	-6.353544	32.503000
2.047373	0.151869	-6.356340	32.603000
2.056249	0.166553	-6.245568	32.703000
2.069957	0.181656	-6.250959	32.803000
2.081583	0.191238	-6.321562	32.903000
2.093949	0.197402	-6.393353	33.003000
2.101931	0.214472	-6.415039	33.103000
2.112674	0.233169	-6.533324	33.203000
2.127223	0.246710	-6.664780	33.303000
2.140350	0.254315	-6.760338	33.403000
2.146405	0.254882	-6.834225	33.503000
2.160653	0.253618	-6.886100	33.603000
2.173442	0.253593	-6.875230	33.703000
2.179649	0.252491	-6.853554	33.803000
2.196402	0.253063	-6.762780	33.903000
2.203132	0.256147	-6.707452	34.003000
2.215655	0.254559	-6.757523	34.103000
2.227704	0.262670	-6.832706	34.203000
2.239358	0.268403	-6.874745	34.303000
2.250722	0.279686	-6.814541	34.403000
2.262246	0.293111	-6.725569	34.503000
2.273787	0.307494	-6.650029	34.603000
2.284570	0.329749	-6.644037	34.703000
2.296040	0.348711	-6.639720	34.803000
2.306958	0.369671	-6.602333	34.903000
2.318228	0.392173	-6.574435	35.003000
2.329530	0.414629	-6.543917	35.103000
2.341652	0.430973	-6.493086	35.203000
2.352627	0.439953	-6.404338	35.303000
2.363745	0.440885	-6.322184	35.403000
2.375598	0.429114	-6.233452	35.503000
2.387012	0.398755	-6.120938	35.603000
2.398381	0.356463	-5.933041	35.703000
2.409524	0.325285	-5.763436	35.803000
2.420836	0.306771	-5.656035	35.903000
2.432138	0.290033	-5.589103	36.003000
2.443597	0.282287	-5.574107	36.103000
2.455250	0.281257	-5.573576	36.203000
2.465883	0.284030	-5.580869	36.303000
2.477009	0.287704	-5.574160	36.403000
2.488772	0.288674	-5.544537	36.503000
2.500364	0.288509	-5.536252	36.603000
2.511859	0.286927	-5.524022	36.703000
2.522915	0.287448	-5.510883	36.803000
2.534365	0.287754	-5.507512	36.903000
2.546204	0.287108	-5.463628	37.003000
2.556818	0.292831	-5.428829	37.103000
2.568325	0.294255	-5.434040	37.203000
2.579539	0.301364	-5.401656	37.303000
2.590929	0.311182	-5.349184	37.404000
2.603471	0.315007	-5.319847	37.503000
2.614024	0.314761	-5.302689	37.603000
2.624362	0.309454	-5.263399	37.703000
2.637943	0.310137	-5.270151	37.803000
2.647035	0.313821	-5.305287	37.903000
2.661084	0.320605	-5.340172	38.003000
2.669526	0.330652	-5.384265	38.103000
2.683487	0.332773	-5.387029	38.203000
2.693707	0.331905	-5.298053	38.303000
2.703473	0.329938	-5.237595	38.403000
2.714800	0.330875	-5.223241	38.503000
2.726205	0.329633	-5.205459	38.603000
2.739138	0.331338	-5.172230	38.703000
2.752003	0.333209	-5.148817	38.803000
2.761163	0.338078	-5.144172	38.903000
2.772825	0.339160	-5.162934	39.003000
2.783913	0.343575	-5.158384	39.103000
2.797346	0.349008	-5.146066	39.203000
2.806068	0.348306	-5.109734	39.303000
2.819955	0.343537	-5.074061	39.403000
2.827836	0.347712	-5.082465	39.503000
2.841574	0.353081	-5.137614	39.603000
2.852463	0.354122	-5.171756	39.703000
2.862454	0.352187	-5.145356	39.803000
2.874307	0.355518	-5.103047	39.903000
2.886704	0.358065	-5.071463	40.003000
2.897953	0.361003	-5.031251	40.103000
2.908780	0.361400	-5.020885	40.203000
2.920051	0.362415	-5.011756	40.303000
2.931571	0.364456	-4.933792	40.403000
2.943029	0.365084	-4.889086	40.503000
2.955105	0.366525	-4.889833	40.603000
2.965973	0.365293	-4.924813	40.703000
2.977158	0.363570	-4.968583	40.803000
2.988307	0.362358	-4.948213	40.903000
2.999618	0.362078	-4.951648	41.003000
3.010256	0.360166	-4.935705	41.103000
3.021865	0.359524	-4.924700	41.203000
3.033592	0.364896	-4.890845	41.303000
3.044944	0.370015	-4.882139	41.403000
3.056018	0.373777	-4.869627	41.503000
3.068043	0.376489	-4.820241	41.603000
3.076744	0.378333	-4.802060	41.703000
3.090278	0.382791	-4.823480	41.803000
3.101857	0.378255	-4.827797	41.903000
3.112859	0.378338	-4.813640	42.003000
3.124276	0.381831	-4.833011	42.103000
3.135760	0.380173	-4.824988	42.203000
3.147540	0.379896	-4.795361	42.303000
3.158570	0.380296	-4.799675	42.403000
3.169609	0.381314	-4.799708	42.503000
3.181049	0.378338	-4.806194	42.603000
3.193315	0.384506	-4.815784	42.703000
3.204055	0.390037	-4.813452	42.803000
3.215722	0.390882	-4.754748	42.903000
3.227046	0.389538	-4.677145	43.003000
3.238483	0.391259	-4.650988	43.103000
3.250098	0.391950	-4.619006	43.203000
3.261707	0.398091	-4.605956	43.303000
3.272764	0.401813	-4.596051	43.403000
3.284642	0.401028	-4.577039	43.503000
3.295924	0.397332	-4.562042	43.603000
3.307250	0.389935	-4.513573	43.703000
3.318559	0.379747	-4.561372	43.803000
3.330330	0.376339	-4.589893	43.903000
3.341191	0.384396	-4.613038	44.003000
3.352951	0.393689	-4.640802	44.103000
3.364439	0.399411	-4.601283	44.203000
3.375744	0.400955	-4.568057	44.303000
3.387957	0.394569	-4.577536	44.403000
3.398072	0.391248	-4.590862	44.503000
3.409732	0.394608	-4.582465	44.603000
3.422108	0.394920	-4.569749	44.703000
3.433248	0.392021	-4.593425	44.803000
3.444738	0.396329	-4.613899	44.903000
3.455651	0.395294	-4.577980	45.003000
3.466759	0.398740	-4.563113	45.103000
3.478266	0.403678	-4.573459	45.203000
3.490021	0.404178	-4.586971	45.303000
3.501057	0.404657	-4.585185	45.403000
3.512403	0.401654	-4.593236	45.503000
3.523246	0.408102	-4.608047	45.603000
3.535367	0.414966	-4.630160	45.703000
3.546565	0.410972	-4.605456	45.803000
3.556556	0.404063	-4.563708	45.903000
3.569200	0.399830	-4.553114	46.003000
3.580538	0.400789	-4.545868	46.103000
3.590412	0.401160	-4.532453	46.203000
3.603212	0.401927	-4.547703	46.303000
3.614236	0.405783	-4.537887	46.403000
3.625652	0.408160	-4.521888	46.503000
3.636461	0.410033	-4.475145	46.603000
3.648901	0.412591	-4.460757	46.703000
3.660123	0.414402	-4.434876	46.803000
3.670999	0.412722	-4.428290	46.903000
3.682230	0.411961	-4.464833	47.003000
3.695382	0.411904	-4.494993	47.103000
3.704401	0.409075	-4.488474	47.203000
3.717741	0.405036	-4.460515	47.303000
3.728608	0.407166	-4.447762	47.403000
3.740157	0.408195	-4.436623	47.503000
3.751543	0.406414	-4.417628	47.603000
3.762114	0.402686	-4.433133	47.703000
3.773997	0.407131	-4.461008	47.803000
3.785142	0.411904	-4.442058	47.903000
3.798038	0.410558	-4.427166	48.003000
3.808318	0.409182	-4.446195	48.103000
3.819186	0.409947	-4.431659	48.203000
3.832222	0.406872	-4.408762	48.303000
3.841296	0.404220	-4.391831	48.403000
3.854967	0.397857	-4.395454	48.503000
3.864472	0.392798	-4.394577	48.603000
3.877530	0.398218	-4.367848	48.703000
3.887847	0.405570	-4.324449	48.803000
3.900689	0.406749	-4.325258	48.903000
3.910011	0.406907	-4.339374	49.003000
3.923489	0.408463	-4.355730	49.103000
3.933593	0.405388	-4.407551	49.203000
3.944737	0.404191	-4.434197	49.303000
3.957849	0.404575	-4.459187	49.403000
3.967870	0.410429	-4.462089	49.503000
3.979688	0.406833	-4.418813	49.603000
3.991322	0.402749	-4.361521	49.703000
4.001457	0.406325	-4.352507	49.803000
4.012582	0.410203	-4.320282	49.903000
4.024760	0.408248	-4.324056	50.003000
4.035844	0.402687	-4.349939	50.103000
4.047056	0.399979	-4.345514	50.203000
4.058041	0.397289	-4.315696	50.304000
4.069817	0.398337	-4.285236	50.404000
4.080737	0.398110	-4.280928	50.503000
4.092098	0.400555	-4.297250	50.603000
4.103453	0.396772	-4.315776	50.703000
4.114902	0.392234	-4.299492	50.803000
4.126085	0.397027	-4.249110	50.903000
4.137748	0.405814	-4.228084	51.003000
4.148750	0.411781	-4.262280	51.103000
4.160740	0.408565	-4.250979	51.203000
4.171604	0.409760	-4.274764	51.303000
4.183020	0.407932	-4.286054	51.403000
4.194629	0.406738	-4.303128	51.503000
4.205647	0.406015	-4.350969	51.603000
4.217281	0.400136	-4.354817	51.703000
4.228132	0.399403	-4.371536	51.803000
4.240024	0.405232	-4.362087	51.903000
4.251152	0.407026	-4.343369	52.003000
4.262871	0.410696	-4.293417	52.103000
4.274652	0.409022	-4.245200	52.203000
4.285748	0.404704	-4.257608	52.303000
4.296814	0.402400	-4.283760	52.403000
4.308116	0.400589	-4.278249	52.503000
4.319461	0.399329	-4.294817	52.603000
4.331143	0.397289	-4.293289	52.703000
4.341926	0.400538	-4.287986	52.803000
4.353862	0.405836	-4.319283	52.903000
4.364670	0.406503	-4.358106	53.003000
4.376199	0.403997	-4.355631	53.103000
4.386847	0.399518	-4.340166	53.203000
4.399231	0.397395	-4.353475	53.303000
4.411076	0.401695	-4.369267	53.403000
4.422395	0.403068	-4.388600	53.503000
4.432198	0.403625	-4.353361	53.603000
4.443703	0.401734	-4.317588	53.703000
4.457735	0.405098	-4.330775	53.803000
4.466190	0.404563	-4.352679	53.903000
4.479932	0.405149	-4.326767	54.003000
4.489095	0.407741	-4.318479	54.103000
4.502270	0.405895	-4.290000	54.203000
4.511065	0.404207	-4.244926	54.303000
4.524381	0.404374	-4.232656	54.403000
4.533408	0.405624	-4.248790	54.503000
4.544917	0.406256	-4.287499	54.603000
4.558904	0.403352	-4.310779	54.703000
4.567476	0.400546	-4.324708	54.803000
4.577721	0.398642	-4.351967	54.903000
4.592429	0.399611	-4.326401	55.003000
4.601911	0.403567	-4.312612	55.103000
4.611526	0.400046	-4.275593	55.203000
4.625850	0.396960	-4.282964	55.303000
4.637484	0.396519	-4.297687	55.403000
4.648504	0.397977	-4.272772	55.503000
4.660156	0.400405	-4.284855	55.603000
4.670377	0.396986	-4.340399	55.703000
4.681686	0.398463	-4.329926	55.803000
4.691284	0.403403	-4.282818	55.903000
4.701616	0.405295	-4.228972	56.003000
4.713297	0.405557	-4.181008	56.103000
4.725052	0.412887	-4.230307	56.203000
4.737245	0.418905	-4.282570	56.303000
4.749486	0.417107	-4.296643	56.403000
4.761454	0.413398	-4.288602	56.503000
4.772807	0.412405	-4.304866	56.603000
4.784248	0.407174	-4.287673	56.703000
4.795751	0.402007	-4.278740	56.803000
4.806949	0.396797	-4.245022	56.903000
4.818036	0.398664	-4.251546	57.003000
4.828606	0.399795	-4.264205	57.103000
4.840173	0.398599	-4.282926	57.203000
4.851953	0.397241	-4.283536	57.303000
4.860667	0.400465	-4.282337	57.403000
4.872292	0.407657	-4.286623	57.503000
4.886383	0.415629	-4.290573	57.603000
4.896080	0.416243	-4.305334	57.703000
4.904985	0.410879	-4.322242	57.803000
4.919882	0.405042	-4.314748	57.903000
4.930190	0.399974	-4.308846	58.003000
4.939780	0.393568	-4.302431	58.103000
4.952881	0.393551	-4.277017	58.203000
4.962704	0.396577	-4.306478	58.303000
4.975266	0.401132	-4.317896	58.403000
4.985062	0.405320	-4.309794	58.503000
4.998627	0.404839	-4.284408	58.603000
5.008101	0.405626	-4.253992	58.703000
5.019444	0.404473	-4.294747	58.803000
5.031419	0.402775	-4.327716	58.903000
5.042276	0.401023	-4.336456	59.003000
5.052843	0.399749	-4.338022	59.103000
5.064565	0.396476	-4.340018	59.203000
5.074746	0.392740	-4.351260	59.303000
5.086520	0.391798	-4.347698	59.403000
5.098614	0.391788	-4.315529	59.503000
5.110112	0.397526	-4.281764	59.603000
5.120675	0.403302	-4.308283	59.703000
5.131846	0.402057	-4.290717	59.803000
5.142805	0.399503	-4.327561	59.903000
5.153699	0.396642	-4.319895	60.003000
5.165619	0.397770	-4.309839	60.103000
5.176369	0.394164	-4.303203	60.203000
5.188002	0.391648	-4.306301	60.303000
5.199073	0.396995	-4.317648	60.403000
5.210042	0.404598	-4.340459	60.503000
5.221665	0.408060	-4.354036	60.603000
5.232712	0.404188	-4.317203	60.703000
5.244755	0.404589	-4.310547	60.803000
5.255518	0.401986	-4.336440	60.903000
5.266487	0.403859	-4.324102	61.003000
5.278506	0.406979	-4.289702	61.103000
5.288830	0.409361	-4.281785	61.203000
5.300546	0.407279	-4.253213	61.303000
5.311821	0.405298	-4.285866	61.403000
5.323226	0.405207	-4.295942	61.503000
5.334019	0.406822	-4.266122	61.603000
5.344986	0.403324	-4.255953	61.703000
5.356804	0.395934	-4.294681	61.803000
5.368290	0.390511	-4.331663	61.903000
5.379313	0.396907	-4.347003	62.003000
5.390494	0.401562	-4.323316	62.103000
5.401301	0.403931	-4.302684	62.203000
5.412630	0.408764	-4.306380	62.303000
5.424276	0.407232	-4.303530	62.403000
5.435398	0.405106	-4.289077	62.503000
5.446484	0.409859	-4.286889	62.603000
5.457311	0.411483	-4.280899	62.703000
5.468956	0.405828	-4.247971	62.803000
5.480061	0.398705	-4.248862	62.903000
5.491436	0.396276	-4.289519	63.003000
5.502387	0.393549	-4.327872	63.103000
5.514059	0.399709	-4.326965	63.203000
5.525956	0.403198	-4.292170	63.303000
5.532125	0.398507	-4.338573	63.403000
5.530586	0.400287	-4.355703	63.503000
5.527795	0.406366	-4.320720	63.603000
5.524684	0.415913	-4.324591	63.703000
5.518870	0.417433	-4.319941	63.803000
5.514030	0.410921	-4.324608	63.903000
5.508960	0.409207	-4.329381	64.003000
5.502219	0.409264	-4.313409	64.103000
5.496871	0.410981	-4.263141	64.203000
5.489637	0.409127	-4.211088	64.303000
5.481337	0.403864	-4.181457	64.403000
5.476036	0.404333	-4.161806	64.503000
5.469405	0.404004	-4.219218	64.603000
5.462373	0.404241	-4.293712	64.703000
5.455039	0.405388	-4.317272	64.803000
5.446796	0.398706	-4.319088	64.903000
5.438603	0.397831	-4.311940	65.003000
5.430119	0.401268	-4.283410	65.103000
5.421604	0.404663	-4.286103	65.203000
5.412379	0.406158	-4.286390	65.303000
5.404113	0.399034	-4.267268	65.403000
5.397702	0.396965	-4.291343	65.503000
5.386928	0.404184	-4.288933	65.603000
5.380524	0.406705	-4.286071	65.703000
5.370906	0.403887	-4.308884	65.803000
5.362547	0.396835	-4.330098	65.903000
5.353830	0.398879	-4.322219	66.003000
5.345215	0.400668	-4.306696	66.103000
5.335869	0.405113	-4.287263	66.203000
5.327250	0.406876	-4.256486	66.303000
5.318226	0.410333	-4.242554	66.403000
5.309809	0.415061	-4.274694	66.503000
5.300400	0.420434	-4.305690	66.603000
5.290680	0.413921	-4.279692	66.703000
5.282192	0.407565	-4.248256	66.803000
5.273023	0.412174	-4.239567	66.903000
5.263834	0.410866	-4.256338	67.003000
5.254642	0.409405	-4.250684	67.103000
5.245637	0.410592	-4.268159	67.203000
5.236315	0.410044	-4.286952	67.303000
5.226519	0.405758	-4.261984	67.403000
5.217855	0.403486	-4.248977	67.503000
5.208771	0.399154	-4.265048	67.603000
5.199083	0.395531	-4.248322	67.703000
5.189907	0.400980	-4.246239	67.803000
5.180535	0.407798	-4.240388	67.903000
5.171276	0.410488	-4.251475	68.003000
5.161830	0.401230	-4.297285	68.103000
5.151950	0.399430	-4.307151	68.203000
5.142926	0.403733	-4.318088	68.303000
5.132891	0.404213	-4.313070	68.403000
5.123463	0.406168	-4.329590	68.503000
5.113850	0.405268	-4.343084	68.603000
5.104304	0.398405	-4.362148	68.703000
5.094346	0.396863	-4.396035	68.803000
5.084740	0.397352	-4.388546	68.903000
5.074698	0.402036	-4.359593	69.003000
5.065514	0.405070	-4.375545	69.103000
5.055638	0.404057	-4.342006	69.203000
5.045539	0.399468	-4.288026	69.303000
5.036359	0.402003	-4.229825	69.403000
5.026496	0.411006	-4.231239	69.503000
5.016349	0.409946	-4.274598	69.603000
5.006524	0.400103	-4.300713	69.703000
4.996852	0.392911	-4.278539	69.803000
4.986613	0.390415	-4.275917	69.903000
4.977311	0.387875	-4.274443	70.003000
4.966388	0.391382	-4.283450	70.103000
4.957230	0.400940	-4.284955	70.203000
4.947159	0.411953	-4.262866	70.303000
4.938014	0.421145	-4.272731	70.403000
4.925906	0.417760	-4.250878	70.503000
4.919129	0.409789	-4.280256	70.603000
4.905773	0.409180	-4.343568	70.703000
4.898359	0.414289	-4.352393	70.803000
4.886936	0.416930	-4.320955	70.903000
4.878658	0.414917	-4.294468	71.003000
4.867181	0.409531	-4.282308	71.103000
4.857109	0.402813	-4.248982	71.203000
4.847623	0.401091	-4.223797	71.303000
4.836824	0.401538	-4.217398	71.403000
4.826975	0.397866	-4.225407	71.503000
4.818657	0.395855	-4.178162	71.603000
4.805636	0.400456	-4.185652	71.703000
4.798313	0.399879	-4.248424	71.803000
4.788023	0.397781	-4.282313	71.903000
4.775644	0.396698	-4.310049	72.003000
4.768463	0.399580	-4.307111	72.103000
4.757932	0.401224	-4.285950	72.203000
4.744899	0.397194	-4.236831	72.303000
4.736210	0.399763	-4.215939	72.403000
4.727598	0.402228	-4.196194	72.503000
4.718733	0.404213	-4.196598	72.603000
4.708364	0.401435	-4.227653	72.703000
4.697742	0.393477	-4.218904	72.803000
4.688110	0.389749	-4.187584	72.903000
4.676884	0.390659	-4.177191	73.003000
4.663231	0.394176	-4.210485	73.103000
4.655431	0.401801	-4.246474	73.203000
4.645062	0.407965	-4.298244	73.303000
4.634980	0.416202	-4.307307	73.403000
4.624138	0.414852	-4.331492	73.503000
4.614630	0.406356	-4.353573	73.603000
4.601881	0.401053	-4.323462	73.703000
4.595120	0.397910	-4.311565	73.803000
4.582471	0.396546	-4.319474	73.903000
4.571799	0.399222	-4.375577	74.003000
4.561542	0.402468	-4.390984	74.103000
4.551562	0.398726	-4.389268	74.203000
4.541328	0.400699	-4.337897	74.303000
4.530614	0.405156	-4.289557	74.403000
4.520657	0.407496	-4.250735	74.503000
4.510518	0.414614	-4.230820	74.603000
4.499319	0.414197	-4.260508	74.703000
4.488417	0.407770	-4.297633	74.803000
4.478680	0.406776	-4.368460	74.903000
4.467563	0.404283	-4.384021	75.003000
4.457929	0.404298	-4.376398	75.103000
4.446698	0.402756	-4.373552	75.203000
4.436114	0.401769	-4.346560	75.303000
4.426185	0.406047	-4.301349	75.403000
4.415394	0.404368	-4.268337	75.503000
4.404862	0.407204	-4.267084	75.603000
4.394697	0.412730	-4.260159	75.703000
4.383766	0.412970	-4.253284	75.803000
4.372717	0.406159	-4.258022	75.903000
4.362233	0.399586	-4.301523	76.003000
4.351718	0.397352	-4.342721	76.103000
4.341243	0.402311	-4.362044	76.203000
4.330721	0.408212	-4.338175	76.303000
4.320050	0.411308	-4.329225	76.403000
4.309569	0.406780	-4.370041	76.503000
4.299093	0.406760	-4.396139	76.603000
4.288764	0.407287	-4.408395	76.703000
4.278279	0.409456	-4.409341	76.803000
4.267695	0.410820	-4.374838	76.903000
4.256971	0.411761	-4.329414	77.003000
4.246473	0.407078	-4.304821	77.103000
4.236209	0.406832	-4.306183	77.203000
4.225538	0.406752	-4.302925	77.303000
4.214817	0.403157	-4.256240	77.403000
4.204339	0.399936	-4.271536	77.503000
4.193064	0.405968	-4.296606	77.603000
4.182582	0.410703	-4.322127	77.703000
4.171697	0.411282	-4.351284	77.803000
4.161054	0.412982	-4.378572	77.903000
4.150571	0.414895	-4.389441	78.003000
4.139367	0.411495	-4.392553	78.103000
4.128392	0.408786	-4.378356	78.203000
4.117979	0.409375	-4.367047	78.303000
4.107773	0.410339	-4.347538	78.403000
4.096571	0.410696	-4.349632	78.503000
4.086034	0.413224	-4.331368	78.603000
4.074863	0.417458	-4.349478	78.703000
4.064781	0.421618	-4.333024	78.803000
4.052599	0.421263	-4.322098	78.903000
4.043375	0.415930	-4.286939	79.003000
4.030813	0.410167	-4.303931	79.103000
4.021905	0.409442	-4.320837	79.203000
4.009905	0.410018	-4.286543	79.303000
3.998154	0.411987	-4.278145	79.403000
3.988790	0.409423	-4.307525	79.503000
3.978484	0.405092	-4.338274	79.603000
3.967913	0.401465	-4.348050	79.703000
3.956884	0.396723	-4.362081	79.803000
3.945655	0.396823	-4.321684	79.903000
3.934683	0.401060	-4.290764	80.003000
3.922770	0.404261	-4.332079	80.103000
3.911279	0.402821	-4.414445	80.203000
3.902272	0.400089	-4.406279	80.303000
3.890200	0.401744	-4.350469	80.403000
3.878635	0.402790	-4.317894	80.503000
3.869317	0.401784	-4.339436	80.603000
3.857446	0.400082	-4.353858	80.703000
3.845704	0.403648	-4.339156	80.803000
3.836759	0.406093	-4.342294	80.903000
3.825378	0.404749	-4.355836	81.003000
3.813962	0.410082	-4.349548	81.103000
3.803987	0.416138	-4.324555	81.203000
3.792103	0.415574	-4.347440	81.303000
3.782282	0.414146	-4.418095	81.403000
3.770446	0.416900	-4.422528	81.503000
3.760425	0.413775	-4.428271	81.603000
3.748336	0.414646	-4.409490	81.703000
3.739225	0.414502	-4.359919	81.803000
3.726543	0.414072	-4.327813	81.903000
3.717156	0.412491	-4.336698	82.003000
3.704659	0.413880	-4.386055	82.103000
3.694112	0.416880	-4.423741	82.203000
3.683236	0.414632	-4.430480	82.303000
3.671873	0.408549	-4.421905	82.403000
3.661077	0.408894	-4.404611	82.503000
3.650734	0.408044	-4.406906	82.603000
3.638265	0.406570	-4.433895	82.703000
3.628715	0.404307	-4.452884	82.803000
3.616557	0.402356	-4.464249	82.903000
3.606459	0.405514	-4.456801	83.003000
3.594611	0.403716	-4.449410	83.103000
3.584373	0.401987	-4.452893	83.203000
3.572222	0.403995	-4.431913	83.303000
3.562346	0.407315	-4.427085	83.403000
3.550264	0.407967	-4.427712	83.503000
3.538709	0.406745	-4.430925	83.603000
3.528974	0.402791	-4.484118	83.703000
3.516940	0.398076	-4.543642	83.803000
3.506402	0.396176	-4.556385	83.903000
3.494929	0.391792	-4.568155	84.003000
3.483792	0.390997	-4.578047	84.103000
3.472865	0.390920	-4.575611	84.203000
3.461921	0.395579	-4.544042	84.303000
3.450443	0.395400	-4.503294	84.403000
3.439606	0.392620	-4.547201	84.503000
3.428275	0.392275	-4.574013	84.603000
3.417681	0.395218	-4.616708	84.703000
3.406169	0.393896	-4.615832	84.803000
3.395350	0.393341	-4.566160	84.903000
3.383615	0.396559	-4.503914	85.003000
3.372320	0.394888	-4.528261	85.103000
3.361150	0.396866	-4.591329	85.203000
3.350135	0.401072	-4.654938	85.303000
3.338659	0.401546	-4.655787	85.403000
3.327877	0.400328	-4.629598	85.503000
3.317025	0.396342	-4.624275	85.603000
3.305939	0.392022	-4.608719	85.703000
3.295106	0.387379	-4.616454	85.803000
3.283968	0.378193	-4.631859	85.903000
3.272889	0.374565	-4.659786	86.003000
3.261755	0.375986	-4.716418	86.103000
3.250512	0.382142	-4.696758	86.203000
3.239551	0.395590	-4.687826	86.303000
3.228067	0.404187	-4.714969	86.403000
3.217980	0.405740	-4.735645	86.503000
3.206189	0.401863	-4.730714	86.603000
3.194759	0.399225	-4.707621	86.703000
3.183083	0.401087	-4.678578	86.803000
3.171943	0.398447	-4.661690	86.903000
3.161074	0.389118	-4.687608	87.003000
3.150201	0.382679	-4.701345	87.103000
3.139092	0.380912	-4.722164	87.203000
3.127991	0.381532	-4.773501	87.303000
3.116013	0.382343	-4.785936	87.403000
3.105065	0.380689	-4.748444	87.503000
3.094328	0.380026	-4.730774	87.603000
3.083030	0.377145	-4.691209	87.703000
3.071168	0.372140	-4.684401	87.803000
3.060661	0.367393	-4.729574	87.903000
3.049680	0.366838	-4.800898	88.003000
3.037563	0.374009	-4.852550	88.103000
3.026563	0.374811	-4.874515	88.203000
3.015870	0.373397	-4.873140	88.303000
3.002904	0.374056	-4.886801	88.403000
2.993229	0.370378	-4.949724	88.503000
2.981747	0.361191	-4.980042	88.603000
2.968983	0.356637	-4.944432	88.703000
2.959242	0.359952	-4.881274	88.803000
2.947621	0.362498	-4.847853	88.903000
2.936712	0.360794	-4.906109	89.003000
2.924358	0.360876	-4.974728	89.103000
2.913254	0.361473	-5.037668	89.203000
2.902044	0.358631	-5.013729	89.303000
2.891035	0.349806	-4.990137	89.403000
2.879880	0.348184	-4.954830	89.503000
2.867331	0.349468	-4.951618	89.603000
2.856525	0.350221	-4.960998	89.703000
2.845236	0.351646	-4.992663	89.803000
2.833768	0.350742	-5.033974	89.903000
2.823319	0.346569	-5.055113	90.003000
2.811032	0.341502	-5.044691	90.103000
2.799356	0.341411	-5.008392	90.203000
2.788606	0.341731	-5.012802	90.303000
2.775950	0.338645	-5.038232	90.403000
2.768405	0.331867	-5.062842	90.503000
2.754612	0.326698	-5.115689	90.603000
2.742207	0.323348	-5.147643	90.703000
2.731041	0.320578	-5.152671	90.803000
2.719016	0.324211	-5.127413	90.903000
2.707463	0.325009	-5.179216	91.003000
2.697711	0.328291	-5.228370	91.103000
2.686137	0.325136	-5.192374	91.203000
2.675460	0.320240	-5.146219	91.303000
2.663471	0.315675	-5.119720	91.403000
2.651963	0.308954	-5.190264	91.503000
2.641087	0.303836	-5.277293	91.603000
2.629624	0.298177	-5.292785	91.703000
2.618389	0.298248	-5.310151	91.803000
2.606834	0.302068	-5.342607	91.903000
2.595153	0.303453	-5.362827	92.003000
2.583991	0.300288	-5.404071	92.103000
2.572585	0.301346	-5.436588	92.203000
2.561326	0.300336	-5.448745	92.303000
2.547358	0.298693	-5.438930	92.403000
2.539504	0.294766	-5.459560	92.503000
2.524088	0.288561	-5.489394	92.603000
2.516556	0.282708	-5.495745	92.703000
2.505557	0.287901	-5.502181	92.803000
2.494169	0.288936	-5.497704	92.903000
2.483077	0.287871	-5.493612	93.003000
2.469608	0.279885	-5.504542	93.103000
2.457785	0.278043	-5.548903	93.203000
2.445337	0.276685	-5.588699	93.303000
2.435113	0.271197	-5.593238	93.403000
2.423321	0.270250	-5.625467	93.503000
2.411080	0.270265	-5.647957	93.603000
2.399887	0.273264	-5.644397	93.703000
2.388076	0.268710	-5.641540	93.803000
2.377046	0.265429	-5.625571	93.903000
2.365409	0.265959	-5.607323	94.003000
2.353862	0.267360	-5.688697	94.103000
2.342150	0.271675	-5.827536	94.203000
2.330692	0.289677	-5.999274	94.303000
2.319388	0.334788	-6.187684	94.403000
2.307636	0.381679	-6.405270	94.503000
2.296626	0.410458	-6.521240	94.603000
2.285168	0.415412	-6.578169	94.703000
2.272466	0.398076	-6.623362	94.803000
2.261278	0.370217	-6.635566	94.903000
2.250827	0.341109	-6.658762	95.003000
2.240890	0.314877	-6.683534	95.103000
2.226871	0.291421	-6.692387	95.203000
2.215565	0.271311	-6.673936	95.303000
2.204635	0.257829	-6.704183	95.403000
2.194790	0.248901	-6.676833	95.503000
2.181707	0.238860	-6.631606	95.603000
2.171003	0.219241	-6.616478	95.703000
2.159552	0.206825	-6.648006	95.803000
2.147728	0.200820	-6.712322	95.903000
2.136093	0.195597	-6.677401	96.003000
2.124257	0.188387	-6.545219	96.103000
2.112819	0.177239	-6.446563	96.203000
2.102297	0.168143	-6.385520	96.303000
2.090283	0.155673	-6.382523	96.403000
2.077910	0.147248	-6.420883	96.503000
2.066529	0.148878	-6.363576	96.603000
2.055593	0.152092	-6.303255	96.703000
2.043700	0.153557	-6.184931	96.803000
2.031680	0.151645	-6.160732	96.903000
2.020599	0.145335	-6.257123	97.003000
2.009413	0.137552	-6.323686	97.103000
1.998097	0.131325	-6.466381	97.203000
1.985827	0.126397	-6.477044	97.303000
1.974771	0.125279	-6.326774	97.404000
1.963166	0.128126	-6.128699	97.503000
1.951400	0.130977	-6.153210	97.603000
1.940020	0.125391	-6.171225	97.703000
1.928336	0.123099	-6.134406	97.803000
1.916650	0.119566	-6.097855	97.903000
1.905235	0.115910	-6.036504	98.003000
1.893484	0.114480	-6.072813	98.103000
1.881490	0.110189	-6.129650	98.203000
1.870974	0.106463	-6.060893	98.303000
1.857891	0.104320	-5.952752	98.403000
1.847402	0.101358	-5.917602	98.503000
1.835267	0.102830	-5.940055	98.603000
1.824118	0.107905	-5.891030	98.703000
1.811711	0.111258	-5.935723	98.803000
1.800655	0.113690	-5.911847	98.903000
1.789226	0.111369	-5.890578	99.003000
1.777358	0.106336	-5.959789	99.103000
1.765547	0.105337	-6.005347	99.203000
1.754209	0.100733	-5.998055	99.303000
1.742668	0.096516	-6.065722	99.403000
1.731304	0.092614	-6.105137	99.503000
1.719583	0.093935	-5.899826	99.603000
1.708551	0.097769	-5.722076	99.703000
1.695981	0.097055	-5.785975	99.803000
1.685235	0.097032	-5.733612	99.903000
1.673191	0.094553	-5.821880	100.003000
1.661836	0.091167	-5.905269	100.103000
1.650817	0.094875	-5.964925	100.203000
1.638991	0.098136	-6.025867	100.303000
1.627133	0.095474	-5.989240	100.403000
1.615834	0.094029	-5.903004	100.503000
1.604015	0.102147	-5.768195	100.603000
1.592520	0.104757	-5.761963	100.703000
1.581381	0.097780	-5.870560	100.803000
1.569933	0.100126	-5.934803	100.903000
1.558073	0.104085	-6.052801	101.003000
1.546113	0.105373	-6.102537	101.103000
1.534462	0.098688	-6.068550	101.203000
1.522897	0.095381	-6.011704	101.303000
1.511265	0.094968	-6.052945	101.403000
1.499364	0.091915	-6.168054	101.503000
1.487314	0.091169	-6.179410	101.603000
1.475566	0.092724	-6.153222	101.703000
1.464027	0.094078	-6.203062	101.803000
1.452526	0.092239	-6.295467	101.903000
1.440753	0.093056	-6.173229	102.003000
1.429265	0.091014	-5.992936	102.103000
1.417490	0.088879	-6.099262	102.203000
1.405437	0.085996	-6.074414	102.303000
1.394076	0.088955	-6.146977	102.403000
1.382583	0.089871	-5.977713	102.503000
1.370791	0.093769	-5.855176	102.603000
1.359146	0.091235	-5.822787	102.703000
1.347357	0.086814	-5.805699	102.803000
1.335486	0.086955	-5.652924	102.903000
1.324250	0.083088	-5.661968	103.003000
1.312524	0.083253	-5.766594	103.103000
1.300667	0.085550	-5.825856	103.203000
1.288739	0.090603	-5.637095	103.303000
1.277251	0.091933	-5.582018	103.403000
1.265674	0.097086	-5.632193	103.503000
1.254122	0.096862	-5.733059	103.603000
1.242301	0.091507	-5.857618	103.703000
1.230654	0.089666	-6.021773	103.803000
1.219021	0.094064	-5.954293	103.903000
1.207596	0.092432	-5.785882	104.003000
1.195870	0.087361	-5.814412	104.103000
1.184547	0.086053	-5.894994	104.203000
1.172898	0.086339	-5.970429	104.303000
1.161293	0.090196	-5.949240	104.403000
1.150091	0.089794	-5.928988	104.503000
1.138457	0.088490	-5.865783	104.603000
1.126827	0.092328	-5.858302	104.703000
1.115051	0.092965	-5.782978	104.803000
1.103610	0.085136	-5.821250	104.903000
1.091199	0.083711	-5.952351	105.003000
1.079537	0.088871	-6.253390	105.103000
1.067674	0.086700	-6.317508	105.203000
1.056003	0.084922	-6.076896	105.303000
1.044388	0.080903	-5.729006	105.403000
1.032845	0.080352	-5.561584	105.503000
1.020918	0.082312	-5.724564	105.603000
1.009314	0.080165	-5.698993	105.703000
0.997549	0.079608	-5.664234	105.803000
0.985920	0.083916	-5.847427	105.903000
0.974368	0.088051	-5.969133	106.003000
0.962795	0.086074	-5.957004	106.103000
0.950708	0.084196	-5.858066	106.203000
0.938746	0.085898	-5.808373	106.303000
0.927207	0.093947	-5.867421	106.403000
0.915649	0.093459	-6.009020	106.503000
0.903844	0.090781	-5.888338	106.603000
0.892220	0.089953	-5.746949	106.703000
0.880353	0.082934	-5.624108	106.803000
0.868543	0.083248	-5.490848	106.903000
0.856867	0.087612	-5.580650	107.003000
0.845468	0.090112	-5.783816	107.103000
0.833587	0.086423	-5.891375	107.203000
0.821684	0.086243	-5.838514	107.303000
0.810184	0.090385	-5.615438	107.403000
0.798328	0.095037	-5.669315	107.503000
0.786824	0.095954	-5.998241	107.603000
0.775066	0.096189	-6.290046	107.703000
0.763462	0.092069	-6.211655	107.803000
0.751693	0.087196	-6.001756	107.903000
0.739965	0.088146	-5.944247	108.003000
0.728143	0.092486	-6.098043	108.103000
0.716557	0.090506	-6.077822	108.203000
0.705102	0.084506	-6.058511	108.303000
0.693209	0.078811	-6.011304	108.403000
0.681401	0.079296	-6.001995	108.503000
0.669870	0.080638	-5.996168	108.603000
0.658020	0.082140	-5.796164	108.703000
0.646522	0.081358	-5.705529	108.803000
0.635128	0.078834	-5.862098	108.903000
0.623511	0.077627	-5.960298	109.003000
0.612486	0.074920	-5.872176	109.103000
0.600646	0.074789	-5.870416	109.203000
0.589100	0.074284	-6.116906	109.303000
0.577469	0.076914	-5.997443	109.403000
0.565822	0.078350	-6.040323	109.503000
0.553830	0.076906	-6.159347	109.603000
0.542095	0.082727	-6.060281	109.703000
0.530494	0.090247	-5.969899	109.803000
0.518969	0.094944	-5.910374	109.903000
0.507330	0.087029	-5.910005	110.003000
0.495682	0.084821	-5.915991	110.103000
0.483657	0.086911	-6.019133	110.203000
0.472077	0.090301	-6.129838	110.303000
0.460390	0.092013	-6.200887	110.403000
0.449009	0.089708	-6.161866	110.503000
0.437376	0.081949	-6.118460	110.603000
0.425300	0.079374	-6.136871	110.703000
0.413518	0.084893	-6.108985	110.803000
0.401852	0.089071	-6.173677	110.903000
0.389980	0.085990	-6.271266	111.003000
0.378708	0.085769	-6.107118	111.103000
0.367093	0.083331	-5.813572	111.203000
0.354770	0.085687	-5.624730	111.303000
0.343410	0.084381	-5.767858	111.403000
0.331281	0.090060	-6.025078	111.503000
0.319976	0.094331	-6.086310	111.603000
0.308406	0.101197	-5.943662	111.703000
0.296722	0.096495	-5.872512	111.803000
0.284579	0.090575	-5.965149	111.903000
0.273101	0.089913	-6.143980	112.003000
0.261360	0.088819	-6.140648	112.103000
0.249631	0.085892	-5.981011	112.203000
0.238257	0.088478	-5.817571	112.303000
0.226392	0.090434	-5.613524	112.403000
0.214269	0.083395	-5.455606	112.503000
0.202828	0.080611	-5.536005	112.603000
0.190756	0.082207	-5.897029	112.703000
0.179568	0.083443	-5.944154	112.803000
0.168033	0.084600	-5.971652	112.903000
0.156196	0.081701	-5.985502	113.003000
0.144548	0.078380	-5.884338	113.103000
0.132838	0.082765	-5.847858	113.203000
0.121499	0.088101	-6.007756	113.303000
0.112959	0.090593	-6.134216	113.403000
0.107925	0.086076	-6.186466	113.503000
0.103979	0.078932	-6.052983	113.603000
0.100592	0.074922	-5.723392	113.703000
0.097784	0.078254	-5.579130	113.803000
0.095007	0.082612	-5.716503	113.903000
0.092635	0.084714	-5.652859	114.003000
0.090399	0.082552	-5.718855	114.103000
0.088660	0.081051	-5.956503	114.203000
0.087156	0.085644	-6.199393	114.303000
0.085161	0.084062	-6.247579	114.403000
0.083688	0.078025	-6.138960	114.503000
0.082160	0.075968	-5.938867	114.603000
0.080900	0.077647	-5.804967	114.703000
0.079625	0.076860	-5.601348	114.803000
0.078379	0.073610	-5.488402	114.903000
0.077204	0.077369	-5.606898	115.003000
0.076051	0.078435	-5.491752	115.103000
0.074935	0.078947	-5.460056	115.203000
0.074020	0.076660	-5.652708	115.303000
0.073443	0.076592	-5.655572	115.403000
0.072527	0.076554	-5.775564	115.503000
0.071499	0.075881	-5.836977	115.603000
0.070755	0.078260	-5.959746	115.703000
0.070018	0.081389	-6.011273	115.803000
0.069192	0.082425	-6.089000	115.903000
0.068506	0.079310	-6.048399	116.003000
0.068006	0.076353	-5.894400	116.103000
0.067277	0.076201	-5.957455	116.203000
0.066553	0.072746	-6.203833	116.303000
0.066244	0.071357	-6.314386	116.403000
0.065562	0.075954	-5.925655	116.503000
0.064837	0.078254	-5.945852	116.603000
0.064155	0.078255	-5.945736	116.703000
0.063921	0.078179	-5.947413	116.803000
0.063422	0.079396	-5.973375	116.903000
0.062806	0.082016	-5.719493	117.003000
0.062404	0.082614	-5.693237	117.103000
0.062126	0.081409	-5.768717	117.203000
0.061615	0.082720	-5.685147	117.303000
0.061239	0.081737	-5.641229	117.403000
0.061114	0.076517	-5.799828	117.503000
0.060553	0.073938	-5.839782	117.603000
0.060171	0.072250	-5.871224	117.703000
0.059883	0.072998	-6.080799	117.803000
0.059487	0.072608	-6.270040	117.903000
0.058982	0.072969	-6.087746	118.003000
0.058913	0.078127	-5.835923	118.103000
0.058433	0.082208	-5.939031	118.203000
0.058128	0.080599	-6.016358	118.303000
0.057849	0.080932	-6.104939	118.403000
0.057523	0.080941	-6.019554	118.503000
0.057249	0.080759	-5.717857	118.603000
0.057162	0.081280	-5.722825	118.703000
0.056784	0.081275	-5.710271	118.803000
0.056534	0.079972	-5.918847	118.903000
0.056009	0.077591	-6.061100	119.003000
0.055848	0.075964	-6.092471	119.103000
0.055541	0.077548	-6.069638	119.203000
0.055508	0.080635	-5.927287	119.303000
0.055400	0.079877	-5.811324	119.403000
0.055073	0.076080	-5.720456	119.503000
