0.035576	0.140969	-4.395793	13.123000
0.036128	0.141329	-4.356549	13.223000
0.036174	0.142405	-4.347486	13.323000
0.036020	0.143679	-4.348369	13.423000
0.036158	0.143849	-4.348605	13.523000
0.036254	0.143694	-4.348379	13.623000
0.036112	0.143696	-4.346685	13.723000
0.036126	0.143594	-4.297927	13.823000
0.036125	0.141896	-4.302308	13.923000
0.036112	0.141630	-4.327934	14.023000
0.036128	0.141195	-4.295193	14.123000
0.036113	0.142355	-4.294865	14.223000
0.036080	0.143834	-4.296428	14.323000
0.036105	0.143836	-4.296422	14.423000
0.036094	0.143691	-4.299585	14.523000
0.036122	0.141245	-4.293754	14.623000
0.036097	0.141716	-4.294250	14.723000
0.035999	0.142150	-4.294730	14.823000
0.036141	0.143778	-4.296348	14.923000
0.035920	0.143848	-4.296419	15.023000
0.035990	0.145974	-4.289553	15.123000
0.036017	0.146007	-4.300756	15.223000
0.036067	0.145442	-4.299642	15.324000
0.036478	0.143852	-4.314969	15.423000
0.041206	0.143687	-4.343498	15.523000
0.047711	0.143844	-4.308164	15.623000
0.054538	0.143769	-4.296287	15.723000
0.061954	0.143804	-4.296337	15.823000
0.069845	0.143818	-4.300412	15.923000
0.078021	0.144173	-4.348941	16.023000
0.085837	0.144770	-4.349569	16.123000
0.094331	0.144785	-4.349582	16.223000
0.102821	0.144613	-4.346805	16.323000
0.111850	0.143665	-4.314508	16.423000
0.120782	0.143833	-4.298016	16.523000
0.129478	0.141523	-4.294076	16.623000
0.138285	0.142858	-4.303563	16.723000
0.147117	0.143854	-4.309539	16.823000
0.156537	0.143763	-4.299504	16.923000
0.165891	0.143846	-4.301437	17.023000
0.175117	0.144221	-4.305417	17.123000
0.184298	0.143433	-4.333479	17.223000
0.193610	0.141322	-4.321057	17.323000
0.202826	0.141158	-4.293643	17.423000
0.212329	0.142362	-4.294789	17.523000
0.222185	0.143609	-4.296132	17.623000
0.231555	0.143524	-4.304052	17.723000
0.240992	0.142955	-4.332939	17.823000
0.250600	0.142951	-4.374878	17.923000
0.259889	0.143698	-4.389692	18.023000
0.269656	0.143869	-4.349287	18.123000
0.279609	0.143791	-4.329809	18.223000
0.289180	0.143044	-4.342421	18.323000
0.298844	0.141982	-4.338819	18.423000
0.308595	0.142690	-4.330571	18.523000
0.318504	0.143283	-4.299533	18.623000
0.328600	0.143787	-4.336514	18.723000
0.338377	0.143864	-4.346946	18.823000
0.348051	0.141722	-4.344777	18.923000
0.357974	0.140280	-4.342663	19.023000
0.367837	0.140068	-4.342412	19.123000
0.377857	0.141159	-4.303299	19.223000
0.388038	0.141270	-4.295261	19.323000
0.397968	0.141190	-4.295272	19.423000
0.407691	0.141436	-4.293867	19.523000
0.417916	0.142574	-4.295051	19.623000
0.427953	0.143854	-4.296379	19.723000
0.437595	0.145270	-4.299278	19.823000
0.447752	0.142996	-4.325218	19.923000
0.457763	0.141268	-4.347299	20.023000
0.467408	0.141193	-4.356821	20.123000
0.477927	0.141375	-4.345659	20.223000
0.487849	0.141414	-4.344175	20.323000
0.497713	0.141278	-4.343899	20.423000
0.508139	0.141269	-4.343898	20.523000
0.518098	0.143400	-4.347804	20.623000
0.528188	0.143885	-4.350201	20.723000
0.538238	0.143813	-4.348542	20.823000
0.548544	0.143901	-4.336430	20.923000
0.559114	0.143734	-4.305082	21.023000
0.569615	0.142752	-4.343397	21.123000
0.579546	0.142822	-4.345046	21.223000
0.589972	0.142411	-4.341195	21.323000
0.599907	0.141287	-4.331852	21.423000
0.610213	0.141206	-4.320964	21.523000
0.620962	0.141281	-4.343904	21.623000
0.631251	0.141209	-4.326359	21.723000
0.641264	0.141375	-4.309829	21.823000
0.651801	0.141480	-4.341123	21.923000
0.662151	0.141522	-4.344341	22.023000
0.672468	0.143170	-4.347304	22.124000
0.683010	0.143858	-4.348572	22.223000
0.693673	0.143865	-4.350172	22.323000
0.703852	0.143823	-4.351767	22.423000
0.714030	0.143910	-4.348623	22.523000
0.724631	0.143658	-4.346567	22.623000
0.735452	0.143807	-4.346746	22.723000
0.746067	0.143868	-4.330031	22.823000
0.756596	0.144211	-4.298643	22.923000
0.766780	0.143907	-4.301381	23.023000
0.777242	0.143748	-4.299447	23.123000
0.787593	0.143566	-4.296128	23.223000
0.798464	0.143664	-4.296142	23.323000
0.808924	0.145099	-4.293999	23.423000
0.819563	0.146295	-4.301101	23.523000
0.830152	0.146304	-4.301098	23.623000
0.840566	0.146382	-4.335050	23.723000
0.851218	0.146312	-4.352544	23.823000
0.862438	0.146136	-4.350960	23.923000
0.873223	0.145377	-4.335428	24.023000
0.883731	0.144024	-4.319627	24.123000
0.894111	0.143830	-4.304530	24.223000
0.904726	0.143919	-4.296453	24.323000
0.915036	0.143597	-4.296067	24.423000
0.925671	0.143841	-4.297772	24.523000
0.936160	0.144501	-4.299203	24.623000
0.946620	0.144521	-4.300828	24.723000
0.957373	0.143917	-4.317124	24.823000
0.967771	0.143850	-4.336962	24.923000
0.978465	0.144280	-4.320765	25.023000
0.989036	0.143879	-4.301341	25.123000
0.999888	0.142759	-4.295197	25.223000
1.010420	0.141557	-4.293988	25.323000
1.020941	0.141323	-4.295364	25.423000
1.031662	0.142993	-4.297010	25.523000
1.043208	0.143850	-4.331598	25.623000
1.054187	0.142579	-4.346214	25.723000
1.063872	0.141244	-4.343751	25.823000
1.074609	0.141234	-4.343755	25.923000
1.086359	0.142146	-4.350293	26.023000
1.096752	0.143855	-4.350188	26.123000
1.107963	0.143938	-4.348629	26.223000
1.118847	0.145052	-4.355913	26.323000
1.129283	0.145793	-4.350554	26.423000
1.140002	0.146096	-4.350876	26.524000
1.150829	0.146169	-4.350947	26.623000
1.162457	0.146329	-4.312696	26.723000
1.172873	0.146074	-4.306903	26.823000
1.183816	0.146161	-4.337669	26.923000
1.194617	0.146328	-4.318640	27.023000
1.205680	0.146576	-4.303738	27.123000
1.216369	0.147578	-4.350747	27.223000
1.228553	0.146563	-4.327300	27.323000
1.238695	0.146324	-4.301074	27.423000
1.249506	0.146327	-4.305857	27.523000
1.259969	0.146405	-4.318117	27.623000
1.271168	0.146341	-4.351110	27.723000
1.282096	0.146409	-4.351189	27.823000
1.292766	0.146181	-4.352448	27.923000
1.304157	0.146008	-4.350774	28.023000
1.314837	0.144267	-4.348948	28.123000
1.325725	0.142576	-4.346075	28.223000
1.336678	0.143869	-4.348474	28.323000
1.348021	0.145201	-4.354758	28.423000
1.359315	0.146109	-4.372660	28.523000
1.369622	0.146107	-4.389224	28.623000
1.380825	0.145747	-4.378990	28.723000
1.392322	0.146193	-4.386067	28.823000
1.402590	0.146394	-4.398206	28.923000
1.413416	0.146385	-4.359477	29.023000
1.425141	0.146353	-4.351115	29.123000
1.435427	0.146352	-4.351108	29.223000
1.446591	0.145807	-4.352084	29.323000
1.457114	0.146108	-4.350893	29.423000
1.468317	0.146351	-4.367426	29.523000
1.478676	0.146358	-4.392239	29.623000
1.490016	0.146357	-4.398158	29.723000
1.501329	0.146196	-4.398003	29.823000
1.511943	0.146362	-4.398171	29.923000
1.523307	0.146356	-4.398172	30.023000
1.534563	0.146598	-4.396923	30.123000
1.545849	0.146432	-4.380984	30.223000
1.556710	0.146444	-4.396787	30.323000
1.567708	0.146360	-4.398171	30.423000
1.578164	0.146512	-4.398336	30.523000
1.589407	0.148887	-4.388738	30.623000
1.600526	0.148854	-4.396322	30.723000
1.611530	0.148928	-4.400947	30.823000
1.624938	0.150192	-4.414910	30.923000
1.634394	0.151065	-4.409907	31.023000
1.644372	0.151148	-4.403233	31.123000
1.657634	0.151069	-4.403242	31.223000
1.668032	0.151070	-4.380713	31.323000
1.679364	0.151227	-4.401958	31.423000
1.690524	0.151312	-4.404747	31.523000
1.701379	0.151225	-4.435448	31.623000
1.712575	0.151592	-4.447640	31.723000
1.723557	0.153859	-4.446272	31.823000
1.734659	0.152450	-4.450760	31.923000
1.747165	0.151319	-4.450766	32.023000
1.756688	0.151149	-4.450766	32.123000
1.768524	0.151249	-4.449303	32.223000
1.779226	0.152757	-4.450773	32.323000
1.789799	0.155086	-4.450771	32.423000
1.802517	0.155345	-4.471180	32.523000
1.814782	0.155655	-4.500849	32.623000
1.822671	0.154191	-4.500846	32.723000
1.835142	0.155948	-4.520665	32.823000
1.847596	0.157396	-4.557662	32.923000
1.857264	0.158563	-4.596101	33.024000
1.867338	0.160123	-4.619453	33.123000
1.882271	0.160941	-4.632716	33.223000
1.890729	0.162794	-4.642378	33.323000
1.903458	0.163734	-4.667041	33.423000
1.914125	0.165252	-4.660374	33.523000
1.925507	0.166138	-4.669372	33.623000
1.936591	0.166304	-4.706411	33.723000
1.946761	0.168734	-4.717876	33.823000
1.958426	0.170055	-4.738054	33.923000
1.969771	0.172121	-4.789840	34.023000
1.980879	0.178469	-4.816779	34.123000
1.991796	0.182212	-4.850081	34.223000
2.003029	0.185523	-4.880943	34.323000
2.014223	0.190068	-4.952574	34.423000
2.025606	0.194777	-5.031485	34.523000
2.036952	0.199000	-5.110198	34.623000
2.047953	0.206495	-5.181941	34.723000
2.059080	0.215349	-5.260611	34.823000
2.070053	0.226249	-5.362314	34.923000
2.082178	0.237641	-5.472803	35.023000
2.092474	0.248679	-5.578807	35.123000
2.103323	0.260112	-5.690692	35.223000
2.115634	0.269534	-5.793033	35.323000
2.127453	0.279148	-5.854986	35.423000
2.138117	0.281362	-5.915168	35.523000
2.148160	0.281013	-5.937894	35.623000
2.160893	0.281241	-5.946792	35.723000
2.171973	0.281234	-5.949032	35.823000
2.184098	0.283540	-5.956316	35.923000
2.193139	0.285026	-5.947569	36.023000
2.207859	0.286925	-5.938308	36.123000
2.215007	0.287242	-5.958112	36.223000
2.231830	0.292261	-5.961038	36.323000
2.240282	0.298846	-5.964838	36.423000
2.248218	0.309922	-5.973111	36.523000
2.259416	0.323901	-5.984729	36.623000
2.269994	0.341785	-5.984892	36.723000
2.283448	0.360692	-5.977521	36.823000
2.298533	0.381296	-5.967975	36.923000
2.309188	0.402495	-5.957592	37.023000
2.317618	0.424949	-5.929592	37.123000
2.331990	0.446056	-5.904637	37.223000
2.342336	0.460167	-5.879543	37.323000
2.351301	0.468565	-5.835633	37.423000
2.364466	0.468477	-5.782644	37.523000
2.376126	0.454655	-5.690555	37.623000
2.387662	0.424837	-5.557842	37.723000
2.399973	0.389159	-5.384275	37.823000
2.409804	0.361720	-5.217849	37.923000
2.421375	0.347879	-5.094015	38.023000
2.432654	0.341371	-5.027387	38.123000
2.444741	0.339296	-4.991432	38.223000
2.456261	0.340260	-4.964928	38.323000
2.467147	0.340793	-4.957279	38.423000
2.479470	0.341860	-4.950543	38.523000
2.489544	0.343639	-4.938467	38.623000
2.502164	0.346375	-4.927447	38.723000
2.512421	0.348983	-4.913519	38.823000
2.523623	0.349557	-4.912417	38.923000
2.535663	0.351863	-4.910186	39.023000
2.546665	0.353988	-4.902935	39.123000
2.558009	0.355196	-4.885772	39.223000
2.569638	0.358459	-4.857234	39.323000
2.581085	0.359456	-4.843306	39.423000
2.592066	0.361512	-4.833086	39.523000
2.603893	0.364597	-4.830432	39.623000
2.615188	0.367077	-4.829271	39.723000
2.626488	0.371137	-4.821110	39.823000
2.637250	0.373555	-4.807065	39.923000
2.648710	0.376682	-4.802159	40.023000
2.660906	0.378964	-4.786371	40.123000
2.672230	0.380247	-4.781849	40.223000
2.682832	0.381741	-4.771832	40.323000
2.694020	0.385180	-4.755174	40.423000
2.705783	0.387503	-4.749461	40.523000
2.717784	0.390432	-4.739182	40.623000
2.728581	0.391686	-4.732014	40.723000
2.739726	0.393015	-4.719036	40.823000
2.750760	0.395227	-4.710070	40.923000
2.762489	0.396857	-4.709102	41.023000
2.774481	0.399535	-4.706282	41.123000
2.786030	0.401830	-4.696365	41.223000
2.797027	0.404729	-4.691889	41.323000
2.808276	0.407202	-4.681356	41.423000
2.819578	0.409324	-4.666263	41.523000
2.830110	0.410710	-4.650653	41.623000
2.842438	0.413726	-4.637303	41.723000
2.853075	0.416747	-4.635430	41.823000
2.864559	0.417099	-4.629952	41.923000
2.875692	0.418819	-4.622492	42.023000
2.887150	0.420482	-4.602802	42.123000
2.898912	0.421553	-4.595376	42.223000
2.910747	0.421757	-4.584576	42.323000
2.922133	0.425298	-4.583389	42.423000
2.932947	0.427749	-4.582533	42.523000
2.944629	0.430730	-4.576772	42.623000
2.955675	0.431978	-4.564980	42.723000
2.966715	0.433893	-4.549752	42.823000
2.978023	0.436699	-4.543678	42.923000
2.989093	0.436927	-4.531980	43.023000
3.000314	0.436791	-4.506032	43.123000
3.012226	0.437653	-4.481234	43.223000
3.022956	0.439966	-4.473208	43.323000
3.034201	0.442654	-4.462969	43.423000
3.046065	0.444271	-4.462960	43.523000
3.057233	0.444515	-4.453534	43.623000
3.067928	0.446673	-4.448668	43.723000
3.079693	0.446888	-4.448272	43.823000
3.091399	0.448207	-4.449017	43.923000
3.102599	0.449671	-4.434342	44.023000
3.114124	0.450638	-4.433289	44.123000
3.125352	0.451796	-4.433283	44.223000
3.136901	0.451954	-4.433275	44.323000
3.148271	0.453420	-4.429175	44.423000
3.160054	0.454891	-4.416669	44.523000
3.171056	0.456671	-4.395203	44.623000
3.182598	0.457044	-4.377560	44.723000
3.193876	0.458948	-4.373517	44.823000
3.205142	0.459555	-4.363700	44.923000
3.217235	0.458234	-4.356529	45.023000
3.228342	0.460292	-4.348593	45.123000
3.240077	0.461765	-4.342111	45.223000
3.251092	0.461935	-4.341589	45.323000
3.262850	0.461851	-4.338837	45.423000
3.274342	0.461760	-4.328214	45.523000
3.285812	0.461846	-4.319424	45.623000
3.297079	0.465351	-4.312464	45.723000
3.308197	0.468187	-4.310839	45.823000
3.319588	0.467721	-4.308059	45.923000
3.330993	0.467185	-4.298021	46.023000
3.342366	0.466928	-4.296099	46.123000
3.354593	0.467021	-4.286769	46.223000
3.365944	0.467344	-4.267280	46.323000
3.377440	0.469353	-4.261927	46.423000
3.388562	0.470337	-4.258497	46.523000
3.399870	0.469770	-4.251420	46.623000
3.411666	0.469503	-4.249898	46.723000
3.422631	0.469514	-4.251112	46.823000
3.434155	0.469511	-4.251116	46.923000
3.445630	0.469447	-4.241215	47.023000
3.456928	0.471174	-4.231302	47.123000
3.468500	0.471799	-4.223402	47.223000
3.479680	0.472417	-4.223576	47.323000
3.490675	0.473568	-4.214498	47.423000
3.502135	0.474335	-4.208501	47.523000
3.513805	0.474432	-4.208595	47.623000
3.524844	0.474826	-4.204061	47.723000
3.536086	0.474474	-4.196057	47.823000
3.546864	0.475160	-4.195803	47.923000
3.559089	0.474842	-4.195804	48.023000
3.570470	0.474487	-4.194599	48.123000
3.580465	0.475372	-4.190790	48.223000
3.593829	0.477374	-4.193578	48.323000
3.605480	0.477930	-4.195915	48.423000
3.615508	0.477848	-4.178797	48.523000
3.626073	0.476708	-4.165642	48.623000
3.637116	0.476703	-4.165622	48.723000
3.648335	0.476705	-4.164968	48.823000
3.660451	0.476792	-4.153308	48.923000
3.674232	0.476950	-4.144777	49.023000
3.682887	0.478647	-4.135652	49.123000
3.696473	0.479136	-4.135804	49.223000
3.706721	0.479136	-4.133879	49.323000
3.717688	0.479131	-4.127824	49.423000
3.730136	0.478697	-4.128071	49.523000
3.739680	0.477213	-4.135189	49.623000
3.752693	0.477746	-4.133242	49.723000
3.764650	0.478373	-4.121022	49.823000
3.775231	0.478989	-4.119318	49.923000
3.787790	0.479189	-4.114396	50.023000
3.797097	0.481041	-4.108539	50.123000
3.811047	0.481020	-4.112465	50.223000
3.822638	0.479914	-4.111768	50.323000
3.831702	0.479211	-4.106653	50.423000
3.845469	0.480018	-4.104671	50.523000
3.854172	0.481459	-4.098711	50.623000
3.867815	0.481156	-4.107687	50.723000
3.878961	0.479785	-4.106797	50.823000
3.889599	0.480856	-4.097820	50.923000
3.902172	0.481286	-4.093359	51.023000
3.911739	0.481288	-4.093356	51.123000
3.924851	0.481196	-4.093792	51.223000
3.935292	0.481127	-4.094183	51.323000
3.946566	0.482128	-4.083636	51.423000
3.958597	0.482445	-4.079176	51.523000
3.969708	0.481826	-4.076986	51.623000
3.981338	0.481591	-4.064171	51.723000
3.992619	0.481513	-4.063189	51.823000
4.003813	0.481683	-4.050386	51.923000
4.014720	0.481571	-4.054086	52.023000
4.026161	0.481535	-4.054098	52.123000
4.036601	0.483179	-4.061159	52.223000
4.048553	0.484234	-4.053406	52.323000
4.060113	0.483016	-4.050080	52.423000
4.071345	0.481711	-4.048829	52.523000
4.082411	0.481949	-4.049060	52.623000
4.093516	0.483085	-4.050108	52.723000
4.105249	0.484158	-4.051160	52.823000
4.116340	0.482963	-4.039612	52.923000
4.128046	0.482330	-4.035098	53.023000
4.139035	0.484127	-4.038108	53.123000
4.150732	0.484214	-4.038131	53.223000
4.162283	0.482292	-4.035007	53.323000
4.173437	0.481461	-4.035558	53.423000
4.184525	0.480189	-4.033112	53.523000
4.196479	0.480498	-4.032924	53.623000
4.208074	0.481374	-4.033578	53.723000
4.219396	0.481461	-4.034579	53.823000
4.230638	0.481448	-4.041556	53.924000
4.241809	0.481148	-4.048244	54.023000
4.253405	0.481057	-4.048171	54.123000
4.264781	0.480362	-4.047435	54.223000
4.276500	0.481079	-4.048176	54.323000
4.287757	0.481300	-4.048392	54.423000
4.299295	0.481382	-4.048495	54.523000
4.309837	0.483438	-4.050448	54.623000
4.321371	0.482795	-4.048168	54.723000
4.333041	0.483172	-4.049812	54.823000
4.344095	0.482721	-4.048850	54.923000
4.355888	0.481896	-4.036174	55.023000
4.367220	0.484090	-4.034175	55.123000
4.377931	0.484229	-4.038168	55.223000
4.389787	0.484193	-4.043204	55.323000
4.401627	0.484178	-4.038173	55.423000
4.412798	0.484247	-4.037628	55.523000
4.423640	0.484504	-4.033205	55.623000
4.434950	0.484253	-4.023145	55.723000
4.446561	0.484173	-4.020964	55.823000
4.458624	0.482720	-4.019539	55.923000
4.469764	0.481332	-4.018153	56.023000
4.480702	0.480778	-4.016984	56.123000
4.492099	0.481169	-4.017837	56.223000
4.502922	0.481391	-4.018721	56.323000
4.514741	0.481470	-4.030612	56.423000
4.525986	0.481490	-4.026366	56.523000
4.537620	0.481885	-4.018713	56.623000
4.548934	0.482509	-4.019314	56.723000
4.558756	0.484100	-4.021420	56.823000
4.571416	0.483926	-4.020708	56.923000
4.581833	0.481853	-4.027698	57.023000
4.595753	0.483536	-4.031928	57.123000
4.606128	0.484252	-4.022045	57.223000
4.616442	0.484665	-4.021431	57.323000
4.626714	0.484952	-4.021722	57.423000
4.638743	0.484501	-4.028956	57.523000
4.652267	0.483795	-4.038046	57.623000
4.661871	0.482237	-4.035854	57.723000
4.671037	0.481114	-4.025308	57.823000
4.686073	0.479643	-4.014599	57.923000
4.694771	0.479810	-4.014964	58.023000
4.706752	0.481409	-4.018178	58.123000
4.719788	0.481476	-4.018316	58.223000
4.730699	0.481473	-4.018320	58.323000
4.742163	0.481389	-4.031275	58.423000
4.752170	0.481135	-4.027218	58.523000
4.763015	0.481377	-4.017653	58.623000
4.773352	0.481750	-4.005400	58.723000
4.784096	0.484015	-4.011225	58.823000
4.798205	0.484460	-4.021227	58.923000
4.808874	0.484338	-4.023861	59.023000
4.817593	0.483946	-4.022177	59.123000
4.831364	0.481959	-4.018758	59.223000
4.842704	0.481325	-4.018144	59.323000
4.852042	0.481501	-4.013121	59.423000
4.864607	0.481983	-4.013337	59.523000
4.878032	0.484246	-4.010070	59.623000
4.888471	0.482438	-4.006193	59.723000
4.896910	0.481514	-4.011117	59.823000
4.912532	0.481672	-4.018472	59.923000
4.921350	0.481839	-4.018632	60.023000
4.931063	0.481939	-4.008518	60.123000
4.943374	0.481600	-4.003260	60.223000
4.956095	0.481436	-4.003100	60.323000
4.967706	0.483013	-3.996623	60.423000
4.979548	0.483153	-3.995554	60.523000
4.990792	0.482503	-4.008033	60.623000
5.000958	0.481500	-4.018320	60.723000
5.009864	0.480859	-4.017109	60.823000
5.021478	0.479818	-4.013544	60.923000
5.033046	0.480643	-4.014322	61.023000
5.044891	0.481505	-4.019699	61.123000
5.057695	0.481599	-4.029454	61.223000
5.069193	0.481592	-4.019869	61.323000
5.079585	0.480954	-4.017273	61.423000
5.088723	0.479248	-4.013711	61.523000
5.101043	0.479689	-4.010727	61.623000
5.114011	0.481357	-4.018085	61.723000
5.121788	0.481588	-4.018403	61.823000
5.136846	0.481510	-4.018309	61.923000
5.144638	0.481608	-4.018426	62.023000
5.158002	0.481507	-4.018312	62.123000
5.169108	0.481242	-4.010320	62.223000
5.180117	0.479631	-4.002154	62.323000
5.192357	0.480672	-4.008949	62.423000
5.202037	0.479839	-4.003774	62.523000
5.213400	0.481239	-4.002914	62.623000
5.225941	0.481587	-4.011820	62.723000
5.238136	0.481509	-4.018818	62.823000
5.246686	0.481546	-4.018846	62.923000
5.258641	0.481541	-4.018381	63.023000
5.271027	0.481496	-4.011786	63.123000
5.281086	0.481580	-4.003274	63.223000
5.293077	0.481327	-4.006839	63.323000
5.305469	0.481502	-4.017930	63.423000
5.314814	0.481332	-4.018171	63.523000
5.326853	0.480506	-4.016429	63.623000
5.338632	0.478055	-4.013562	63.723000
5.349812	0.478381	-4.013578	63.823000
5.361402	0.479598	-4.004043	63.923000
5.372463	0.481046	-4.002690	64.023000
5.383576	0.481141	-4.002770	64.123000
5.395662	0.480908	-4.003870	64.223000
5.405097	0.481502	-4.003155	64.323000
5.418046	0.483426	-4.005039	64.423000
5.429569	0.482001	-4.006599	64.523000
5.438282	0.481515	-4.018331	64.623000
5.450786	0.480992	-4.013773	64.723000
5.462159	0.480838	-4.003037	64.823000
5.472920	0.481869	-4.000279	64.923000
5.486239	0.481811	-4.001346	65.023000
5.495290	0.481350	-4.005436	65.123000
5.509222	0.480855	-4.017059	65.223000
5.519487	0.481527	-4.019487	65.323000
5.528752	0.481517	-4.027748	65.423000
5.530734	0.481521	-4.038812	65.523000
5.527720	0.481216	-4.047297	65.623000
5.524525	0.481146	-4.025520	65.723000
5.519840	0.480219	-4.015137	65.823000
5.515476	0.478307	-4.010731	65.923000
5.511113	0.476875	-4.010912	66.023000
5.504568	0.476708	-4.013244	66.123000
5.497710	0.476788	-4.013246	66.223000
5.492624	0.477592	-4.013387	66.323000
5.485320	0.479390	-4.013970	66.423000
5.477806	0.480602	-4.016572	66.523000
5.470972	0.480246	-4.013095	66.623000
5.463516	0.480257	-4.003842	66.723000
5.456072	0.480201	-4.002589	66.823000
5.448475	0.480349	-4.000468	66.923000
5.440193	0.481931	-3.995851	67.023000
5.432656	0.482023	-3.993905	67.123000
5.424517	0.481717	-3.988910	67.223000
5.416927	0.482395	-3.989082	67.323000
5.408287	0.483654	-3.993622	67.423000
5.399554	0.480939	-4.002068	67.523000
5.391302	0.481479	-3.991455	67.623000
5.382732	0.481172	-3.999384	67.723000
5.374532	0.481430	-4.015999	67.823000
5.365973	0.481286	-4.013909	67.923000
5.357251	0.480220	-3.998247	68.023000
5.348682	0.482376	-3.995584	68.123000
5.339314	0.483293	-3.995038	68.223000
5.330858	0.482930	-3.997038	68.324000
5.322109	0.481444	-4.005197	68.423000
5.313137	0.480432	-4.016239	68.523000
5.304102	0.480374	-4.016099	68.623000
5.294956	0.480974	-4.017401	68.723000
5.285339	0.481165	-4.017794	68.823000
5.276764	0.480903	-4.017240	68.923000
5.267736	0.480578	-4.009578	69.023000
5.258225	0.481488	-4.003645	69.123000
5.249547	0.481545	-4.003224	69.223000
5.239559	0.481454	-4.010082	69.323000
5.230308	0.481353	-4.016675	69.423000
5.221483	0.481263	-4.004781	69.523000
5.212186	0.481414	-4.016260	69.623000
5.202883	0.481342	-4.018164	69.723000
5.193545	0.481538	-4.018356	69.823000
5.184528	0.483890	-4.020649	69.923000
5.174997	0.484615	-4.021373	70.023000
5.165467	0.484416	-4.021165	70.123000
5.156397	0.484074	-4.020390	70.223000
5.146855	0.481769	-4.014539	70.323000
5.136916	0.480314	-4.015281	70.423000
5.127157	0.480846	-4.016528	70.523000
5.117122	0.481582	-4.015159	70.623000
5.107866	0.481503	-4.006862	70.723000
5.098266	0.481672	-4.014825	70.823000
5.088869	0.482308	-4.005383	70.923000
5.078653	0.482065	-4.003724	71.023000
5.068003	0.481850	-4.003492	71.123000
5.059688	0.481510	-4.011046	71.223000
5.049938	0.481562	-4.018350	71.323000
5.041167	0.481078	-4.017549	71.423000
5.028650	0.480119	-4.016147	71.523000
5.018751	0.480534	-4.016986	71.623000
5.011041	0.481509	-4.019241	71.723000
5.002141	0.481585	-4.019412	71.823000
4.989924	0.481755	-4.017603	71.923000
4.979516	0.482522	-4.018421	72.023000
4.971085	0.481597	-4.018368	72.123000
4.961338	0.481577	-4.017497	72.223000
4.952252	0.479812	-4.014927	72.323000
4.942838	0.479562	-4.014376	72.423000
4.931200	0.480945	-4.017362	72.523000
4.920051	0.481426	-4.011367	72.623000
4.909371	0.481499	-4.004144	72.723000
4.900039	0.481107	-4.002760	72.823000
4.890458	0.481108	-4.003226	72.923000
4.880648	0.481496	-4.016517	73.023000
4.870001	0.480976	-4.018001	73.123000
4.859824	0.479458	-4.015250	73.223000
4.852313	0.480637	-4.016706	73.323000
4.842116	0.481489	-4.015528	73.423000
4.829021	0.481485	-4.008794	73.523000
4.822655	0.481496	-4.018315	73.623000
4.809780	0.481486	-4.018313	73.723000
4.801909	0.481398	-4.010110	73.823000
4.790201	0.481486	-4.012584	73.923000
4.782010	0.482011	-4.018886	74.023000
4.769838	0.483187	-4.036524	74.123000
4.761537	0.484275	-4.041619	74.223000
4.752143	0.482066	-4.040788	74.323000
4.739469	0.481577	-4.033799	74.423000
4.730513	0.481323	-4.026623	74.523000
4.721937	0.481572	-4.018403	74.623000
4.709956	0.481480	-4.018306	74.723000
4.700608	0.481492	-4.015929	74.823000
4.690956	0.481258	-4.005328	74.923000
4.679512	0.482494	-3.998548	75.023000
4.668152	0.481738	-4.003445	75.123000
4.659257	0.481488	-4.016577	75.223000
4.650171	0.481563	-4.018403	75.323000
4.637889	0.481316	-4.018150	75.423000
4.627734	0.480891	-4.017742	75.523000
4.617777	0.479867	-4.015628	75.623000
4.607446	0.480162	-4.015206	75.723000
4.597752	0.481237	-4.017090	75.823000
4.587568	0.481095	-4.017708	75.923000
4.576313	0.481266	-4.020929	76.023000
4.565385	0.481524	-4.028573	76.123000
4.554804	0.481464	-4.018752	76.223000
4.545980	0.481639	-4.018494	76.323000
4.536002	0.483436	-4.020261	76.423000
4.524614	0.481980	-4.018819	76.523000
4.514204	0.482821	-4.019642	76.623000
4.502854	0.483943	-4.031674	76.723000
4.492971	0.484240	-4.038556	76.823000
4.483102	0.482467	-4.024354	76.923000
4.471954	0.481562	-4.031025	77.023000
4.461765	0.481471	-4.032198	77.123000
4.450928	0.481383	-4.032012	77.223000
4.440517	0.481301	-4.022944	77.323000
4.430058	0.481150	-4.017841	77.423000
4.419336	0.481218	-4.018004	77.523000
4.408992	0.481472	-4.018332	77.623000
4.398357	0.481668	-4.018513	77.723000
4.387721	0.481477	-4.018324	77.823000
4.377009	0.481662	-4.018508	77.923000
4.366427	0.483529	-4.020350	78.023000
4.355900	0.481706	-4.026521	78.123000
4.345511	0.481327	-4.033422	78.223000
4.334751	0.481500	-4.035622	78.323000
4.324257	0.481603	-4.035511	78.423000
4.313498	0.482706	-4.041786	78.523000
4.303113	0.484090	-4.041637	78.623000
4.292827	0.482776	-4.036876	78.723000
4.282013	0.481563	-4.033804	78.823000
4.271838	0.481389	-4.026880	78.923000
4.261336	0.481380	-4.018234	79.023000
4.250461	0.481237	-4.018480	79.123000
4.240324	0.481479	-4.034174	79.223000
4.229959	0.483416	-4.050427	79.323000
4.218754	0.484100	-4.051070	79.423000
4.208215	0.483894	-4.050078	79.523000
4.197516	0.483321	-4.037191	79.623000
4.186862	0.483387	-4.037712	79.723000
4.176021	0.482530	-4.047945	79.823000
4.165389	0.481696	-4.048787	79.923000
4.154894	0.481644	-4.049183	80.023000
4.144044	0.482785	-4.049810	80.123000
4.132931	0.482588	-4.049630	80.223000
4.122419	0.481802	-4.048440	80.323000
4.111856	0.481562	-4.048640	80.423000
4.101246	0.483157	-4.050171	80.523000
4.090533	0.484478	-4.051451	80.623000
4.079312	0.485832	-4.052309	80.723000
4.068112	0.486560	-4.053483	80.823000
4.056978	0.484751	-4.051742	80.923000
4.046395	0.483780	-4.050806	81.023000
4.036395	0.483685	-4.050702	81.123000
4.024470	0.483731	-4.058794	81.223000
4.014896	0.484057	-4.067417	81.323000
4.002210	0.484156	-4.067536	81.423000
3.992371	0.484235	-4.067609	81.523000
3.982707	0.485302	-4.078346	81.623000
3.971489	0.484704	-4.080041	81.723000
3.960166	0.482507	-4.065611	81.823000
3.948969	0.481457	-4.062645	81.923000
3.937514	0.481524	-4.065902	82.023000
3.926302	0.482369	-4.066814	82.123000
3.915709	0.484233	-4.079002	82.223000
3.905176	0.483898	-4.077882	82.323000
3.894991	0.484307	-4.081032	82.423000
3.884313	0.483951	-4.080676	82.523000
3.871036	0.482874	-4.079587	82.623000
3.860908	0.482897	-4.081051	82.723000
3.851902	0.481355	-4.090471	82.823000
3.840162	0.481023	-4.100060	82.923000
3.828539	0.479177	-4.106189	83.023000
3.818417	0.479990	-4.107002	83.123000
3.807671	0.479402	-4.111399	83.223000
3.795964	0.480285	-4.117131	83.323000
3.786156	0.479419	-4.116890	83.423000
3.774909	0.479118	-4.116452	83.523000
3.762656	0.479038	-4.113606	83.623000
3.754265	0.479056	-4.113715	83.723000
3.740658	0.479573	-4.114865	83.823000
3.731820	0.479604	-4.122277	83.923000
3.719458	0.479185	-4.117205	84.023000
3.708934	0.479112	-4.106586	84.123000
3.698186	0.479186	-4.109683	84.223000
3.686786	0.479108	-4.128698	84.323000
3.676426	0.479355	-4.144199	84.423000
3.664704	0.479574	-4.140438	84.523000
3.654769	0.478969	-4.148689	84.623000
3.642625	0.478884	-4.150503	84.723000
3.631373	0.478962	-4.156056	84.823000
3.620885	0.479034	-4.168347	84.923000
3.609610	0.478937	-4.168304	85.023000
3.599002	0.478832	-4.167795	85.123000
3.588450	0.479110	-4.175257	85.223000
3.576166	0.478955	-4.176164	85.323000
3.565801	0.478881	-4.179113	85.423000
3.555251	0.477606	-4.191346	85.523000
3.542192	0.476309	-4.195868	85.623000
3.533420	0.476457	-4.195800	85.723000
3.520651	0.476764	-4.196263	85.823000
3.509697	0.476686	-4.210018	85.923000
3.498718	0.477530	-4.211924	86.023000
3.487457	0.477459	-4.212792	86.123000
3.476042	0.475423	-4.210471	86.223000
3.466206	0.472119	-4.221492	86.323000
3.453781	0.471800	-4.229929	86.423000
3.442406	0.470502	-4.238369	86.523000
3.432707	0.470417	-4.245586	86.623000
3.422017	0.469251	-4.251045	86.723000
3.410480	0.466936	-4.250883	86.823000
3.399289	0.468553	-4.261030	86.923000
3.387629	0.470677	-4.266033	87.023000
3.376343	0.470618	-4.254705	87.123000
3.365248	0.469103	-4.260793	87.223000
3.354245	0.468100	-4.269119	87.323000
3.343180	0.467320	-4.282926	87.423000
3.331574	0.466909	-4.290688	87.523000
3.320130	0.466999	-4.296710	87.623000
3.310068	0.466928	-4.307041	87.723000
3.299163	0.465916	-4.304733	87.823000
3.287420	0.465006	-4.305099	87.923000
3.277086	0.464676	-4.311168	88.023000
3.265287	0.462424	-4.310909	88.123000
3.254796	0.461823	-4.318688	88.223000
3.243687	0.461911	-4.332325	88.323000
3.232210	0.463223	-4.343407	88.423000
3.220789	0.463445	-4.347696	88.523000
3.209738	0.461821	-4.354989	88.623000
3.198611	0.460428	-4.356972	88.723000
3.187118	0.459311	-4.362554	88.823000
3.175984	0.457467	-4.373985	88.923000
3.165155	0.456969	-4.384945	89.023000
3.153900	0.456960	-4.390217	89.123000
3.142567	0.456305	-4.402407	89.223000
3.131400	0.455292	-4.403238	89.323000
3.120059	0.453217	-4.403801	89.423000
3.108827	0.451932	-4.410944	89.523000
3.097829	0.452014	-4.424605	89.623000
3.086739	0.451948	-4.433282	89.723000
3.075296	0.451933	-4.443863	89.823000
3.064343	0.450228	-4.461857	89.923000
3.053044	0.449504	-4.465355	90.023000
3.041369	0.447666	-4.463768	90.123000
3.030863	0.446775	-4.470592	90.223000
3.018996	0.443985	-4.480693	90.323000
3.007450	0.441463	-4.495732	90.423000
2.996465	0.439361	-4.493330	90.523000
2.984882	0.437276	-4.499938	90.623000
2.973961	0.438680	-4.536451	90.723000
2.962515	0.436720	-4.548191	90.823000
2.950876	0.434222	-4.548762	90.923000
2.939608	0.432583	-4.557887	91.023000
2.928492	0.430433	-4.564663	91.123000
2.917490	0.427983	-4.567797	91.223000
2.906893	0.426921	-4.580983	91.323000
2.895107	0.425619	-4.584783	91.423000
2.884663	0.422306	-4.589255	91.523000
2.871276	0.419282	-4.596386	91.623000
2.861089	0.416070	-4.602559	91.723000
2.848243	0.413865	-4.625792	91.823000
2.836925	0.413706	-4.635008	91.923000
2.826354	0.412739	-4.637534	92.023000
2.815695	0.411231	-4.644657	92.123000
2.803573	0.409147	-4.651983	92.223000
2.792351	0.406513	-4.659749	92.323000
2.781218	0.402497	-4.672622	92.423000
2.769945	0.399417	-4.690860	92.523000
2.758716	0.396670	-4.698120	92.623000
2.747130	0.396661	-4.709244	92.723000
2.735324	0.395766	-4.715140	92.823000
2.724043	0.392457	-4.723963	92.923000
2.712660	0.389716	-4.739825	93.023000
2.701133	0.386541	-4.750156	93.123000
2.689411	0.382494	-4.761577	93.223000
2.678501	0.380777	-4.773242	93.323000
2.667419	0.377734	-4.787025	93.423000
2.655798	0.374815	-4.795645	93.523000
2.645516	0.373413	-4.792371	93.623000
2.632581	0.371649	-4.796846	93.723000
2.623467	0.369298	-4.810121	93.823000
2.610646	0.366500	-4.829722	93.923000
2.599681	0.364624	-4.834797	94.023000
2.588610	0.364308	-4.845320	94.123000
2.575203	0.362346	-4.849700	94.223000
2.566055	0.360201	-4.857238	94.323000
2.553064	0.356352	-4.859365	94.423000
2.541374	0.353942	-4.864964	94.523000
2.530235	0.350553	-4.871472	94.623000
2.518686	0.347924	-4.890982	94.723000
2.507241	0.344719	-4.895729	94.823000
2.495803	0.342123	-4.897611	94.923000
2.484580	0.339012	-4.907943	95.023000
2.472426	0.337329	-4.929426	95.123000
2.461097	0.335934	-4.948583	95.223000
2.449579	0.334976	-4.959501	95.323000
2.438714	0.334405	-4.962328	95.423000
2.426820	0.332416	-4.962674	95.523000
2.415262	0.329488	-4.965133	95.623000
2.402531	0.327266	-4.978802	95.723000
2.391145	0.327884	-5.000723	95.823000
2.382371	0.326148	-5.007845	95.923000
2.369730	0.321877	-5.017765	96.023000
2.356071	0.319759	-5.046642	96.123000
2.346735	0.321749	-5.110510	96.223000
2.336213	0.336219	-5.248831	96.323000
2.322244	0.365047	-5.476476	96.423000
2.310588	0.406506	-5.740154	96.523000
2.300395	0.444511	-5.949757	96.623000
2.289556	0.459233	-6.078037	96.723000
2.277238	0.450504	-6.107098	96.823000
2.265842	0.425396	-6.084649	96.923000
2.254564	0.395416	-6.042052	97.023000
2.242969	0.366826	-5.997370	97.123000
2.231586	0.341350	-5.959617	97.223000
2.220246	0.319893	-5.924118	97.323000
2.208566	0.302843	-5.878344	97.423000
2.197576	0.286948	-5.835483	97.523000
2.186244	0.272573	-5.796635	97.623000
2.173005	0.261627	-5.744838	97.723000
2.163548	0.252371	-5.690303	97.823000
2.152833	0.244887	-5.641351	97.923000
2.138915	0.238351	-5.597961	98.023000
2.128559	0.232130	-5.545045	98.123000
2.116562	0.225418	-5.494708	98.223000
2.105747	0.219558	-5.437424	98.323000
2.094436	0.215419	-5.365880	98.423000
2.081613	0.212027	-5.334006	98.523000
2.070757	0.209075	-5.299015	98.624000
2.059098	0.205057	-5.263626	98.723000
2.047859	0.200878	-5.235725	98.823000
2.036069	0.197930	-5.173574	98.923000
2.024465	0.194804	-5.140927	99.023000
2.013189	0.191559	-5.125620	99.123000
2.001716	0.187976	-5.100449	99.223000
1.990133	0.186134	-5.041434	99.323000
1.979027	0.184097	-4.998782	99.423000
1.966889	0.182838	-4.957714	99.523000
1.955573	0.181533	-4.932626	99.623000
1.942935	0.181145	-4.901141	99.723000
1.932349	0.179124	-4.892590	99.823000
1.920834	0.178793	-4.869605	99.923000
1.908783	0.176865	-4.850912	100.023000
1.898353	0.174313	-4.815506	100.123000
1.886077	0.171618	-4.792146	100.223000
1.873954	0.170372	-4.787911	100.323000
1.862852	0.169309	-4.766621	100.423000
1.851426	0.168920	-4.746477	100.523000
1.839763	0.168828	-4.721892	100.623000
1.827895	0.168895	-4.710700	100.723000
1.816003	0.168272	-4.711721	100.823000
1.804498	0.166399	-4.714908	100.923000
1.792879	0.166093	-4.710007	101.023000
1.781218	0.165874	-4.676545	101.123000
1.769676	0.164675	-4.674461	101.223000
1.757956	0.163666	-4.678192	101.323000
1.746631	0.162326	-4.677976	101.423000
1.734991	0.160948	-4.677820	101.523000
1.723397	0.161114	-4.671789	101.623000
1.712481	0.162382	-4.675086	101.723000
1.699651	0.160940	-4.676384	101.823000
1.689672	0.159692	-4.670656	101.923000
1.678000	0.158900	-4.667167	102.023000
1.665269	0.158608	-4.635186	102.123000
1.655511	0.158679	-4.652658	102.223000
1.643023	0.158635	-4.659189	102.323000
1.631565	0.157664	-4.643100	102.423000
1.619608	0.156186	-4.637429	102.523000
1.607927	0.156253	-4.603425	102.623000
1.596336	0.156420	-4.593764	102.723000
1.584919	0.156412	-4.611715	102.823000
1.573392	0.156249	-4.616956	102.923000
1.561560	0.156177	-4.617010	103.023000
1.550214	0.156344	-4.604042	103.123000
1.537910	0.155722	-4.592879	103.223000
1.526832	0.152992	-4.566842	103.323000
1.515275	0.151826	-4.561155	103.423000
1.503461	0.153150	-4.571090	103.523000
1.491471	0.154445	-4.564091	103.623000
1.479555	0.155375	-4.586904	103.723000
1.468157	0.154794	-4.593513	103.823000
1.456387	0.154890	-4.591988	103.923000
1.445021	0.154565	-4.592317	104.023000
1.433579	0.153363	-4.593052	104.123000
1.421219	0.151261	-4.588837	104.223000
1.409738	0.152616	-4.528248	104.323000
1.398054	0.151513	-4.487407	104.423000
1.386370	0.151291	-4.450754	104.523000
1.374999	0.151208	-4.453242	104.623000
1.363026	0.151210	-4.497860	104.723000
1.351074	0.151447	-4.496414	104.823000
1.339620	0.152799	-4.500685	104.923000
1.327583	0.151342	-4.497869	105.023000
1.316343	0.151773	-4.486535	105.123000
1.304650	0.151290	-4.457972	105.223000
1.292837	0.151367	-4.491459	105.323000
1.281054	0.152292	-4.497854	105.423000
1.269421	0.151419	-4.497869	105.523000
1.257801	0.151208	-4.494861	105.623000
1.246268	0.150540	-4.497868	105.723000
1.234533	0.148848	-4.486586	105.823000
1.222767	0.148903	-4.451367	105.923000
1.211357	0.148824	-4.448344	106.023000
1.199475	0.148901	-4.450015	106.123000
1.188236	0.147978	-4.483297	106.223000
1.176599	0.147580	-4.496530	106.323000
1.164879	0.148908	-4.448417	106.423000
1.153463	0.148834	-4.449971	106.523000
1.142094	0.148896	-4.451817	106.623000
1.130562	0.148756	-4.469850	106.723000
1.118768	0.148869	-4.449973	106.823000
1.107154	0.150754	-4.452015	106.923000
1.095339	0.149195	-4.453426	107.023000
1.083472	0.149284	-4.476297	107.123000
1.071565	0.148839	-4.449890	107.223000
1.059914	0.148667	-4.414874	107.323000
1.048248	0.146543	-4.423349	107.423000
1.036698	0.148035	-4.448353	107.523000
1.024798	0.148877	-4.448394	107.623000
1.012978	0.149060	-4.413611	107.723000
1.001043	0.149681	-4.401755	107.823000
0.989606	0.148910	-4.402465	107.923000
0.978017	0.148897	-4.400925	108.023000
0.966597	0.148744	-4.400756	108.123000
0.954278	0.148965	-4.400981	108.223000
0.942754	0.148101	-4.400068	108.323000
0.930823	0.146469	-4.398306	108.423000
0.919421	0.147327	-4.399232	108.523000
0.907766	0.147799	-4.395359	108.623000
0.895910	0.147138	-4.397620	108.723000
0.883945	0.146329	-4.396619	108.823000
0.872317	0.147910	-4.399836	108.923000
0.860564	0.148840	-4.400837	109.023000
0.849122	0.150088	-4.402171	109.123000
0.837597	0.148832	-4.385659	109.223000
0.825780	0.148823	-4.387434	109.323000
0.813806	0.148881	-4.400917	109.423000
0.802178	0.148807	-4.400831	109.523000
0.790486	0.148549	-4.400560	109.623000
0.778630	0.146515	-4.398382	109.723000
0.767327	0.146331	-4.398170	109.823000
0.755203	0.146373	-4.398222	109.923000
0.743485	0.146324	-4.398154	110.023000
0.731634	0.147701	-4.399628	110.123000
0.719887	0.148730	-4.400757	110.223000
0.708532	0.148077	-4.400064	110.323000
0.696675	0.146307	-4.398146	110.423000
0.685139	0.146301	-4.398147	110.523000
0.673423	0.146458	-4.398306	110.623000
0.661740	0.147816	-4.409213	110.723000
0.650251	0.148736	-4.402324	110.823000
0.638533	0.148346	-4.401934	110.923000
0.627048	0.148579	-4.400579	111.023000
0.615506	0.146727	-4.400221	111.123000
0.603912	0.146240	-4.402825	111.223000
0.592389	0.146310	-4.398155	111.323000
0.581102	0.147012	-4.398886	111.423000
0.569351	0.146462	-4.398331	111.523000
0.557449	0.147024	-4.398920	111.623000
0.545700	0.148141	-4.400132	111.723000
0.534092	0.147169	-4.399084	111.823000
0.522190	0.146367	-4.401325	111.923000
0.510694	0.146296	-4.398171	112.023000
0.499167	0.146290	-4.362255	112.123000
0.487167	0.146381	-4.386849	112.223000
0.475947	0.146284	-4.398155	112.323000
0.464059	0.146369	-4.398222	112.423000
0.452372	0.146286	-4.398141	112.523000
0.441054	0.147297	-4.399177	112.623000
0.429025	0.147903	-4.399889	112.723000
0.417035	0.148676	-4.399200	112.823000
0.405355	0.148866	-4.370551	112.923000
0.393930	0.148792	-4.355036	113.023000
0.382067	0.148493	-4.389193	113.123000
0.370614	0.147307	-4.399221	113.223000
0.358426	0.147299	-4.399202	113.323000
0.346439	0.148730	-4.418166	113.423000
0.334599	0.147359	-4.448160	113.523000
0.323042	0.148157	-4.416526	113.623000
0.311507	0.147460	-4.399402	113.723000
0.299827	0.146349	-4.398210	113.823000
0.287740	0.146274	-4.398142	113.923000
0.276113	0.146425	-4.393352	114.023000
0.264640	0.146280	-4.371589	114.123000
0.252690	0.146206	-4.383068	114.223000
0.241282	0.146353	-4.367331	114.323000
0.229429	0.146289	-4.371020	114.423000
0.217228	0.146356	-4.388026	114.523000
0.205484	0.146265	-4.398130	114.623000
0.193510	0.146337	-4.399811	114.723000
0.181958	0.146818	-4.409597	114.823000
0.170311	0.146044	-4.398028	114.923000
0.158674	0.144149	-4.397946	115.023000
0.147212	0.144668	-4.397947	115.123000
0.135483	0.145112	-4.397953	115.223000
0.123775	0.146051	-4.385242	115.323000
0.113382	0.146309	-4.351089	115.423000
0.107522	0.146176	-4.380447	115.523000
0.103118	0.145990	-4.396425	115.623000
0.099641	0.144421	-4.360086	115.723000
0.096358	0.143654	-4.358741	115.823000
0.093366	0.142046	-4.396429	115.923000
0.091080	0.143390	-4.384895	116.023000
0.088800	0.141651	-4.344610	116.123000
0.086826	0.141348	-4.345635	116.223000
0.085172	0.142565	-4.347872	116.323000
0.083256	0.143880	-4.348591	116.423000
0.081778	0.143810	-4.345124	116.523000
0.080248	0.143795	-4.348444	116.623000
0.078916	0.143797	-4.345274	116.723000
0.077523	0.143946	-4.348667	116.823000
0.076424	0.143880	-4.346907	116.923000
0.075169	0.144487	-4.349236	117.023000
0.074071	0.144187	-4.348937	117.123000
0.073021	0.144720	-4.335028	117.223000
0.072144	0.144959	-4.327652	117.323000
0.071167	0.143942	-4.341146	117.423000
0.070242	0.143792	-4.309276	117.523000
0.069179	0.143704	-4.315013	117.623000
0.068452	0.143475	-4.339930	117.723000
0.067729	0.142544	-4.346252	117.823000
0.067174	0.141425	-4.344091	117.923000
0.066581	0.141349	-4.333322	118.023000
0.065776	0.141201	-4.295258	118.123000
0.065130	0.141379	-4.295332	118.223000
0.064425	0.143247	-4.295723	118.323000
0.063885	0.143865	-4.296369	118.423000
0.063194	0.143812	-4.301012	118.523000
0.062913	0.144035	-4.303987	118.623000
0.062319	0.143939	-4.321067	118.723000
0.061811	0.143474	-4.311484	118.823000
0.061101	0.142633	-4.295079	118.923000
0.060715	0.143802	-4.296256	119.023000
0.060283	0.143868	-4.296410	119.123000
0.059935	0.143789	-4.297860	119.223000
0.059560	0.143799	-4.296257	119.323000
0.058938	0.142624	-4.295131	119.423000
0.058641	0.141174	-4.293615	119.523000
0.058104	0.141268	-4.293681	119.623000
0.057835	0.141435	-4.293854	119.723000
0.057311	0.143283	-4.297362	119.823000
0.056837	0.145301	-4.330459	119.923000
0.056481	0.143861	-4.348347	120.023000
0.056381	0.141263	-4.345495	120.123000
0.056008	0.141162	-4.343715	120.223000
0.055702	0.141261	-4.342269	120.323000
0.055333	0.141178	-4.343718	120.423000
0.054887	0.141097	-4.367657	120.523000
0.054858	0.141015	-4.352408	120.623000
0.054706	0.141276	-4.342370	120.723000
0.054321	0.141415	-4.315884	120.823000
0.054049	0.143780	-4.297965	120.923000
0.053922	0.144042	-4.297976	121.023000
0.053514	0.143874	-4.300080	121.123000
0.053353	0.144096	-4.302482	121.223000
0.053194	0.143805	-4.310185	121.323000
0.052952	0.143133	-4.297194	121.423000
0.052668	0.143566	-4.303442	121.523000
0.052610	0.143902	-4.297440	121.623000
0.052216	0.143822	-4.296339	121.723000
0.052098	0.144344	-4.289372	121.823000
0.051746	0.143789	-4.296330	121.923000
0.051642	0.143792	-4.296248	122.023000
0.051608	0.144339	-4.297349	122.123000
0.051155	0.143389	-4.308224	122.223000
0.050962	0.141376	-4.342402	122.323000
0.050849	0.141486	-4.344329	122.423000
0.050951	0.141452	-4.344218	122.523000
0.050488	0.141213	-4.345421	122.623000
0.050381	0.141163	-4.311368	122.723000
0.050247	0.141329	-4.293843	122.823000
0.050175	0.143034	-4.295471	122.923000
0.049901	0.143947	-4.296571	123.023000
0.049924	0.145965	-4.302138	123.123000
0.049704	0.146099	-4.337129	123.223000
0.049711	0.145487	-4.350329	123.323000
0.049505	0.143853	-4.348606	123.423000
0.049176	0.143129	-4.347311	123.523000
0.049285	0.142415	-4.345994	123.623000
0.049208	0.141689	-4.349581	123.723000
0.048923	0.143673	-4.349825	123.823000
0.048794	0.143788	-4.338801	123.923000
0.048763	0.142329	-4.337702	124.023000
0.048581	0.141359	-4.344074	124.123000
0.048614	0.141558	-4.342705	124.223000
0.048340	0.141912	-4.308794	124.323000
0.048267	0.143618	-4.301013	124.423000
0.048052	0.143778	-4.335021	124.523000
0.047993	0.143863	-4.348608	124.623000
0.048014	0.143786	-4.343625	124.723000
0.047920	0.143795	-4.345108	124.823000
0.047812	0.145177	-4.349979	124.923000
0.047611	0.144925	-4.349727	125.023000
0.047607	0.143862	-4.348617	125.123000
0.047507	0.141767	-4.344810	125.223000
0.047526	0.141166	-4.309257	125.323000
0.047346	0.142139	-4.294642	125.423000
0.047170	0.143371	-4.322965	125.523000
0.047139	0.143777	-4.342142	125.623000
0.046929	0.143140	-4.305482	125.723000
0.046896	0.142236	-4.294710	125.823000
0.046614	0.142607	-4.295066	125.923000
0.046839	0.141582	-4.297220	126.023000
0.046739	0.142207	-4.294756	126.123000
0.046759	0.144167	-4.297034	126.223000
0.046722	0.143873	-4.296605	126.323000
0.046643	0.141336	-4.293783	126.423000
