-0.785497	0.584547	-4.275743	30.878000
-0.784453	0.581996	-4.275374	30.978000
-0.784288	0.580305	-4.286157	31.078000
-0.784199	0.586067	-4.320359	31.178000
-0.784315	0.586677	-4.300820	31.278000
-0.784269	0.598251	-4.322766	31.378000
-0.784205	0.592435	-4.365655	31.478000
-0.784417	0.581088	-4.407043	31.578000
-0.784275	0.578877	-4.421852	31.678000
-0.784266	0.593933	-4.425964	31.779000
-0.784143	0.598763	-4.460455	31.878000
-0.784373	0.599474	-4.479183	31.978000
-0.784334	0.591352	-4.438121	32.078000
-0.784440	0.575599	-4.355123	32.178000
-0.784160	0.562685	-4.362511	32.278000
-0.784316	0.568428	-4.384224	32.378000
-0.784333	0.576947	-4.386943	32.479000
-0.784140	0.589168	-4.409963	32.578000
-0.784135	0.584910	-4.447149	32.678000
-0.784256	0.574118	-4.463571	32.778000
-0.784207	0.569290	-4.450972	32.878000
-0.784236	0.575747	-4.416661	32.978000
-0.784188	0.583133	-4.403930	33.078000
-0.784068	0.584407	-4.378878	33.179000
-0.784043	0.585919	-4.298718	33.278000
-0.784148	0.584581	-4.166165	33.378000
-0.784266	0.591205	-4.126203	33.478000
-0.784134	0.593414	-4.155207	33.578000
-0.784122	0.601680	-4.197227	33.678000
-0.784490	0.605706	-4.310652	33.778000
-0.784262	0.608635	-4.403778	33.878000
-0.783671	0.624238	-4.369576	33.978000
-0.778881	0.630340	-4.301307	34.078000
-0.772395	0.653312	-4.246111	34.178000
-0.765433	0.733548	-4.206267	34.278000
-0.758023	0.715602	-4.262060	34.378000
-0.750351	0.671054	-4.328665	34.478000
-0.742416	0.637342	-4.343949	34.578000
-0.734429	0.620483	-4.293014	34.678000
-0.725888	0.607848	-4.295655	34.778000
-0.717664	0.591174	-4.339902	34.878000
-0.708505	0.586154	-4.416654	34.978000
-0.699571	0.591134	-4.449769	35.078000
-0.691179	0.588176	-4.466958	35.178000
-0.682323	0.595994	-4.389786	35.278000
-0.673350	0.598331	-4.298615	35.378000
-0.664264	0.596114	-4.244053	35.478000
-0.654880	0.594865	-4.209220	35.578000
-0.645616	0.601652	-4.218785	35.678000
-0.636463	0.605604	-4.298697	35.778000
-0.627093	0.591060	-4.355830	35.878000
-0.617717	0.576227	-4.350909	35.978000
-0.608221	0.573552	-4.307336	36.078000
-0.598553	0.592387	-4.302444	36.178000
-0.588941	0.602588	-4.356378	36.278000
-0.579758	0.608724	-4.366248	36.378000
-0.570301	0.618980	-4.389312	36.478000
-0.560795	0.623472	-4.361608	36.578000
-0.550922	0.620974	-4.353815	36.678000
-0.540855	0.610725	-4.382373	36.778000
-0.531582	0.597420	-4.391952	36.878000
-0.521608	0.585722	-4.359905	36.978000
-0.512078	0.576284	-4.318868	37.078000
-0.502573	0.576548	-4.255096	37.178000
-0.492243	0.590841	-4.210158	37.278000
-0.482520	0.597310	-4.259864	37.378000
-0.472869	0.603016	-4.337376	37.478000
-0.462825	0.601055	-4.423924	37.578000
-0.453468	0.605248	-4.426863	37.678000
-0.443263	0.610672	-4.380603	37.779000
-0.432841	0.606238	-4.424844	37.878000
-0.423173	0.597058	-4.470909	37.978000
-0.413270	0.587980	-4.401945	38.078000
-0.403501	0.587543	-4.278373	38.178000
-0.393690	0.601248	-4.274690	38.278000
-0.383861	0.598446	-4.336059	38.378000
-0.373676	0.603995	-4.345091	38.478000
-0.363692	0.613158	-4.292990	38.578000
-0.353847	0.619429	-4.372833	38.678000
-0.343676	0.609550	-4.425727	38.778000
-0.333665	0.609951	-4.355013	38.878000
-0.323628	0.607063	-4.299900	38.978000
-0.313323	0.591906	-4.283731	39.078000
-0.303566	0.586870	-4.231710	39.178000
-0.293579	0.598296	-4.170776	39.278000
-0.283369	0.603349	-4.244993	39.378000
-0.273347	0.605525	-4.285360	39.478000
-0.262572	0.599512	-4.271895	39.578000
-0.252483	0.588254	-4.282574	39.678000
-0.242100	0.595488	-4.394123	39.778000
-0.231907	0.609490	-4.413569	39.878000
-0.221919	0.620753	-4.372745	39.978000
-0.211459	0.614361	-4.381089	40.078000
-0.200969	0.607857	-4.395554	40.178000
-0.190730	0.604723	-4.433785	40.278000
-0.180422	0.591195	-4.412536	40.378000
-0.170060	0.586434	-4.369943	40.478000
-0.159783	0.593533	-4.357209	40.578000
-0.149389	0.593499	-4.319300	40.678000
-0.138581	0.599399	-4.245293	40.781000
-0.128313	0.614951	-4.195364	40.878000
-0.118288	0.615577	-4.199885	40.978000
-0.107936	0.607215	-4.197427	41.078000
-0.097766	0.600149	-4.243974	41.178000
-0.086898	0.600466	-4.300565	41.278000
-0.076224	0.602240	-4.305236	41.378000
-0.065913	0.602387	-4.276943	41.478000
-0.055701	0.605060	-4.208050	41.578000
-0.045008	0.601689	-4.223044	41.678000
-0.034668	0.596140	-4.319419	41.778000
-0.023948	0.601763	-4.365840	41.878000
-0.013506	0.606655	-4.389327	41.978000
-0.003024	0.606078	-4.408184	42.078000
0.007607	0.599809	-4.453421	42.178000
0.018021	0.598324	-4.513930	42.278000
0.028687	0.596855	-4.502318	42.378000
0.039564	0.596814	-4.410247	42.478000
0.050325	0.599221	-4.310809	42.579000
0.060790	0.604818	-4.315053	42.678000
0.071383	0.600815	-4.368749	42.779000
0.082015	0.584114	-4.358435	42.878000
0.092353	0.587381	-4.328990	42.978000
0.102995	0.594456	-4.342424	43.078000
0.113605	0.587300	-4.337416	43.178000
0.124258	0.581279	-4.328912	43.278000
0.134602	0.585404	-4.335854	43.378000
0.145146	0.578641	-4.348026	43.478000
0.155786	0.583823	-4.342214	43.578000
0.166669	0.595366	-4.323605	43.678000
0.176874	0.605842	-4.292902	43.778000
0.187397	0.606624	-4.316724	43.878000
0.198260	0.615967	-4.291729	43.978000
0.208889	0.626960	-4.248520	44.078000
0.219988	0.624363	-4.236892	44.178000
0.230896	0.606786	-4.222200	44.278000
0.241327	0.583265	-4.195035	44.378000
0.252163	0.564282	-4.225874	44.479000
0.262410	0.570060	-4.273894	44.578000
0.273270	0.580709	-4.271120	44.678000
0.284337	0.577735	-4.272703	44.778000
0.295278	0.576977	-4.265106	44.878000
0.305874	0.594728	-4.299128	44.978000
0.316485	0.613238	-4.326718	45.078000
0.327485	0.613800	-4.367286	45.178000
0.338658	0.610550	-4.390114	45.278000
0.349588	0.613643	-4.337381	45.378000
0.360113	0.600332	-4.264911	45.478000
0.371013	0.589988	-4.223991	45.578000
0.381755	0.585923	-4.217620	45.678000
0.392886	0.589112	-4.266141	45.778000
0.404100	0.600568	-4.353462	45.878000
0.414805	0.608393	-4.379241	45.978000
0.425653	0.608580	-4.380359	46.078000
0.436364	0.609978	-4.401145	46.178000
0.447327	0.624305	-4.454957	46.278000
0.458254	0.644889	-4.467295	46.378000
0.469224	0.654922	-4.477421	46.478000
0.480289	0.654469	-4.554412	46.578000
0.491288	0.634721	-4.530192	46.678000
0.502126	0.605048	-4.439689	46.778000
0.513179	0.591955	-4.340079	46.878000
0.524003	0.600672	-4.317798	46.978000
0.534999	0.605951	-4.322134	47.078000
0.546228	0.609894	-4.343347	47.178000
0.556449	0.617665	-4.356867	47.278000
0.567535	0.614068	-4.299706	47.378000
0.578577	0.604181	-4.241033	47.478000
0.589233	0.592827	-4.310608	47.578000
0.600092	0.589872	-4.370381	47.678000
0.611073	0.601605	-4.398640	47.778000
0.621919	0.620414	-4.361194	47.879000
0.632962	0.616146	-4.298062	47.978000
0.643641	0.612751	-4.236944	48.078000
0.654899	0.619931	-4.243406	48.178000
0.665866	0.622993	-4.289541	48.278000
0.676503	0.610947	-4.309205	48.378000
0.687689	0.599863	-4.371351	48.478000
0.698726	0.603144	-4.425238	48.579000
0.710076	0.613149	-4.498950	48.678000
0.720976	0.612012	-4.513953	48.778000
0.732530	0.608602	-4.427382	48.878000
0.743356	0.606612	-4.349929	48.978000
0.754308	0.612142	-4.280345	49.078000
0.765446	0.603099	-4.219911	49.178000
0.776458	0.597789	-4.175831	49.278000
0.787773	0.597864	-4.243676	49.378000
0.798764	0.597942	-4.319755	49.478000
0.809915	0.592649	-4.350854	49.578000
0.821168	0.583027	-4.296562	49.678000
0.832029	0.587515	-4.250481	49.778000
0.843357	0.589343	-4.256351	49.878000
0.854702	0.593815	-4.245749	49.978000
0.865562	0.588120	-4.297726	50.078000
0.876654	0.583739	-4.290935	50.178000
0.887492	0.599438	-4.302381	50.278000
0.898508	0.607487	-4.388113	50.378000
0.910013	0.592943	-4.362667	50.478000
0.921062	0.593585	-4.306787	50.578000
0.932097	0.593676	-4.300029	50.678000
0.943108	0.585955	-4.296503	50.778000
0.954251	0.577781	-4.217724	50.878000
0.965541	0.579462	-4.218283	50.978000
0.976913	0.595621	-4.247035	51.078000
0.987844	0.611404	-4.234013	51.178000
0.999062	0.606174	-4.276126	51.278000
1.009908	0.593606	-4.342707	51.378000
1.021291	0.587007	-4.271423	51.478000
1.032816	0.589998	-4.225490	51.578000
1.044418	0.607856	-4.223529	51.678000
1.055354	0.613383	-4.218159	51.778000
1.066450	0.611308	-4.248176	51.878000
1.077753	0.600479	-4.301453	51.978000
1.088516	0.593559	-4.278415	52.078000
1.100013	0.589096	-4.229956	52.178000
1.111264	0.596201	-4.237807	52.278000
1.122415	0.604563	-4.255574	52.378000
1.133322	0.609815	-4.357739	52.478000
1.144342	0.609829	-4.366476	52.578000
1.155572	0.615727	-4.352355	52.678000
1.166815	0.609828	-4.422369	52.778000
1.177956	0.612481	-4.416373	52.878000
1.189234	0.619578	-4.459908	52.978000
1.200381	0.607134	-4.475819	53.078000
1.210781	0.608611	-4.436966	53.178000
1.223499	0.601826	-4.380181	53.278000
1.234558	0.592082	-4.313952	53.378000
1.245798	0.601063	-4.308589	53.478000
1.256505	0.606786	-4.357088	53.578000
1.267591	0.605074	-4.415192	53.678000
1.278782	0.601290	-4.525620	53.779000
1.290441	0.583112	-4.549712	53.878000
1.301655	0.589729	-4.506357	53.978000
1.313066	0.600045	-4.446673	54.078000
1.324163	0.607359	-4.434343	54.178000
1.335104	0.602173	-4.418641	54.278000
1.346813	0.600137	-4.419202	54.378000
1.358348	0.595048	-4.470925	54.478000
1.369843	0.586643	-4.476342	54.578000
1.380765	0.589770	-4.548312	54.678000
1.392307	0.605904	-4.480606	54.778000
1.402982	0.617861	-4.421188	54.878000
1.415367	0.610131	-4.366601	54.978000
1.426281	0.608297	-4.323078	55.078000
1.437379	0.613262	-4.310628	55.178000
1.449059	0.622820	-4.279182	55.278000
1.460449	0.622421	-4.216333	55.378000
1.470999	0.617779	-4.196507	55.478000
1.482637	0.620138	-4.215543	55.578000
1.494046	0.620497	-4.244762	55.678000
1.505497	0.612082	-4.248194	55.778000
1.516557	0.619668	-4.258024	55.878000
1.527948	0.612056	-4.304482	55.978000
1.539125	0.610194	-4.332060	56.078000
1.550487	0.619567	-4.362176	56.178000
1.561998	0.613470	-4.363007	56.278000
1.573081	0.597652	-4.425229	56.378000
1.584207	0.582197	-4.460078	56.478000
1.595299	0.568948	-4.425509	56.578000
1.607015	0.557819	-4.394885	56.678000
1.618288	0.559920	-4.390337	56.778000
1.629816	0.560920	-4.385495	56.878000
1.641694	0.568915	-4.352382	56.978000
1.652102	0.589919	-4.301829	57.078000
1.663816	0.601222	-4.315777	57.178000
1.675054	0.603908	-4.338989	57.278000
1.686194	0.607645	-4.315418	57.379000
1.697884	0.601390	-4.323072	57.478000
1.709339	0.585731	-4.302636	57.578000
1.720389	0.583785	-4.333814	57.678000
1.731929	0.593949	-4.389909	57.778000
1.743754	0.612535	-4.426283	57.878000
1.755072	0.624645	-4.479895	57.978000
1.766445	0.614524	-4.435762	58.078000
1.777787	0.598427	-4.293090	58.178000
1.789047	0.587753	-4.193823	58.281000
1.801544	0.582793	-4.136986	58.378000
1.811972	0.592315	-4.146496	58.478000
1.823021	0.599907	-4.189854	58.578000
1.835182	0.594198	-4.256578	58.678000
1.846653	0.592399	-4.397247	58.778000
1.858174	0.595986	-4.542453	58.878000
1.869840	0.601749	-4.549113	58.978000
1.880651	0.593709	-4.454096	59.078000
1.892419	0.592336	-4.385206	59.178000
1.903075	0.598612	-4.343213	59.278000
1.914404	0.602427	-4.292966	59.378000
1.925427	0.598796	-4.248565	59.478000
1.937363	0.583714	-4.273893	59.578000
1.948780	0.580062	-4.378274	59.678000
1.960100	0.590321	-4.446494	59.778000
1.971335	0.598397	-4.461119	59.878000
1.982487	0.606777	-4.433634	59.978000
1.993719	0.623970	-4.448411	60.078000
2.005315	0.623389	-4.368607	60.178000
2.016760	0.611240	-4.365910	60.278000
2.027334	0.599309	-4.424719	60.378000
2.039291	0.591914	-4.461942	60.478000
2.050157	0.591137	-4.447161	60.578000
2.061642	0.597126	-4.398602	60.678000
2.072795	0.604772	-4.457326	60.778000
2.084236	0.596223	-4.495125	60.878000
2.095662	0.599734	-4.470316	60.978000
2.108426	0.601350	-4.487988	61.078000
2.118047	0.594631	-4.523845	61.178000
2.130815	0.582769	-4.510520	61.278000
2.140371	0.576850	-4.455540	61.378000
2.151293	0.588031	-4.377688	61.478000
2.162825	0.606094	-4.306233	61.578000
2.176004	0.614519	-4.345431	61.678000
2.186142	0.620582	-4.397244	61.778000
2.197311	0.611902	-4.347135	61.878000
2.208722	0.607789	-4.288800	61.978000
2.220739	0.607386	-4.281303	62.079000
2.231257	0.606458	-4.265493	62.178000
2.242675	0.597633	-4.354213	62.278000
2.254033	0.591557	-4.385523	62.378000
2.265117	0.587828	-4.400645	62.479000
2.276905	0.584953	-4.405913	62.578000
2.288236	0.587638	-4.402626	62.678000
2.299567	0.594334	-4.401212	62.778000
2.310818	0.611424	-4.401738	62.878000
2.322939	0.619811	-4.362936	62.978000
2.334113	0.619335	-4.335900	63.078000
2.345393	0.627634	-4.308161	63.178000
2.357064	0.630542	-4.261960	63.278000
2.368321	0.625299	-4.194037	63.378000
2.379518	0.626502	-4.266043	63.478000
2.391380	0.613562	-4.314575	63.578000
2.402715	0.597257	-4.367996	63.678000
2.413980	0.595397	-4.399670	63.778000
2.425515	0.599240	-4.441489	63.878000
2.436856	0.589830	-4.414182	63.978000
2.447116	0.574274	-4.309561	64.078000
2.458844	0.573828	-4.225287	64.178000
2.470807	0.578915	-4.198856	64.278000
2.482863	0.587009	-4.218800	64.378000
2.494079	0.593725	-4.328008	64.478000
2.506115	0.603856	-4.382936	64.578000
2.516195	0.600736	-4.345257	64.678000
2.528524	0.605673	-4.302709	64.778000
2.540686	0.619606	-4.284000	64.878000
2.550796	0.616708	-4.227186	64.978000
2.561648	0.611689	-4.149372	65.078000
2.574509	0.595520	-4.121806	65.178000
2.585834	0.591608	-4.105642	65.278000
2.598121	0.589999	-4.186022	65.378000
2.607543	0.590247	-4.223909	65.478000
2.622487	0.585908	-4.290703	65.578000
2.628480	0.591492	-4.374491	65.678000
2.644432	0.599423	-4.389245	65.778000
2.654784	0.601348	-4.362644	65.878000
2.662823	0.591947	-4.373031	65.978000
2.679253	0.578477	-4.401300	66.078000
2.686025	0.589463	-4.451745	66.178000
2.699607	0.588191	-4.392341	66.278000
2.710399	0.573791	-4.305893	66.378000
2.722065	0.575867	-4.296156	66.478000
2.734171	0.586990	-4.333649	66.578000
2.742572	0.605300	-4.397169	66.678000
2.758122	0.612374	-4.407985	66.778000
2.765779	0.604680	-4.410274	66.878000
2.779940	0.601451	-4.430680	66.978000
2.787885	0.597460	-4.421285	67.078000
2.802954	0.588149	-4.416886	67.178000
2.810819	0.591822	-4.386292	67.278000
2.826254	0.598500	-4.343648	67.378000
2.833517	0.608883	-4.337664	67.478000
2.849142	0.614753	-4.378394	67.578000
2.856629	0.613278	-4.416829	67.678000
2.872029	0.620581	-4.444839	67.778000
2.879947	0.616849	-4.429711	67.878000
2.892750	0.608976	-4.384118	67.978000
2.903599	0.602438	-4.364545	68.078000
2.916717	0.603928	-4.418149	68.178000
2.925822	0.599166	-4.451752	68.278000
2.939898	0.600253	-4.444342	68.378000
2.948234	0.602932	-4.391625	68.478000
2.962727	0.598563	-4.332681	68.578000
2.971172	0.597047	-4.329874	68.678000
2.986168	0.600585	-4.334001	68.778000
2.994113	0.593897	-4.324639	68.878000
3.008132	0.591951	-4.336994	68.978000
3.017719	0.586230	-4.330829	69.078000
3.029049	0.583403	-4.306829	69.178000
3.041391	0.592099	-4.347003	69.278000
3.052978	0.593424	-4.335624	69.378000
3.064250	0.594420	-4.334162	69.478000
3.076171	0.595756	-4.392316	69.578000
3.087059	0.586042	-4.446986	69.678000
3.098320	0.574504	-4.496653	69.778000
3.109823	0.574581	-4.449613	69.878000
3.121594	0.579843	-4.400288	69.978000
3.132718	0.594138	-4.411967	70.079000
3.143677	0.599175	-4.383695	70.178000
3.155656	0.597343	-4.355654	70.278000
3.166651	0.600393	-4.416851	70.378000
3.177847	0.605495	-4.419414	70.478000
3.189711	0.606776	-4.375764	70.578000
3.200725	0.600071	-4.287339	70.678000
3.211908	0.596905	-4.230008	70.778000
3.223417	0.582396	-4.269726	70.878000
3.234755	0.583779	-4.330997	70.978000
3.245772	0.582756	-4.334551	71.078000
3.257222	0.573245	-4.384018	71.178000
3.268658	0.571537	-4.390487	71.278000
3.279846	0.581318	-4.326944	71.378000
3.290640	0.586548	-4.273951	71.478000
3.302635	0.594184	-4.174543	71.578000
3.314292	0.599423	-4.201282	71.678000
3.325720	0.599833	-4.201930	71.778000
3.336813	0.604124	-4.271111	71.878000
3.347706	0.608707	-4.348554	71.978000
3.359009	0.601884	-4.376647	72.078000
3.370759	0.597218	-4.397698	72.178000
3.382543	0.596376	-4.431898	72.278000
3.393794	0.607215	-4.391469	72.378000
3.405494	0.619912	-4.369164	72.478000
3.416395	0.615771	-4.390042	72.578000
3.427572	0.590577	-4.377465	72.678000
3.439500	0.572166	-4.407875	72.778000
3.451382	0.577812	-4.410093	72.878000
3.462323	0.598434	-4.428435	72.978000
3.473181	0.593501	-4.484418	73.078000
3.485207	0.592031	-4.480550	73.178000
3.495970	0.584294	-4.342674	73.278000
3.507505	0.589892	-4.182979	73.378000
3.518761	0.593196	-4.183674	73.478000
3.531815	0.590415	-4.250472	73.578000
3.540975	0.597249	-4.311600	73.678000
3.553835	0.612711	-4.369976	73.778000
3.564668	0.620473	-4.369290	73.878000
3.576024	0.622578	-4.377567	73.978000
3.587681	0.620449	-4.369705	74.078000
3.597628	0.615800	-4.427271	74.178000
3.611932	0.603779	-4.467570	74.278000
3.620250	0.597915	-4.449801	74.378000
3.631175	0.595884	-4.400637	74.479000
3.645600	0.585208	-4.344088	74.579000
3.656947	0.594453	-4.339467	74.678000
3.665540	0.617283	-4.372842	74.778000
3.680158	0.619082	-4.337522	74.878000
3.689778	0.609329	-4.236662	74.978000
3.698684	0.593127	-4.202043	75.078000
3.713778	0.588600	-4.195501	75.178000
3.723794	0.596730	-4.243746	75.278000
3.732464	0.594820	-4.261184	75.378000
3.743768	0.593967	-4.254996	75.478000
3.755393	0.584762	-4.250720	75.578000
3.768336	0.580749	-4.215426	75.678000
3.780551	0.583754	-4.212735	75.778000
3.791928	0.593534	-4.248566	75.878000
3.803146	0.598849	-4.269533	75.978000
3.812972	0.595681	-4.295820	76.078000
3.822571	0.589977	-4.320761	76.178000
3.835632	0.587993	-4.348465	76.278000
3.849812	0.583267	-4.360055	76.378000
3.858656	0.579093	-4.320125	76.478000
3.867689	0.571543	-4.321168	76.578000
3.882302	0.568724	-4.407927	76.678000
3.893733	0.572017	-4.422161	76.778000
3.901957	0.572257	-4.359042	76.878000
3.914250	0.574138	-4.377099	76.978000
3.927578	0.572345	-4.353838	77.078000
3.936166	0.573668	-4.319321	77.178000
3.949030	0.567465	-4.299457	77.278000
3.960213	0.582788	-4.317203	77.378000
3.970323	0.596964	-4.337226	77.478000
3.983900	0.600112	-4.282206	77.578000
3.992488	0.607455	-4.233643	77.678000
4.006968	0.600444	-4.228936	77.778000
4.015873	0.579846	-4.287921	77.878000
4.029459	0.571508	-4.356366	77.978000
4.038610	0.580022	-4.355863	78.078000
4.051098	0.585011	-4.379243	78.178000
4.063099	0.588544	-4.514244	78.278000
4.073615	0.572808	-4.554005	78.378000
4.085657	0.560877	-4.460432	78.478000
4.096168	0.561567	-4.376130	78.578000
4.107800	0.589372	-4.375887	78.678000
4.118868	0.619473	-4.418680	78.778000
4.130342	0.634052	-4.466170	78.878000
4.140831	0.617593	-4.459215	78.978000
4.153096	0.593568	-4.382802	79.078000
4.164021	0.580279	-4.277573	79.178000
4.175839	0.580428	-4.233226	79.278000
4.186437	0.573989	-4.320183	79.378000
4.198322	0.567985	-4.308799	79.478000
4.208804	0.580809	-4.241349	79.578000
4.220317	0.606998	-4.223082	79.678000
4.231426	0.616104	-4.276395	79.778000
4.242601	0.611944	-4.335489	79.878000
4.254059	0.620566	-4.380529	79.978000
4.265222	0.623799	-4.349692	80.078000
4.276149	0.620781	-4.335373	80.178000
4.287174	0.618337	-4.353857	80.278000
4.298533	0.612749	-4.365040	80.378000
4.309749	0.619973	-4.361009	80.478000
4.320727	0.613212	-4.336007	80.578000
4.332466	0.599956	-4.372267	80.678000
4.343274	0.590957	-4.395551	80.778000
4.354845	0.590363	-4.354192	80.878000
4.366795	0.587347	-4.306222	80.978000
4.378251	0.580826	-4.322122	81.078000
4.389192	0.579258	-4.348624	81.178000
4.399104	0.580786	-4.395344	81.278000
4.413124	0.589411	-4.353503	81.378000
4.420684	0.591610	-4.274526	81.478000
4.434821	0.603471	-4.244963	81.578000
4.447120	0.611506	-4.303281	81.678000
4.454868	0.610625	-4.364643	81.778000
4.467648	0.612580	-4.425517	81.878000
4.479756	0.602704	-4.356680	81.978000
4.490302	0.609947	-4.310336	82.078000
4.500691	0.615002	-4.293887	82.178000
4.514261	0.622909	-4.272365	82.278000
4.523547	0.612145	-4.323654	82.378000
4.534968	0.594942	-4.382894	82.478000
4.547913	0.601029	-4.311282	82.578000
4.556704	0.614091	-4.287182	82.679000
4.569447	0.611326	-4.357450	82.778000
4.580104	0.607094	-4.421668	82.879000
4.592189	0.615784	-4.402256	82.978000
4.602812	0.602322	-4.359191	83.078000
4.614260	0.588400	-4.352186	83.178000
4.625365	0.595079	-4.351836	83.278000
4.636691	0.603887	-4.366268	83.378000
4.647824	0.600189	-4.397518	83.478000
4.659370	0.599064	-4.349678	83.578000
4.670669	0.600641	-4.334540	83.678000
4.682084	0.603647	-4.396962	83.778000
4.693577	0.605854	-4.357364	83.878000
4.703461	0.618585	-4.312340	83.978000
4.703426	0.608252	-4.314250	84.078000
4.701970	0.585409	-4.323143	84.178000
4.698311	0.573884	-4.302473	84.278000
4.694449	0.588810	-4.342536	84.378000
4.687645	0.602723	-4.405934	84.478000
4.683519	0.613176	-4.386046	84.578000
4.679001	0.616391	-4.284633	84.678000
4.672675	0.614651	-4.263399	84.778000
4.665944	0.611020	-4.248416	84.878000
4.658927	0.622928	-4.240608	84.978000
4.651829	0.623944	-4.257119	85.078000
4.643560	0.610551	-4.292554	85.178000
4.635117	0.619053	-4.255175	85.278000
4.629733	0.634538	-4.153907	85.378000
4.620445	0.637492	-4.082055	85.478000
4.613288	0.638313	-4.188878	85.578000
4.605182	0.637117	-4.276551	85.678000
4.596956	0.635991	-4.232769	85.778000
4.588686	0.635622	-4.225879	85.878000
4.580282	0.622725	-4.229631	85.978000
4.571844	0.610135	-4.222804	86.078000
4.563270	0.599345	-4.233102	86.178000
4.555070	0.591913	-4.307213	86.278000
4.546331	0.577239	-4.294511	86.379000
4.537965	0.591406	-4.200622	86.478000
4.529178	0.602038	-4.173331	86.578000
4.519811	0.601177	-4.215209	86.678000
4.511042	0.599734	-4.283078	86.778000
4.502230	0.604117	-4.375701	86.878000
4.493416	0.600978	-4.436470	86.978000
4.484409	0.588288	-4.362632	87.078000
4.474814	0.577803	-4.291122	87.178000
4.466021	0.579353	-4.253228	87.278000
4.456425	0.576573	-4.297749	87.378000
4.447912	0.556010	-4.280307	87.478000
4.438985	0.543725	-4.293555	87.578000
4.429178	0.566725	-4.391581	87.678000
4.419473	0.587756	-4.449377	87.778000
4.410834	0.588808	-4.360803	87.878000
4.401574	0.593675	-4.267589	87.978000
4.392588	0.596385	-4.255445	88.078000
4.382944	0.603533	-4.212009	88.178000
4.373605	0.617886	-4.214325	88.278000
4.364376	0.619300	-4.262687	88.378000
4.354674	0.613664	-4.281819	88.478000
4.345613	0.629131	-4.308201	88.578000
4.335942	0.636100	-4.328180	88.678000
4.326795	0.617404	-4.336899	88.778000
4.317065	0.587874	-4.339755	88.878000
4.307398	0.573999	-4.304791	88.978000
4.297633	0.586852	-4.265712	89.078000
4.288042	0.598353	-4.217115	89.178000
4.278552	0.601660	-4.218458	89.278000
4.268739	0.590249	-4.289586	89.378000
4.259335	0.581736	-4.349921	89.478000
4.249036	0.566637	-4.400198	89.578000
4.239668	0.582553	-4.383761	89.678000
4.229919	0.618795	-4.379356	89.778000
4.220085	0.627191	-4.392991	89.878000
4.210383	0.613998	-4.358944	89.978000
4.200322	0.609863	-4.287471	90.078000
4.190439	0.601640	-4.194988	90.178000
4.180482	0.600211	-4.217044	90.278000
4.170895	0.619165	-4.261758	90.378000
4.160375	0.625641	-4.264804	90.478000
4.150613	0.630343	-4.265097	90.578000
4.141118	0.624937	-4.261245	90.678000
4.130070	0.612976	-4.261639	90.778000
4.120976	0.604805	-4.288858	90.878000
4.110847	0.592039	-4.306248	90.978000
4.100666	0.596361	-4.337435	91.078000
4.091374	0.613248	-4.355600	91.178000
4.080726	0.616074	-4.303979	91.278000
4.070060	0.604612	-4.242562	91.378000
4.060903	0.597665	-4.186795	91.478000
4.052337	0.614509	-4.152570	91.578000
4.041216	0.629826	-4.143532	91.678000
4.029717	0.639646	-4.174677	91.778000
4.019733	0.637781	-4.229722	91.879000
4.012401	0.635448	-4.265450	91.978000
3.998649	0.640780	-4.339011	92.078000
3.992093	0.629762	-4.333460	92.178000
3.980008	0.604627	-4.228412	92.278000
3.968993	0.596938	-4.167881	92.378000
3.962321	0.586023	-4.145594	92.478000
3.950182	0.602980	-4.116607	92.578000
3.939784	0.604969	-4.174299	92.678000
3.929476	0.593641	-4.274400	92.778000
3.920677	0.583025	-4.264259	92.878000
3.911209	0.584377	-4.272664	92.978000
3.899486	0.597018	-4.279828	93.078000
3.889580	0.606061	-4.268333	93.178000
3.879594	0.606443	-4.238963	93.278000
3.870121	0.597357	-4.246401	93.378000
3.860018	0.604362	-4.245049	93.478000
3.847657	0.612597	-4.292727	93.578000
3.838896	0.599510	-4.274647	93.678000
3.829209	0.600324	-4.261370	93.778000
3.816264	0.613888	-4.237125	93.878000
3.807165	0.619060	-4.240459	93.978000
3.798302	0.618391	-4.324505	94.078000
3.786386	0.610813	-4.343300	94.178000
3.775104	0.595893	-4.303662	94.278000
3.767349	0.587231	-4.345341	94.378000
3.755116	0.577142	-4.361285	94.478000
3.744376	0.574906	-4.277614	94.578000
3.734672	0.574013	-4.245105	94.678000
3.724753	0.580558	-4.234938	94.778000
3.712183	0.596318	-4.212297	94.878000
3.705110	0.593623	-4.214653	94.978000
3.691505	0.583569	-4.296409	95.078000
3.681553	0.583590	-4.353020	95.178000
3.673492	0.586809	-4.365851	95.278000
3.659715	0.589612	-4.398689	95.378000
3.651195	0.582001	-4.414760	95.478000
3.640213	0.582886	-4.368395	95.578000
3.628741	0.588575	-4.353130	95.678000
3.621309	0.585629	-4.309428	95.778000
3.608705	0.581256	-4.261209	95.878000
3.597181	0.591983	-4.243075	95.978000
3.589219	0.597267	-4.240510	96.078000
3.575692	0.606324	-4.250927	96.178000
3.567312	0.599159	-4.263329	96.278000
3.555670	0.584417	-4.254444	96.378000
3.545596	0.567554	-4.225244	96.478000
3.533796	0.569058	-4.251972	96.578000
3.524710	0.579938	-4.291438	96.678000
3.512464	0.599929	-4.299914	96.778000
3.503781	0.599029	-4.305956	96.878000
3.492914	0.582306	-4.291096	96.978000
3.480953	0.589296	-4.242778	97.079000
3.471411	0.605702	-4.224706	97.178000
3.460564	0.618115	-4.224454	97.278000
3.451123	0.623889	-4.188855	97.378000
3.439720	0.632883	-4.157470	97.478000
3.429808	0.614876	-4.174260	97.578000
3.418850	0.599849	-4.226262	97.678000
3.408176	0.589570	-4.224506	97.778000
3.397516	0.587717	-4.224530	97.878000
3.386468	0.589579	-4.293696	97.978000
3.376271	0.601146	-4.315652	98.078000
3.365553	0.602977	-4.351110	98.178000
3.354835	0.600815	-4.341674	98.279000
3.344085	0.598595	-4.257926	98.378000
3.333675	0.593065	-4.274898	98.478000
3.322989	0.579377	-4.388280	98.578000
3.311989	0.569256	-4.442012	98.678000
3.300625	0.583061	-4.387177	98.778000
3.290146	0.584803	-4.286771	98.878000
3.279847	0.569379	-4.259017	98.978000
3.268727	0.568205	-4.292452	99.079000
3.257711	0.583684	-4.275476	99.178000
3.247135	0.604280	-4.295141	99.278000
3.236747	0.608541	-4.311479	99.378000
3.224929	0.619301	-4.248864	99.478000
3.215128	0.618520	-4.235751	99.578000
3.204170	0.607123	-4.210015	99.678000
3.193402	0.598566	-4.164299	99.778000
3.181625	0.586757	-4.229226	99.878000
3.171418	0.583444	-4.261990	99.978000
3.160456	0.583943	-4.230788	100.078000
3.148669	0.591410	-4.205084	100.178000
3.137197	0.606064	-4.213400	100.278000
3.130466	0.592618	-4.221347	100.378000
3.114080	0.575508	-4.222344	100.478000
3.107544	0.579448	-4.245399	100.578000
3.094952	0.589129	-4.267204	100.678000
3.082568	0.601652	-4.275603	100.778000
3.076012	0.615173	-4.280369	100.878000
3.058890	0.612071	-4.254238	100.978000
3.053491	0.600794	-4.255613	101.078000
3.039108	0.603788	-4.302616	101.178000
3.028308	0.613015	-4.382109	101.278000
3.020861	0.601579	-4.394301	101.378000
3.005836	0.593071	-4.365909	101.478000
3.000458	0.599191	-4.371486	101.578000
2.988312	0.596488	-4.397925	101.678000
2.972315	0.593272	-4.395949	101.778000
2.966546	0.594022	-4.362250	101.878000
2.951964	0.599040	-4.371656	101.978000
2.942333	0.602474	-4.382312	102.078000
2.931847	0.612638	-4.347664	102.178000
2.920627	0.617138	-4.351778	102.278000
2.910465	0.618131	-4.323064	102.378000
2.898794	0.608315	-4.273200	102.478000
2.888172	0.598830	-4.256257	102.578000
2.877367	0.591986	-4.274237	102.678000
2.865693	0.581873	-4.297690	102.778000
2.854992	0.578108	-4.288213	102.878000
2.843748	0.584079	-4.300887	102.978000
2.833404	0.584577	-4.298781	103.078000
2.822051	0.590740	-4.307439	103.178000
2.810944	0.602735	-4.314775	103.278000
2.799407	0.614391	-4.273673	103.378000
2.789086	0.622941	-4.257373	103.478000
2.775859	0.615254	-4.249381	103.578000
2.768660	0.603640	-4.228207	103.678000
2.756370	0.605881	-4.177134	103.778000
2.743507	0.604321	-4.141799	103.878000
2.732332	0.604340	-4.115641	103.978000
2.723293	0.607904	-4.177694	104.078000
2.712781	0.608605	-4.305900	104.178000
2.699490	0.612011	-4.414447	104.278000
2.689418	0.605226	-4.446668	104.378000
2.677510	0.596816	-4.427027	104.478000
2.666747	0.594686	-4.406551	104.578000
2.655118	0.601118	-4.427266	104.678000
2.644104	0.606672	-4.360653	104.779000
2.633378	0.619794	-4.270344	104.878000
2.622233	0.621165	-4.234755	104.978000
2.611119	0.611555	-4.175308	105.078000
2.599441	0.604093	-4.107075	105.178000
2.588547	0.601162	-4.091061	105.278000
2.578920	0.605997	-4.109245	105.378000
2.565300	0.603671	-4.131955	105.478000
2.554365	0.595381	-4.167130	105.578000
2.544069	0.595022	-4.280708	105.678000
2.532356	0.605485	-4.329541	105.778000
2.521359	0.603258	-4.311370	105.878000
2.511505	0.596111	-4.252045	105.978000
2.498508	0.588951	-4.223662	106.078000
2.488652	0.582725	-4.254845	106.178000
2.478646	0.583577	-4.231436	106.279000
2.467406	0.586495	-4.169149	106.378000
2.455720	0.587060	-4.169310	106.478000
2.443383	0.588486	-4.189091	106.578000
2.433474	0.597994	-4.239865	106.678000
2.422599	0.603345	-4.260178	106.778000
2.410087	0.601476	-4.279053	106.878000
2.400387	0.592090	-4.310567	106.978000
2.388306	0.589631	-4.277041	107.078000
2.377511	0.605404	-4.302288	107.178000
2.366045	0.612715	-4.362794	107.278000
2.354528	0.609794	-4.290977	107.378000
2.342854	0.610081	-4.213941	107.485000
2.332026	0.611835	-4.210234	107.578000
2.321124	0.601143	-4.208444	107.678000
2.309695	0.588883	-4.231078	107.779000
2.298909	0.592956	-4.185056	107.878000
2.287753	0.595385	-4.083802	107.978000
2.276915	0.589303	-4.082963	108.078000
2.265421	0.593356	-4.135996	108.178000
2.254210	0.603006	-4.179805	108.278000
2.243204	0.620335	-4.198928	108.378000
2.231811	0.630474	-4.279835	108.478000
2.220069	0.621067	-4.338996	108.578000
2.209102	0.617559	-4.366369	108.678000
2.198275	0.604896	-4.316430	108.778000
2.187150	0.595670	-4.302320	108.878000
2.175630	0.590958	-4.269240	108.978000
2.164275	0.592567	-4.235130	109.078000
2.152805	0.597862	-4.246137	109.178000
2.141403	0.604480	-4.334196	109.278000
2.130357	0.607434	-4.330516	109.378000
2.119534	0.605751	-4.338507	109.478000
2.106986	0.601709	-4.302770	109.578000
2.095540	0.603974	-4.291836	109.678000
2.084001	0.600890	-4.266651	109.778000
2.074518	0.606066	-4.237490	109.878000
2.062810	0.601021	-4.230196	109.978000
2.051276	0.595073	-4.258456	110.078000
2.039685	0.580228	-4.251626	110.178000
2.028122	0.583550	-4.212555	110.278000
2.016848	0.586486	-4.227406	110.378000
2.005290	0.586451	-4.310365	110.479000
1.993737	0.594143	-4.339033	110.579000
1.983181	0.601497	-4.232082	110.678000
1.970985	0.598706	-4.274911	110.778000
1.960442	0.590285	-4.359625	110.878000
1.948546	0.583365	-4.360061	110.978000
1.937600	0.589251	-4.326535	111.078000
1.925886	0.588006	-4.386969	111.178000
1.914675	0.586577	-4.411454	111.278000
1.902850	0.594007	-4.408471	111.378000
1.891747	0.592249	-4.383175	111.479000
1.880564	0.595699	-4.363545	111.578000
1.869096	0.600009	-4.324176	111.678000
1.857955	0.602134	-4.305095	111.778000
1.846367	0.597315	-4.231085	111.879000
1.834986	0.600114	-4.130843	111.978000
1.823835	0.612219	-4.079216	112.078000
1.812687	0.627134	-4.143512	112.178000
1.801419	0.629750	-4.232193	112.279000
1.789787	0.610998	-4.326834	112.378000
1.778212	0.590676	-4.351742	112.478000
1.766686	0.575448	-4.314633	112.578000
1.755361	0.576412	-4.280737	112.678000
1.743991	0.573780	-4.297089	112.778000
1.732637	0.578807	-4.267927	112.878000
1.721282	0.589017	-4.240944	112.978000
1.709364	0.586564	-4.255417	113.078000
1.697991	0.592387	-4.271991	113.179000
1.686425	0.589616	-4.298804	113.279000
1.675287	0.600087	-4.327975	113.378000
1.663883	0.597638	-4.285684	113.479000
1.652382	0.605107	-4.235693	113.578000
1.640631	0.607854	-4.279652	113.678000
1.629105	0.619798	-4.352677	113.778000
1.617938	0.621938	-4.417881	113.878000
1.606209	0.617742	-4.373869	113.979000
1.595276	0.621738	-4.373724	114.079000
1.583382	0.625534	-4.367023	114.178000
1.571991	0.625582	-4.315089	114.278000
1.560359	0.620294	-4.288380	114.378000
1.549366	0.630242	-4.274734	114.478000
1.537754	0.640112	-4.201635	114.578000
1.526269	0.635756	-4.145204	114.678000
1.514582	0.627859	-4.188624	114.778000
1.503006	0.626294	-4.190501	114.878000
1.491722	0.624757	-4.211035	114.978000
1.480134	0.605030	-4.290889	115.078000
1.468885	0.598255	-4.314430	115.178000
1.457492	0.607263	-4.260102	115.278000
1.446002	0.606502	-4.214044	115.378000
1.434405	0.592021	-4.194305	115.478000
1.423243	0.591854	-4.180930	115.578000
1.411983	0.593565	-4.223805	115.678000
1.400701	0.589088	-4.190430	115.778000
1.389244	0.584468	-4.145484	115.878000
1.377837	0.605530	-4.148232	115.978000
1.366350	0.608382	-4.201381	116.078000
1.355000	0.594541	-4.265704	116.178000
1.343481	0.590471	-4.301517	116.278000
1.332003	0.589228	-4.315888	116.378000
1.320289	0.598229	-4.314600	116.478000
1.308707	0.613035	-4.342728	116.578000
1.297168	0.623887	-4.366165	116.678000
1.285884	0.630183	-4.350878	116.778000
1.274234	0.621542	-4.330674	116.878000
1.262798	0.609508	-4.392120	116.978000
1.250834	0.609142	-4.379318	117.078000
1.239430	0.624791	-4.282665	117.178000
1.227891	0.637839	-4.269044	117.278000
1.216432	0.619734	-4.293144	117.378000
1.205089	0.605330	-4.275383	117.478000
1.193527	0.587167	-4.205104	117.579000
1.181921	0.586113	-4.218973	117.678000
1.170569	0.586261	-4.291385	117.778000
1.158894	0.580128	-4.361640	117.878000
1.147545	0.584060	-4.417008	117.978000
1.136050	0.597478	-4.398003	118.078000
1.123866	0.611647	-4.318892	118.178000
1.112436	0.625902	-4.262207	118.278000
1.100715	0.632563	-4.212982	118.378000
1.089304	0.621500	-4.257440	118.478000
1.077913	0.605403	-4.298658	118.578000
1.066426	0.597474	-4.331757	118.678000
1.054396	0.605599	-4.326707	118.778000
1.042975	0.609517	-4.349366	118.878000
1.031551	0.605911	-4.398735	118.978000
1.020003	0.601907	-4.369273	119.079000
1.008458	0.598525	-4.408548	119.178000
0.996506	0.590896	-4.433517	119.278000
0.984613	0.597910	-4.417392	119.378000
0.972989	0.587531	-4.361641	119.478000
0.961505	0.583120	-4.247559	119.578000
0.949952	0.584559	-4.223532	119.678000
0.938430	0.594147	-4.289342	119.778000
0.926826	0.596052	-4.356345	119.878000
0.915458	0.591937	-4.376201	119.978000
0.903966	0.594898	-4.339498	120.078000
0.892198	0.585602	-4.278719	120.178000
0.880918	0.574941	-4.288309	120.278000
0.869464	0.571972	-4.280774	120.378000
0.857968	0.585367	-4.287653	120.478000
0.846545	0.609168	-4.334542	120.578000
0.834989	0.610703	-4.374001	120.678000
0.823495	0.594668	-4.397279	120.778000
0.811887	0.586871	-4.356184	120.878000
0.800329	0.587514	-4.312498	120.978000
0.788526	0.594980	-4.323486	121.078000
0.776729	0.603443	-4.328333	121.179000
0.765390	0.604610	-4.347249	121.278000
0.754060	0.605795	-4.368964	121.378000
0.742453	0.594206	-4.334274	121.478000
0.730640	0.602512	-4.269302	121.578000
0.718900	0.622559	-4.281630	121.678000
0.707376	0.615421	-4.279985	121.778000
0.695638	0.593778	-4.236612	121.878000
0.684370	0.581669	-4.285481	121.978000
0.672859	0.590016	-4.275241	122.078000
0.660899	0.604976	-4.266636	122.178000
0.649233	0.615056	-4.282130	122.278000
0.637401	0.605022	-4.332453	122.378000
0.625820	0.606844	-4.347456	122.478000
0.614338	0.601759	-4.326320	122.578000
0.602840	0.596376	-4.333107	122.678000
0.590833	0.589705	-4.376199	122.778000
0.578999	0.598419	-4.355835	122.878000
0.567524	0.606906	-4.281811	122.978000
0.556035	0.608953	-4.290026	123.078000
0.544333	0.604153	-4.326533	123.178000
0.532574	0.600485	-4.259292	123.278000
0.520722	0.607437	-4.196395	123.378000
0.509151	0.603429	-4.269424	123.478000
0.497557	0.607197	-4.303168	123.578000
0.486053	0.616038	-4.278120	123.678000
0.474501	0.605403	-4.335439	123.778000
0.462497	0.595302	-4.373283	123.878000
0.450649	0.589056	-4.343043	123.978000
0.438987	0.580763	-4.356087	124.078000
0.427594	0.573285	-4.372808	124.178000
0.415921	0.569133	-4.338583	124.278000
0.404146	0.579932	-4.348502	124.378000
0.392550	0.592516	-4.419725	124.478000
0.380867	0.598098	-4.442620	124.578000
0.369481	0.606553	-4.372795	124.678000
0.357901	0.608993	-4.319110	124.778000
0.346424	0.600927	-4.342452	124.878000
0.335010	0.601713	-4.327042	124.978000
0.323294	0.604510	-4.349938	125.078000
0.311973	0.605929	-4.282164	125.178000
0.300267	0.598700	-4.192756	125.278000
0.288952	0.595244	-4.180840	125.378000
0.277338	0.609614	-4.199963	125.478000
0.265399	0.624161	-4.253168	125.578000
0.253735	0.628500	-4.308354	125.678000
0.241921	0.621977	-4.326889	125.778000
0.230239	0.618252	-4.289455	125.878000
0.218671	0.608414	-4.265732	125.978000
0.206806	0.596478	-4.305248	126.078000
0.195031	0.592088	-4.328106	126.178000
0.183421	0.593098	-4.360865	126.278000
0.171891	0.587369	-4.405551	126.378000
0.160028	0.591030	-4.431489	126.478000
0.148757	0.594272	-4.433603	126.578000
0.137030	0.592948	-4.403595	126.678000
0.124944	0.576375	-4.310165	126.778000
0.113332	0.568419	-4.235689	126.878000
0.101512	0.578683	-4.289764	126.978000
0.089730	0.589869	-4.395670	127.078000
0.078174	0.593094	-4.444575	127.178000
0.066565	0.597671	-4.394716	127.278000
0.054505	0.590148	-4.318275	127.378000
0.042882	0.584673	-4.305670	127.478000
0.031265	0.577200	-4.315426	127.578000
0.019739	0.576719	-4.366413	127.678000
0.008096	0.579824	-4.382899	127.778000
-0.003894	0.590183	-4.328689	127.878000
-0.015577	0.593683	-4.282573	127.978000
-0.027217	0.602206	-4.271217	128.078000
-0.038799	0.617718	-4.303187	128.178000
-0.050300	0.634268	-4.316533	128.278000
-0.061735	0.630098	-4.355890	128.378000
-0.073763	0.620512	-4.364450	128.478000
-0.085470	0.612022	-4.383611	128.578000
-0.097322	0.606219	-4.432283	128.678000
-0.108757	0.601654	-4.389652	128.778000
-0.120339	0.581549	-4.279924	128.878000
-0.132218	0.570253	-4.170959	128.978000
-0.143908	0.572560	-4.173544	129.078000
-0.155255	0.583981	-4.170687	129.178000
-0.167148	0.586899	-4.170422	129.278000
-0.178414	0.593810	-4.167389	129.378000
-0.189918	0.606967	-4.176871	129.478000
-0.201596	0.608465	-4.247635	129.578000
-0.213241	0.596413	-4.262767	129.678000
-0.224784	0.590295	-4.246906	129.778000
-0.236075	0.581701	-4.288407	129.878000
-0.248031	0.583489	-4.354573	129.984000
-0.259695	0.584719	-4.375701	130.078000
-0.271404	0.584301	-4.375902	130.178000
-0.282876	0.594355	-4.382326	130.278000
-0.294789	0.599702	-4.410210	130.378000
-0.306281	0.596765	-4.417880	130.478000
-0.317805	0.593705	-4.366375	130.578000
-0.329448	0.588266	-4.298921	130.678000
-0.341373	0.579170	-4.278628	130.778000
-0.353120	0.577647	-4.281212	130.878000
-0.364591	0.587452	-4.329913	130.978000
-0.375997	0.594006	-4.338659	131.078000
-0.387577	0.604945	-4.321160	131.178000
-0.399293	0.606688	-4.320843	131.278000
-0.411225	0.600402	-4.371365	131.378000
-0.422614	0.583442	-4.415690	131.478000
-0.434328	0.579114	-4.417936	131.578000
-0.445990	0.577728	-4.379780	131.678000
-0.457372	0.585198	-4.321685	131.778000
-0.469351	0.594407	-4.293306	131.878000
-0.481052	0.602660	-4.336595	131.978000
-0.492801	0.588821	-4.371460	132.078000
-0.504559	0.593592	-4.368115	132.178000
-0.515877	0.591887	-4.372917	132.278000
-0.527494	0.594280	-4.372461	132.378000
-0.539723	0.594252	-4.319766	132.478000
-0.551032	0.594618	-4.228261	132.578000
-0.562871	0.589338	-4.210648	132.678000
-0.574324	0.587985	-4.272033	132.778000
-0.585710	0.593767	-4.307249	132.879000
-0.597327	0.596707	-4.259036	132.978000
-0.609318	0.595262	-4.223680	133.078000
-0.620738	0.580850	-4.266916	133.178000
-0.632886	0.566075	-4.350668	133.278000
-0.644201	0.566362	-4.421422	133.378000
-0.655534	0.573166	-4.451710	133.478000
-0.667353	0.584185	-4.404321	133.578000
-0.678915	0.595052	-4.336966	133.678000
-0.690435	0.592148	-4.281334	133.778000
-0.701977	0.581728	-4.225300	133.878000
-0.711947	0.580122	-4.241250	133.978000
-0.718015	0.592942	-4.326672	134.078000
-0.722305	0.594173	-4.349243	134.178000
-0.725966	0.584284	-4.324246	134.278000
-0.729224	0.577884	-4.279442	134.378000
-0.732251	0.592428	-4.238048	134.478000
-0.734389	0.598832	-4.247237	134.578000
-0.736751	0.597051	-4.265181	134.678000
-0.738821	0.599241	-4.255060	134.778000
-0.740590	0.596150	-4.230452	134.878000
-0.742099	0.583941	-4.235981	134.979000
-0.743780	0.577478	-4.343629	135.079000
-0.745425	0.585114	-4.449978	135.178000
-0.746885	0.589356	-4.439767	135.278000
-0.748152	0.601503	-4.421693	135.378000
-0.749403	0.609368	-4.451811	135.478000
-0.750475	0.598029	-4.446312	135.578000
-0.751460	0.578374	-4.382696	135.678000
-0.752553	0.575040	-4.306745	135.778000
-0.753427	0.576384	-4.277195	135.878000
-0.754569	0.587859	-4.301953	135.978000
-0.755205	0.591218	-4.320645	136.078000
-0.756134	0.590745	-4.384307	136.178000
-0.756766	0.596985	-4.400640	136.278000
-0.757680	0.584914	-4.418661	136.378000
-0.758282	0.569249	-4.419885	136.478000
-0.758684	0.566840	-4.386909	136.578000
-0.759641	0.569903	-4.280600	136.678000
-0.760548	0.582107	-4.242316	136.778000
-0.760923	0.590757	-4.230736	136.878000
-0.761374	0.594890	-4.278910	136.978000
-0.762219	0.593441	-4.386198	137.078000
-0.762623	0.604624	-4.399657	137.178000
-0.763137	0.614764	-4.283523	137.279000
-0.763637	0.622087	-4.243135	137.378000
-0.764170	0.611652	-4.259205	137.478000
-0.764574	0.601662	-4.313798	137.578000
-0.765299	0.597493	-4.355640	137.678000
-0.765599	0.590005	-4.385707	137.778000
-0.766139	0.581855	-4.362085	137.878000
-0.766494	0.587327	-4.235351	137.978000
-0.766812	0.604959	-4.239301	138.078000
-0.767333	0.602661	-4.273401	138.178000
-0.767548	0.594048	-4.255406	138.278000
-0.768083	0.589228	-4.266564	138.378000
-0.768335	0.588250	-4.263729	138.478000
-0.768419	0.587773	-4.228784	138.578000
-0.768955	0.560615	-4.240534	138.678000
-0.769301	0.550571	-4.252046	138.778000
-0.769406	0.564886	-4.210584	138.878000
-0.769966	0.570092	-4.149194	138.978000
-0.770284	0.575840	-4.167357	139.078000
-0.770737	0.576177	-4.196528	139.178000
-0.770819	0.587068	-4.227808	139.278000
-0.771213	0.612114	-4.266788	139.378000
-0.771465	0.627055	-4.297810	139.478000
-0.771618	0.617933	-4.344358	139.578000
-0.771886	0.619976	-4.372943	139.678000
-0.772291	0.620789	-4.391780	139.778000
-0.772349	0.614492	-4.359833	139.878000
-0.772476	0.612688	-4.277833	139.978000
-0.772841	0.605664	-4.268396	140.078000
-0.773008	0.608165	-4.257661	140.178000
-0.773370	0.609079	-4.228978	140.278000
-0.773623	0.601475	-4.298803	140.378000
-0.773722	0.595426	-4.352786	140.478000
-0.773869	0.598286	-4.361077	140.578000
-0.774191	0.595534	-4.372446	140.678000
-0.774353	0.596111	-4.364663	140.778000
-0.774315	0.605935	-4.336662	140.878000
-0.774540	0.611724	-4.352482	140.978000
-0.774670	0.612021	-4.347094	141.078000
-0.774876	0.605802	-4.343255	141.178000
-0.775107	0.597092	-4.389602	141.278000
-0.775285	0.592688	-4.355233	141.378000
-0.775493	0.592613	-4.317049	141.478000
-0.775460	0.591961	-4.345999	141.578000
