0.053694	0.812152	-4.303229	7.501000
0.053435	0.816136	-4.318842	7.601000
0.053276	0.819885	-4.294033	7.701000
0.053583	0.811539	-4.250614	7.801000
0.053503	0.820048	-4.195381	7.901000
0.053680	0.831861	-4.179526	8.002000
0.053525	0.851353	-4.179808	8.101000
0.053655	0.828681	-4.255014	8.201000
0.053660	0.843529	-4.216202	8.301000
0.053363	0.861393	-4.238169	8.401000
0.053338	0.894337	-4.327844	8.501000
0.053465	0.886813	-4.355498	8.601000
0.053681	0.881456	-4.455667	8.701000
0.053371	0.848260	-4.562640	8.801000
0.053365	0.837831	-4.564749	8.901000
0.053678	0.825254	-4.493392	9.001000
0.053534	0.817660	-4.358386	9.101000
0.053551	0.813114	-4.287518	9.201000
0.053427	0.817895	-4.252981	9.301000
0.053591	0.849680	-4.278607	9.401000
0.053491	0.832032	-4.265840	9.502000
0.053379	0.825842	-4.290264	9.601000
0.053587	0.826433	-4.370034	9.701000
0.053399	0.828295	-4.373020	9.801000
0.053472	0.844902	-4.332463	9.901000
0.053534	0.833993	-4.261593	10.001000
0.053553	0.820622	-4.301114	10.101000
0.053649	0.831568	-4.393765	10.201000
0.053514	0.864850	-4.456993	10.301000
0.053532	0.853581	-4.475708	10.402000
0.053626	0.816609	-4.544688	10.501000
0.053494	0.801486	-4.639167	10.601000
0.053458	0.787732	-4.586983	10.701000
0.053557	0.785602	-4.398870	10.801000
0.053420	0.823465	-4.348533	10.902000
0.053541	0.838604	-4.356134	11.001000
0.053443	0.848883	-4.298200	11.102000
0.053710	0.858555	-4.332694	11.202000
0.053658	0.880621	-4.433533	11.302000
0.053654	0.891588	-4.477091	11.401000
0.053746	0.864313	-4.490698	11.501000
0.053458	0.844972	-4.490805	11.601000
0.053626	0.878378	-4.479645	11.701000
0.053644	0.883063	-4.348164	11.801000
0.053437	0.848460	-4.218154	11.901000
0.053556	0.851864	-4.227776	12.002000
0.053545	0.848473	-4.318646	12.101000
0.053270	0.857929	-4.407012	12.201000
0.053535	0.870864	-4.490701	12.301000
0.053571	0.876269	-4.463998	12.401000
0.053502	0.861571	-4.449283	12.502000
0.053522	0.845900	-4.396144	12.601000
0.053528	0.829584	-4.449977	12.701000
0.053645	0.808275	-4.380255	12.801000
0.053984	0.835239	-4.311993	12.902000
0.058511	0.873283	-4.310028	13.001000
0.065001	0.932805	-4.441478	13.101000
0.071944	1.272077	-5.013680	13.202000
0.079329	1.910146	-5.300092	13.301000
0.087312	2.393362	-5.090520	13.401000
0.094927	2.715158	-4.810701	13.501000
0.103279	2.926604	-4.581117	13.601000
0.111692	3.051351	-4.430114	13.701000
0.120011	3.076863	-4.345257	13.801000
0.128954	3.096256	-4.315631	13.901000
0.137985	3.106703	-4.334811	14.002000
0.146816	3.142131	-4.383230	14.101000
0.155640	3.200590	-4.404319	14.201000
0.164443	3.194295	-4.377899	14.301000
0.173445	3.155926	-4.346739	14.401000
0.183284	3.150146	-4.347493	14.501000
0.192434	3.137484	-4.351297	14.601000
0.201399	3.098106	-4.341451	14.701000
0.210703	3.109541	-4.334516	14.801000
0.219976	3.133127	-4.348412	14.901000
0.229611	3.167121	-4.363276	15.001000
0.239088	3.180968	-4.367501	15.101000
0.248685	3.171116	-4.338828	15.201000
0.258192	3.165965	-4.333249	15.301000
0.267491	3.178985	-4.350539	15.401000
0.277005	3.167145	-4.368348	15.501000
0.286966	3.162380	-4.368779	15.601000
0.296745	3.162859	-4.362305	15.701000
0.306185	3.152309	-4.381652	15.801000
0.315788	3.117137	-4.396693	15.901000
0.325750	3.095350	-4.404782	16.002000
0.335428	3.101393	-4.398210	16.101000
0.345450	3.132098	-4.396988	16.201000
0.355200	3.160668	-4.418671	16.302000
0.364968	3.162620	-4.414482	16.401000
0.374777	3.177655	-4.384981	16.501000
0.384634	3.195928	-4.359104	16.602000
0.394549	3.204149	-4.376442	16.701000
0.404852	3.207138	-4.415946	16.801000
0.414688	3.175943	-4.424419	16.901000
0.424806	3.160932	-4.410289	17.002000
0.434903	3.162957	-4.409408	17.101000
0.444613	3.160188	-4.407749	17.201000
0.454525	3.163698	-4.409780	17.301000
0.464436	3.162926	-4.416688	17.401000
0.474386	3.155360	-4.393951	17.501000
0.484355	3.153797	-4.362002	17.601000
0.494342	3.127948	-4.342277	17.701000
0.504272	3.122272	-4.327865	17.801000
0.514258	3.142179	-4.318403	17.901000
0.524613	3.184770	-4.334420	18.001000
0.534615	3.187453	-4.363113	18.101000
0.544830	3.173067	-4.353379	18.201000
0.554752	3.184988	-4.358662	18.301000
0.565038	3.176432	-4.325527	18.401000
0.575510	3.165111	-4.286132	18.501000
0.586077	3.188644	-4.307441	18.601000
0.596014	3.194519	-4.351557	18.702000
0.606160	3.180946	-4.365839	18.801000
0.616494	3.156339	-4.402082	18.901000
0.626925	3.135346	-4.400818	19.002000
0.637461	3.141594	-4.357770	19.101000
0.647631	3.162470	-4.350271	19.202000
0.657866	3.203786	-4.376207	19.301000
0.668186	3.223911	-4.372315	19.402000
0.678719	3.223992	-4.353775	19.501000
0.689206	3.202590	-4.357005	19.601000
0.699909	3.215900	-4.400501	19.701000
0.709939	3.210548	-4.399432	19.802000
0.720292	3.198798	-4.350749	19.901000
0.730820	3.221956	-4.335348	20.002000
0.741316	3.199726	-4.368072	20.101000
0.751926	3.163974	-4.363458	20.201000
0.763061	3.170494	-4.311389	20.301000
0.773391	3.199062	-4.327649	20.401000
0.783862	3.219806	-4.369761	20.501000
0.794318	3.224434	-4.359062	20.601000
0.804675	3.186809	-4.345597	20.702000
0.815191	3.155505	-4.339275	20.801000
0.825994	3.149616	-4.331055	20.901000
0.836195	3.143433	-4.326446	21.001000
0.846853	3.141976	-4.338463	21.102000
0.857311	3.137455	-4.386296	21.201000
0.867890	3.124054	-4.398869	21.301000
0.879038	3.151301	-4.383688	21.402000
0.889846	3.163691	-4.385948	21.502000
0.900014	3.127975	-4.402024	21.601000
0.910393	3.106311	-4.362625	21.701000
0.921471	3.118135	-4.337024	21.801000
0.931723	3.153559	-4.321147	21.901000
0.942126	3.201665	-4.310396	22.001000
0.952353	3.207086	-4.296847	22.101000
0.963104	3.183928	-4.296365	22.201000
0.973652	3.180117	-4.332394	22.301000
0.984352	3.174591	-4.361621	22.402000
0.995047	3.156098	-4.366849	22.501000
1.005402	3.157810	-4.353818	22.601000
1.016069	3.168303	-4.338125	22.701000
1.026835	3.178975	-4.330623	22.801000
1.037489	3.190537	-4.339749	22.901000
1.048430	3.198711	-4.348496	23.001000
1.059210	3.196061	-4.343025	23.101000
1.070146	3.198359	-4.351366	23.201000
1.080971	3.169789	-4.387007	23.301000
1.091344	3.120559	-4.421567	23.401000
1.102580	3.066770	-4.388553	23.502000
1.113491	3.077697	-4.339000	23.601000
1.124110	3.091113	-4.324219	23.701000
1.135007	3.072666	-4.344182	23.801000
1.145635	3.076641	-4.329719	23.901000
1.156567	3.071475	-4.329926	24.001000
1.167159	3.054930	-4.353200	24.101000
1.178292	3.092036	-4.366274	24.201000
1.189350	3.124806	-4.343882	24.301000
1.200360	3.152352	-4.356228	24.401000
1.210962	3.160288	-4.385284	24.501000
1.221740	3.167906	-4.409250	24.601000
1.232704	3.177884	-4.421160	24.701000
1.244108	3.183789	-4.409822	24.801000
1.254728	3.164445	-4.369855	24.901000
1.265500	3.171682	-4.353788	25.001000
1.276877	3.167538	-4.352219	25.102000
1.286763	3.161040	-4.346518	25.201000
1.298847	3.153644	-4.357895	25.301000
1.309923	3.163541	-4.322292	25.401000
1.320090	3.186310	-4.328858	25.501000
1.331365	3.183309	-4.350383	25.601000
1.342034	3.172320	-4.353179	25.701000
1.352769	3.178052	-4.346281	25.801000
1.364004	3.199587	-4.356085	25.901000
1.375383	3.180828	-4.364752	26.002000
1.386222	3.136850	-4.381433	26.101000
1.397003	3.123418	-4.390853	26.202000
1.408078	3.148814	-4.397908	26.301000
1.418621	3.183718	-4.400931	26.401000
1.429065	3.190984	-4.388687	26.501000
1.441278	3.180452	-4.393514	26.601000
1.451269	3.178163	-4.412862	26.701000
1.461858	3.157706	-4.409156	26.802000
1.473817	3.141062	-4.413752	26.901000
1.483860	3.077077	-4.411408	27.001000
1.495014	3.054374	-4.378022	27.101000
1.505845	3.067709	-4.373140	27.201000
1.516854	3.090575	-4.385924	27.301000
1.527820	3.156122	-4.365681	27.401000
1.538927	3.200088	-4.370017	27.501000
1.549803	3.220057	-4.385637	27.601000
1.561417	3.221905	-4.384587	27.701000
1.572528	3.185354	-4.370346	27.801000
1.583314	3.183014	-4.364973	27.901000
1.593895	3.185027	-4.370080	28.001000
1.605433	3.155905	-4.390474	28.101000
1.616476	3.164337	-4.416972	28.201000
1.627635	3.188780	-4.405121	28.301000
1.638767	3.181246	-4.384513	28.401000
1.650520	3.148287	-4.349487	28.501000
1.661628	3.125725	-4.320728	28.601000
1.672077	3.097195	-4.330389	28.701000
1.683434	3.073960	-4.361816	28.801000
1.694944	3.067420	-4.381154	28.901000
1.706056	3.064320	-4.391363	29.001000
1.717125	3.093284	-4.374371	29.101000
1.728429	3.101669	-4.363718	29.201000
1.739480	3.100716	-4.404038	29.301000
1.750386	3.113911	-4.431908	29.401000
1.761355	3.103014	-4.411842	29.501000
1.772685	3.092821	-4.412954	29.601000
1.783509	3.108347	-4.412506	29.702000
1.794858	3.155559	-4.395571	29.801000
1.806150	3.170223	-4.399947	29.902000
1.817644	3.149816	-4.398634	30.002000
1.828777	3.147547	-4.352825	30.101000
1.840200	3.132644	-4.330576	30.201000
1.850656	3.122913	-4.338240	30.301000
1.862827	3.145512	-4.366779	30.402000
1.873039	3.160224	-4.391330	30.501000
1.884432	3.138924	-4.401768	30.601000
1.896029	3.140415	-4.393920	30.702000
1.906591	3.208279	-4.371562	30.801000
1.918921	3.217783	-4.354549	30.902000
1.929096	3.166291	-4.355277	31.001000
1.941628	3.118642	-4.391270	31.101000
1.952463	3.137592	-4.409531	31.201000
1.962926	3.154090	-4.390966	31.301000
1.973560	3.126951	-4.386327	31.402000
1.985314	3.147701	-4.380432	31.502000
1.996483	3.191969	-4.415742	31.601000
2.007544	3.189881	-4.410224	31.701000
2.018664	3.176744	-4.392911	31.801000
2.029846	3.172675	-4.388556	31.901000
2.040940	3.185298	-4.386890	32.001000
2.051880	3.181531	-4.412886	32.101000
2.063534	3.140956	-4.417738	32.201000
2.074886	3.123598	-4.399373	32.301000
2.086258	3.139930	-4.399035	32.401000
2.097656	3.171403	-4.404438	32.502000
2.108468	3.198678	-4.410789	32.601000
2.119674	3.160791	-4.402523	32.702000
2.131703	3.129077	-4.354475	32.801000
2.142868	3.153174	-4.316634	32.901000
2.153490	3.146996	-4.348367	33.002000
2.163114	3.150923	-4.354599	33.102000
2.174358	3.145172	-4.332765	33.201000
2.188833	3.118469	-4.361002	33.302000
2.200472	3.107527	-4.399695	33.401000
2.211417	3.134963	-4.400540	33.501000
2.223394	3.162491	-4.420861	33.601000
2.233915	3.135490	-4.418975	33.701000
2.243086	3.120955	-4.405869	33.801000
2.256868	3.108270	-4.410575	33.902000
2.266959	3.105890	-4.412987	34.001000
2.278628	3.103568	-4.404324	34.101000
2.289599	3.105328	-4.416180	34.201000
2.300886	3.120245	-4.404385	34.301000
2.311274	3.117238	-4.370248	34.401000
2.324433	3.122833	-4.357328	34.501000
2.335085	3.111061	-4.338388	34.601000
2.346629	3.144428	-4.291487	34.701000
2.357272	3.179285	-4.249418	34.801000
2.369585	3.206119	-4.262892	34.901000
2.380297	3.198166	-4.321505	35.001000
2.390982	3.169184	-4.367688	35.101000
2.402989	3.131266	-4.353299	35.201000
2.413573	3.114708	-4.330195	35.301000
2.424759	3.101746	-4.359509	35.402000
2.436327	3.059740	-4.408264	35.501000
2.447775	3.051204	-4.418845	35.601000
2.459934	3.033249	-4.433135	35.701000
2.471375	3.017132	-4.405557	35.801000
2.482841	3.047430	-4.374967	35.901000
2.494174	3.080711	-4.371376	36.002000
2.504881	3.125384	-4.358299	36.101000
2.517054	3.126985	-4.360538	36.201000
2.527876	3.119579	-4.354663	36.301000
2.539034	3.128702	-4.376935	36.401000
2.550771	3.133950	-4.379400	36.502000
2.561831	3.133931	-4.343299	36.602000
2.572782	3.099404	-4.318631	36.701000
2.584782	3.087413	-4.309690	36.801000
2.596165	3.077559	-4.302194	36.901000
2.608112	3.097474	-4.296676	37.001000
2.618506	3.131112	-4.309400	37.101000
2.629886	3.153947	-4.338653	37.202000
2.641546	3.145233	-4.372051	37.301000
2.653262	3.111072	-4.432526	37.401000
2.664998	3.083508	-4.419002	37.501000
2.676546	3.080324	-4.359595	37.601000
2.687521	3.071478	-4.298079	37.701000
2.699053	3.118831	-4.293488	37.801000
2.710253	3.154258	-4.328646	37.901000
2.720927	3.131403	-4.344423	38.002000
2.732107	3.110789	-4.331339	38.101000
2.743776	3.114180	-4.310168	38.201000
2.755419	3.121074	-4.298261	38.301000
2.768725	3.155628	-4.327004	38.401000
2.778105	3.181372	-4.367603	38.501000
2.787647	3.154063	-4.384544	38.601000
2.802079	3.142563	-4.360641	38.702000
2.811946	3.132472	-4.341890	38.802000
2.825448	3.124096	-4.318392	38.901000
2.832659	3.116890	-4.283124	39.001000
2.844509	3.122579	-4.281601	39.101000
2.858865	3.135205	-4.305378	39.201000
2.870181	3.142524	-4.341380	39.301000
2.878871	3.159989	-4.360304	39.401000
2.889580	3.161037	-4.360734	39.501000
2.904550	3.162420	-4.372451	39.601000
2.915126	3.148808	-4.376002	39.701000
2.923797	3.130516	-4.378667	39.801000
2.937587	3.122467	-4.376565	39.901000
2.950598	3.113916	-4.381257	40.001000
2.960751	3.094565	-4.400224	40.101000
2.970590	3.116783	-4.416740	40.201000
2.980406	3.178837	-4.412318	40.301000
2.993055	3.221774	-4.401244	40.401000
3.006361	3.225705	-4.402952	40.501000
3.017485	3.221395	-4.381471	40.601000
3.026694	3.213005	-4.361954	40.701000
3.036420	3.221427	-4.383173	40.801000
3.048414	3.223197	-4.369073	40.901000
3.062135	3.217912	-4.356437	41.001000
3.074103	3.197812	-4.383330	41.101000
3.085366	3.175547	-4.376259	41.202000
3.094714	3.156739	-4.367377	41.301000
3.104728	3.153636	-4.358851	41.401000
3.117045	3.156757	-4.338973	41.501000
3.129643	3.162633	-4.357571	41.601000
3.141741	3.144482	-4.355232	41.701000
3.153887	3.110358	-4.359722	41.801000
3.164558	3.081396	-4.360420	41.901000
3.174800	3.054071	-4.375515	42.001000
3.185828	3.040873	-4.390039	42.102000
3.199615	3.054754	-4.356825	42.201000
3.207889	3.046019	-4.354540	42.301000
3.221792	3.030163	-4.358440	42.401000
3.233470	3.024119	-4.376204	42.501000
3.243904	3.034385	-4.390018	42.601000
3.254828	3.062010	-4.385876	42.702000
3.267220	3.105723	-4.398842	42.801000
3.278961	3.122202	-4.392025	42.901000
3.288378	3.121531	-4.354806	43.001000
3.301211	3.142734	-4.328729	43.101000
3.312708	3.118707	-4.323361	43.202000
3.323888	3.100560	-4.339234	43.301000
3.335290	3.082825	-4.342835	43.401000
3.346239	3.076059	-4.340302	43.501000
3.357888	3.104699	-4.360392	43.601000
3.369178	3.129279	-4.362223	43.701000
3.380738	3.138655	-4.324409	43.801000
3.392677	3.132858	-4.290479	43.901000
3.403735	3.131782	-4.286723	44.001000
3.414893	3.137430	-4.293347	44.101000
3.426803	3.135453	-4.314682	44.201000
3.438216	3.157412	-4.339482	44.301000
3.449605	3.132730	-4.350285	44.401000
3.460559	3.117564	-4.337572	44.501000
3.471801	3.117766	-4.319936	44.601000
3.483276	3.137725	-4.316285	44.701000
3.494601	3.130575	-4.320412	44.801000
3.505807	3.113994	-4.344315	44.901000
3.517590	3.074539	-4.348160	45.001000
3.528558	3.092631	-4.337863	45.101000
3.539981	3.106873	-4.346750	45.202000
3.551323	3.130978	-4.354992	45.301000
3.562513	3.177763	-4.362775	45.401000
3.573536	3.206910	-4.360199	45.501000
3.585349	3.183787	-4.380836	45.601000
3.596536	3.147590	-4.405698	45.701000
3.607437	3.142161	-4.405660	45.801000
3.619020	3.164148	-4.406168	45.901000
3.631106	3.155850	-4.403405	46.002000
3.642344	3.156554	-4.369733	46.101000
3.654020	3.171953	-4.370175	46.202000
3.664874	3.157833	-4.373056	46.301000
3.676008	3.137069	-4.316438	46.401000
3.687742	3.120542	-4.329327	46.502000
3.699528	3.097758	-4.353730	46.601000
3.710931	3.103446	-4.373722	46.701000
3.722726	3.122485	-4.410156	46.801000
3.733971	3.140936	-4.426003	46.901000
3.744354	3.126104	-4.408528	47.001000
3.756532	3.100595	-4.377964	47.101000
3.766777	3.116240	-4.368255	47.201000
3.780981	3.147004	-4.390714	47.301000
3.788805	3.165052	-4.388578	47.401000
3.803615	3.170924	-4.360945	47.501000
3.812890	3.167917	-4.315833	47.601000
3.823789	3.173504	-4.266534	47.701000
3.837999	3.164300	-4.260976	47.801000
3.849751	3.144543	-4.304019	47.901000
3.857899	3.171903	-4.383097	48.002000
3.868544	3.180754	-4.424021	48.101000
3.880531	3.170853	-4.412615	48.202000
3.893138	3.161887	-4.379789	48.302000
3.906697	3.149935	-4.345105	48.401000
3.918160	3.123418	-4.334215	48.501000
3.929333	3.153040	-4.348352	48.601000
3.940539	3.186363	-4.352367	48.701000
3.951413	3.176778	-4.382930	48.801000
3.961086	3.156197	-4.402118	48.901000
3.970700	3.129806	-4.385851	49.001000
3.983934	3.144541	-4.390128	49.101000
3.997091	3.143040	-4.398399	49.201000
4.008218	3.138803	-4.390752	49.301000
4.017526	3.160368	-4.362927	49.401000
4.027620	3.194272	-4.360954	49.501000
4.041798	3.164990	-4.351148	49.601000
4.053499	3.131713	-4.335633	49.701000
4.061192	3.133365	-4.333608	49.801000
4.075619	3.152945	-4.335840	49.901000
4.086102	3.119327	-4.348776	50.001000
4.095451	3.101631	-4.346167	50.101000
4.110508	3.107827	-4.339741	50.201000
4.118412	3.099057	-4.359796	50.301000
4.131010	3.084825	-4.380353	50.401000
4.141699	3.080224	-4.363197	50.501000
4.154180	3.083506	-4.337485	50.601000
4.163653	3.068844	-4.331283	50.701000
4.177909	3.048657	-4.317985	50.801000
4.187890	3.067376	-4.312355	50.902000
4.197608	3.139284	-4.322680	51.001000
4.210976	3.128740	-4.348783	51.102000
4.222698	3.111656	-4.361692	51.201000
4.232714	3.103870	-4.385214	51.301000
4.245067	3.087613	-4.410739	51.401000
4.256255	3.111516	-4.415993	51.501000
4.266667	3.121694	-4.391771	51.601000
4.278473	3.118176	-4.366341	51.701000
4.290085	3.108587	-4.348047	51.801000
4.301264	3.108763	-4.332374	51.901000
4.312401	3.100377	-4.312632	52.001000
4.324232	3.131745	-4.313876	52.102000
4.336655	3.118263	-4.349288	52.201000
4.347452	3.070951	-4.371681	52.301000
4.358063	3.068894	-4.351844	52.401000
4.370184	3.102048	-4.339098	52.501000
4.380784	3.131063	-4.333496	52.601000
4.392417	3.163681	-4.330207	52.701000
4.403957	3.154615	-4.332990	52.801000
4.415509	3.129604	-4.339376	52.901000
4.426275	3.105056	-4.333991	53.001000
4.438725	3.079236	-4.340089	53.101000
4.448557	3.068002	-4.371844	53.201000
4.460862	3.078564	-4.358805	53.301000
4.471863	3.098462	-4.334218	53.401000
4.483757	3.118275	-4.322843	53.502000
4.494404	3.131271	-4.380194	53.601000
4.505811	3.112309	-4.420203	53.701000
4.517446	3.088528	-4.415568	53.801000
4.527924	3.061323	-4.370070	53.901000
4.539814	3.049646	-4.323422	54.001000
4.550399	3.038789	-4.334580	54.101000
4.561599	3.018343	-4.361958	54.202000
4.573392	3.007160	-4.366923	54.301000
4.583490	3.025624	-4.385641	54.401000
4.595639	3.057747	-4.403172	54.501000
4.606040	3.043068	-4.419298	54.601000
4.617537	3.032478	-4.403709	54.701000
4.629040	3.077794	-4.378464	54.801000
4.639964	3.103386	-4.372141	54.901000
4.651290	3.094675	-4.358661	55.001000
4.663149	3.118028	-4.339518	55.101000
4.673899	3.132559	-4.325937	55.201000
4.685208	3.148275	-4.319377	55.301000
4.696640	3.152398	-4.323994	55.401000
4.707715	3.141348	-4.299292	55.501000
4.718956	3.109096	-4.292970	55.601000
4.730596	3.100863	-4.318551	55.701000
4.741427	3.050992	-4.327885	55.801000
4.752814	3.037807	-4.304219	55.901000
4.764131	3.042323	-4.335838	56.001000
4.775310	3.084273	-4.373001	56.102000
4.786941	3.101548	-4.364646	56.202000
4.798124	3.085751	-4.343005	56.301000
4.809450	3.052272	-4.313063	56.401000
4.820843	3.026541	-4.343523	56.501000
4.832061	3.039423	-4.366640	56.602000
4.843108	3.084188	-4.396221	56.702000
4.854649	3.080825	-4.406936	56.801000
4.866325	3.041557	-4.404928	56.901000
4.877200	3.047771	-4.393189	57.001000
4.888496	3.079702	-4.356038	57.101000
4.899725	3.089017	-4.298275	57.201000
4.910591	3.095170	-4.271467	57.301000
4.922284	3.087091	-4.326860	57.401000
4.933634	3.070928	-4.406536	57.501000
4.944374	3.087149	-4.410175	57.601000
4.955991	3.109399	-4.375099	57.701000
4.967218	3.149824	-4.351114	57.801000
4.978516	3.156614	-4.355381	57.901000
4.989319	3.135275	-4.325635	58.001000
5.000908	3.119245	-4.292740	58.101000
5.012831	3.136034	-4.332394	58.202000
5.023719	3.142665	-4.390537	58.301000
5.034061	3.117474	-4.433201	58.401000
5.046346	3.106504	-4.421125	58.501000
5.057620	3.119360	-4.402009	58.601000
5.067477	3.105016	-4.388861	58.701000
5.079943	3.147660	-4.374901	58.801000
5.090003	3.183855	-4.374009	58.901000
5.102231	3.151404	-4.380257	59.001000
5.112456	3.100857	-4.371337	59.101000
5.123972	3.089678	-4.354865	59.201000
5.135596	3.102616	-4.334715	59.302000
5.145740	3.098455	-4.333899	59.401000
5.158161	3.105045	-4.338307	59.501000
5.169027	3.084929	-4.337737	59.601000
5.179877	3.084659	-4.318546	59.702000
5.190406	3.071953	-4.338254	59.801000
5.202500	3.049814	-4.356816	59.902000
5.213534	3.023416	-4.358928	60.001000
5.225212	3.018023	-4.355620	60.101000
5.235119	3.019418	-4.335153	60.201000
5.246579	3.052690	-4.310011	60.301000
5.257908	3.049465	-4.295632	60.401000
5.269406	3.024354	-4.310037	60.501000
5.280325	3.036304	-4.322240	60.601000
5.291644	3.079465	-4.326065	60.701000
5.303141	3.089691	-4.313998	60.801000
5.314861	3.113878	-4.311224	60.901000
5.326389	3.144405	-4.323421	61.001000
5.338398	3.209878	-4.338937	61.101000
5.348475	3.223571	-4.366451	61.202000
5.357643	3.178656	-4.362086	61.302000
5.371679	3.122109	-4.358630	61.401000
5.381039	3.090190	-4.372929	61.501000
5.392480	3.066908	-4.398798	61.601000
5.403471	3.088085	-4.405970	61.701000
5.414210	3.117130	-4.355353	61.801000
5.426328	3.085267	-4.310511	61.901000
5.436337	3.080191	-4.349395	62.001000
5.448801	3.091452	-4.382989	62.102000
5.458347	3.110431	-4.373730	62.201000
5.471484	3.121867	-4.360691	62.301000
5.479983	3.133584	-4.380512	62.401000
5.492760	3.114275	-4.360949	62.501000
5.504680	3.093442	-4.324774	62.601000
5.515234	3.103910	-4.291075	62.702000
5.526229	3.150556	-4.259532	62.801000
5.535401	3.138966	-4.303602	62.902000
5.536207	3.095350	-4.350384	63.002000
5.534722	3.074173	-4.410161	63.101000
5.531412	3.042995	-4.435543	63.201000
5.528313	3.055761	-4.386069	63.301000
5.522785	3.054676	-4.362333	63.401000
5.517721	3.064887	-4.366309	63.501000
5.512240	3.097321	-4.392280	63.601000
5.503710	3.119559	-4.363782	63.701000
5.498246	3.116977	-4.349962	63.801000
5.491000	3.078160	-4.336397	63.901000
5.485535	3.082813	-4.339127	64.001000
5.476439	3.112499	-4.353996	64.101000
5.469554	3.114524	-4.337929	64.201000
5.462657	3.109441	-4.319637	64.301000
5.455332	3.071169	-4.288783	64.402000
5.446820	3.073495	-4.268497	64.501000
5.439105	3.115351	-4.303206	64.601000
5.431541	3.100527	-4.309185	64.701000
5.423217	3.091220	-4.293306	64.801000
5.414383	3.102559	-4.297173	64.902000
5.406733	3.108745	-4.289530	65.001000
5.397945	3.131481	-4.301148	65.101000
5.389062	3.158054	-4.309290	65.201000
5.380870	3.096995	-4.315102	65.302000
5.372260	3.034203	-4.318826	65.401000
5.363571	3.040803	-4.328756	65.501000
5.354522	3.072134	-4.328881	65.602000
5.345875	3.062501	-4.353216	65.701000
5.337191	3.047725	-4.383750	65.801000
5.328108	3.050930	-4.398815	65.901000
5.319596	3.049852	-4.389535	66.001000
5.310430	3.046324	-4.392712	66.106000
5.300715	3.044905	-4.401622	66.201000
5.291872	3.073861	-4.397541	66.301000
5.282643	3.080488	-4.375734	66.401000
5.273838	3.069909	-4.328606	66.501000
5.264559	3.053878	-4.290584	66.601000
5.255499	3.069695	-4.281923	66.701000
5.246276	3.110801	-4.296540	66.801000
5.236831	3.166167	-4.333303	66.902000
5.228094	3.181675	-4.329068	67.001000
5.218317	3.170026	-4.304623	67.101000
5.208870	3.133322	-4.293784	67.201000
5.199663	3.066859	-4.330305	67.301000
5.190053	3.039662	-4.339699	67.401000
5.181245	2.991923	-4.342202	67.501000
5.171949	3.003139	-4.317937	67.601000
5.162300	3.093040	-4.292895	67.702000
5.152942	3.162111	-4.306101	67.801000
5.143717	3.143348	-4.307639	67.901000
5.133103	3.137555	-4.267103	68.002000
5.122950	3.137379	-4.244728	68.101000
5.113840	3.115933	-4.257113	68.201000
5.105381	3.126630	-4.278963	68.301000
5.095023	3.116168	-4.291179	68.401000
5.084252	3.121147	-4.296217	68.501000
5.075174	3.101275	-4.322234	68.601000
5.066411	3.043966	-4.366993	68.701000
5.055867	3.031956	-4.415913	68.801000
5.045178	3.071242	-4.409411	68.901000
5.037176	3.099231	-4.347429	69.001000
5.026961	3.078568	-4.331307	69.101000
5.015249	3.064496	-4.375883	69.202000
5.007760	3.055417	-4.399605	69.301000
4.997439	3.077598	-4.383251	69.401000
4.986058	3.102611	-4.383271	69.501000
4.976560	3.111845	-4.395120	69.601000
4.967059	3.073652	-4.362942	69.702000
4.958344	3.042576	-4.337485	69.801000
4.948607	3.082900	-4.323570	69.901000
4.938620	3.140518	-4.312461	70.002000
4.928963	3.147256	-4.297401	70.101000
4.918684	3.119610	-4.311336	70.201000
4.908090	3.111449	-4.327521	70.301000
4.897645	3.123587	-4.334577	70.401000
4.887121	3.135497	-4.298458	70.501000
4.876695	3.130128	-4.284055	70.601000
4.868122	3.149482	-4.288443	70.701000
4.858682	3.168770	-4.265989	70.801000
4.847001	3.177910	-4.229191	70.901000
4.838738	3.165739	-4.244646	71.001000
4.826842	3.123251	-4.282616	71.101000
4.817221	3.093087	-4.316540	71.202000
4.807651	3.117177	-4.308071	71.301000
4.796628	3.117013	-4.328402	71.401000
4.788356	3.099567	-4.355298	71.501000
4.776463	3.089657	-4.337721	71.601000
4.766861	3.126868	-4.334210	71.701000
4.758031	3.196876	-4.332700	71.801000
4.746846	3.170646	-4.323188	71.901000
4.736717	3.111966	-4.303378	72.002000
4.726557	3.097759	-4.254474	72.101000
4.716879	3.089186	-4.235702	72.201000
4.706738	3.081355	-4.236297	72.301000
4.696601	3.139250	-4.249552	72.402000
4.685767	3.144053	-4.270247	72.501000
4.675404	3.121195	-4.257914	72.601000
4.665256	3.116172	-4.263554	72.702000
4.654968	3.101772	-4.276737	72.801000
4.644912	3.090636	-4.279311	72.901000
4.634631	3.105305	-4.287568	73.001000
4.624238	3.135623	-4.303346	73.102000
4.613523	3.133957	-4.332871	73.201000
4.603155	3.085430	-4.338380	73.301000
4.593181	3.073587	-4.360352	73.402000
4.582709	3.085612	-4.365832	73.501000
4.572585	3.103342	-4.355102	73.602000
4.561506	3.125260	-4.329550	73.702000
4.551541	3.122672	-4.349894	73.801000
4.541280	3.081257	-4.374516	73.902000
4.530250	3.059265	-4.366225	74.001000
4.520379	3.080681	-4.353689	74.101000
4.509724	3.105198	-4.313401	74.201000
4.498605	3.125074	-4.282731	74.301000
4.488354	3.146650	-4.326473	74.401000
4.478195	3.165315	-4.320045	74.501000
4.467635	3.176589	-4.292105	74.601000
4.457388	3.133204	-4.280482	74.701000
4.446517	3.104801	-4.323877	74.801000
4.435658	3.097044	-4.318438	74.901000
4.425743	3.105052	-4.277158	75.002000
4.414994	3.089754	-4.255829	75.101000
4.403971	3.048430	-4.259246	75.201000
4.393590	3.021864	-4.292686	75.301000
4.383218	3.022220	-4.284321	75.401000
4.372558	2.996971	-4.281079	75.501000
4.362572	2.985865	-4.313339	75.601000
4.350915	3.024023	-4.335389	75.701000
4.340065	3.049251	-4.351301	75.801000
4.330590	3.050465	-4.368541	75.902000
4.321565	3.075077	-4.391462	76.001000
4.310584	3.090628	-4.382348	76.101000
4.299133	3.142986	-4.354014	76.201000
4.288713	3.177087	-4.310540	76.301000
4.276470	3.173313	-4.291250	76.401000
4.265113	3.157977	-4.283813	76.501000
4.257031	3.146916	-4.287361	76.601000
4.248042	3.128613	-4.303588	76.701000
4.236397	3.125631	-4.306207	76.801000
4.223556	3.126953	-4.300934	76.901000
4.212179	3.124879	-4.298443	77.001000
4.201204	3.126115	-4.307241	77.101000
4.190785	3.144393	-4.323460	77.201000
4.179785	3.134011	-4.325293	77.301000
4.169351	3.115279	-4.317576	77.401000
4.159008	3.107838	-4.335602	77.501000
4.148898	3.113076	-4.369648	77.601000
4.137347	3.096550	-4.386778	77.701000
4.126531	3.072686	-4.352157	77.801000
4.115690	3.113238	-4.334522	77.901000
4.105329	3.136704	-4.355811	78.001000
4.097825	3.153957	-4.353687	78.101000
4.084820	3.139091	-4.328962	78.201000
4.072692	3.113022	-4.325637	78.301000
4.064994	3.104443	-4.320270	78.401000
4.052785	3.081240	-4.349087	78.501000
4.040202	3.061131	-4.350711	78.602000
4.032443	3.037276	-4.364399	78.702000
4.018835	3.027549	-4.380574	78.801000
4.010684	3.044780	-4.357759	78.901000
3.996248	3.049104	-4.353142	79.001000
3.989579	3.048625	-4.358210	79.102000
3.976382	3.041404	-4.356461	79.201000
3.965048	3.044106	-4.352405	79.301000
3.956405	3.085425	-4.352417	79.401000
3.943317	3.138452	-4.341075	79.501000
3.933404	3.156663	-4.316695	79.601000
3.923092	3.166058	-4.286340	79.701000
3.910643	3.175995	-4.325222	79.801000
3.900153	3.210630	-4.344988	79.902000
3.889219	3.220157	-4.316845	80.001000
3.878194	3.205583	-4.291709	80.101000
3.867656	3.197003	-4.306369	80.201000
3.857450	3.182546	-4.328439	80.301000
3.845981	3.155393	-4.370941	80.401000
3.834857	3.127675	-4.417928	80.501000
3.823972	3.115255	-4.427975	80.602000
3.812535	3.139906	-4.413092	80.701000
3.802323	3.147064	-4.403820	80.801000
3.791162	3.151427	-4.369211	80.901000
3.780716	3.168067	-4.343708	81.001000
3.769786	3.145448	-4.345403	81.101000
3.758484	3.095995	-4.338565	81.201000
3.747411	3.094386	-4.335820	81.301000
3.737081	3.102626	-4.326505	81.403000
3.725818	3.103657	-4.305867	81.501000
3.714772	3.112191	-4.307632	81.601000
3.704085	3.119413	-4.316571	81.701000
3.692461	3.099968	-4.355218	81.801000
3.681835	3.053702	-4.386577	81.901000
3.670648	3.082328	-4.342090	82.001000
3.659621	3.109497	-4.298415	82.101000
3.648815	3.112472	-4.299301	82.202000
3.636711	3.114807	-4.303366	82.301000
3.626458	3.106621	-4.315599	82.401000
3.615775	3.100423	-4.345674	82.501000
3.604781	3.082774	-4.355492	82.601000
3.594029	3.088605	-4.365086	82.701000
3.582296	3.103944	-4.355213	82.801000
3.570729	3.113914	-4.345404	82.901000
3.559705	3.104948	-4.339710	83.001000
3.548797	3.069703	-4.355546	83.101000
3.537818	3.042548	-4.343699	83.201000
3.527139	3.065567	-4.341177	83.301000
3.515367	3.100956	-4.345360	83.401000
3.504458	3.127462	-4.346609	83.502000
3.493699	3.167647	-4.315680	83.601000
3.482289	3.212209	-4.282996	83.701000
3.471311	3.220718	-4.288613	83.801000
3.460314	3.192498	-4.326330	83.901000
3.449233	3.180885	-4.371367	84.001000
3.437040	3.194614	-4.364415	84.101000
3.426957	3.179896	-4.361220	84.201000
3.415447	3.139119	-4.357079	84.301000
3.404911	3.117168	-4.350737	84.401000
3.393184	3.141323	-4.352168	84.502000
3.381077	3.140835	-4.354696	84.601000
3.370875	3.111562	-4.377625	84.701000
3.359121	3.078680	-4.367653	84.802000
3.348456	3.105432	-4.354668	84.902000
3.337385	3.122507	-4.357804	85.001000
3.326029	3.123050	-4.377882	85.101000
3.314943	3.138342	-4.374691	85.201000
3.304322	3.149175	-4.362023	85.301000
3.292832	3.146470	-4.348668	85.402000
3.282178	3.113614	-4.341064	85.501000
3.271326	3.097183	-4.357157	85.601000
3.260129	3.104570	-4.370992	85.701000
3.248884	3.108696	-4.319577	85.801000
3.237966	3.134042	-4.292183	85.901000
3.226530	3.147195	-4.318923	86.001000
3.215686	3.149129	-4.327602	86.101000
3.204140	3.161554	-4.328298	86.201000
3.192546	3.203198	-4.310439	86.301000
3.181476	3.225642	-4.294081	86.401000
3.170725	3.194197	-4.303587	86.501000
3.158351	3.195828	-4.316550	86.601000
3.147935	3.194635	-4.333517	86.701000
3.136260	3.185720	-4.335193	86.801000
3.125387	3.163700	-4.358874	86.901000
3.114644	3.158345	-4.335799	87.001000
3.103662	3.153996	-4.304176	87.101000
3.092028	3.128185	-4.304233	87.201000
3.080200	3.108435	-4.289628	87.301000
3.068960	3.137136	-4.295448	87.401000
3.058378	3.142447	-4.326834	87.501000
3.047021	3.085189	-4.361800	87.601000
3.035581	3.051092	-4.318580	87.701000
3.024942	3.068445	-4.252799	87.801000
3.013049	3.109532	-4.271297	87.901000
3.001592	3.150915	-4.323763	88.001000
2.989910	3.165606	-4.327287	88.101000
2.980149	3.156497	-4.347680	88.201000
2.969054	3.155471	-4.367655	88.301000
2.953868	3.107454	-4.379864	88.401000
2.944606	3.064855	-4.388957	88.501000
2.936788	3.090215	-4.409978	88.601000
2.924636	3.109245	-4.406515	88.701000
2.913714	3.108977	-4.392575	88.801000
2.901714	3.137449	-4.401920	88.901000
2.886466	3.150421	-4.420422	89.001000
2.878898	3.142758	-4.436067	89.101000
2.863704	3.126944	-4.406527	89.201000
2.856065	3.125001	-4.347542	89.301000
2.842315	3.123562	-4.360403	89.401000
2.831072	3.087580	-4.378154	89.502000
2.820729	3.090047	-4.365027	89.602000
2.808820	3.096831	-4.350113	89.701000
2.797420	3.107452	-4.343443	89.801000
2.786153	3.127766	-4.355320	89.902000
2.775020	3.104478	-4.353155	90.001000
2.764101	3.085474	-4.308376	90.101000
2.751879	3.083104	-4.265415	90.202000
2.740608	3.112640	-4.298696	90.301000
2.728854	3.124289	-4.313727	90.401000
2.717765	3.146036	-4.293379	90.501000
2.706718	3.167934	-4.297276	90.601000
2.694742	3.156209	-4.296577	90.701000
2.683570	3.141101	-4.297677	90.801000
2.674209	3.168046	-4.301007	90.901000
2.659513	3.170306	-4.285927	91.001000
2.647498	3.126344	-4.297035	91.102000
2.636600	3.105713	-4.348259	91.202000
2.624818	3.109406	-4.390424	91.301000
2.616948	3.119726	-4.397734	91.401000
2.601848	3.132119	-4.387009	91.501000
2.593988	3.145887	-4.377457	91.601000
2.581821	3.134631	-4.380604	91.702000
2.569697	3.130469	-4.353597	91.801000
2.557563	3.135465	-4.348870	91.901000
2.547120	3.161711	-4.323848	92.001000
2.535391	3.150499	-4.291432	92.101000
2.523758	3.113123	-4.267037	92.201000
2.512182	3.110835	-4.265605	92.301000
2.501056	3.139013	-4.294290	92.401000
2.489352	3.155143	-4.316157	92.501000
2.477758	3.118177	-4.315949	92.601000
2.466257	3.088184	-4.307044	92.701000
2.455554	3.079556	-4.308270	92.801000
2.442579	3.068450	-4.319035	92.901000
2.431617	3.083744	-4.332632	93.001000
2.421731	3.113095	-4.333447	93.101000
2.407962	3.140462	-4.338223	93.201000
2.396271	3.140288	-4.343266	93.301000
2.385910	3.098122	-4.344573	93.402000
2.373596	3.082326	-4.311082	93.501000
2.363843	3.079661	-4.354653	93.601000
2.351596	3.100585	-4.354656	93.701000
2.339823	3.109588	-4.348611	93.802000
2.328488	3.115088	-4.355567	93.902000
2.317001	3.144267	-4.347212	94.001000
2.305074	3.167201	-4.324285	94.101000
2.294128	3.177340	-4.307522	94.201000
2.282986	3.164592	-4.317948	94.301000
2.271019	3.143747	-4.327016	94.401000
2.260663	3.153127	-4.331086	94.501000
2.248629	3.172534	-4.365034	94.601000
2.237678	3.186097	-4.381073	94.701000
2.226154	3.182713	-4.378474	94.801000
2.213767	3.153395	-4.378453	94.901000
2.202947	3.144962	-4.393306	95.001000
2.191455	3.171001	-4.389039	95.101000
2.180043	3.210057	-4.374571	95.201000
2.168672	3.183457	-4.374549	95.301000
2.156818	3.134078	-4.361717	95.402000
2.145003	3.110500	-4.369479	95.501000
2.133755	3.124986	-4.396807	95.601000
2.122183	3.132768	-4.424626	95.701000
2.110748	3.148384	-4.429619	95.801000
2.099363	3.180356	-4.435898	95.901000
2.087515	3.180893	-4.447598	96.001000
2.076126	3.155240	-4.460494	96.102000
2.064494	3.144351	-4.461849	96.201000
2.053026	3.106247	-4.434178	96.301000
2.041395	3.088284	-4.396277	96.401000
2.030718	3.115441	-4.375335	96.501000
2.018761	3.175784	-4.376615	96.601000
2.006682	3.207482	-4.360109	96.701000
1.996144	3.190031	-4.339982	96.801000
1.983911	3.176409	-4.339727	96.901000
1.972684	3.163468	-4.334772	97.001000
1.960613	3.141661	-4.351889	97.101000
1.949059	3.148759	-4.332411	97.201000
1.937377	3.195694	-4.323528	97.301000
1.926390	3.200213	-4.357681	97.401000
1.914590	3.174475	-4.394315	97.501000
1.902972	3.164395	-4.417507	97.601000
1.890929	3.144174	-4.374665	97.701000
1.879566	3.119343	-4.331267	97.801000
1.868178	3.111395	-4.313593	97.901000
1.856667	3.147725	-4.312873	98.002000
1.845226	3.135121	-4.360052	98.101000
1.833511	3.118332	-4.428789	98.201000
1.821661	3.141370	-4.452419	98.301000
1.809652	3.146527	-4.394215	98.401000
1.798272	3.128483	-4.327265	98.501000
1.786578	3.115972	-4.297897	98.601000
1.775092	3.127677	-4.297314	98.701000
1.763188	3.173776	-4.297685	98.801000
1.751792	3.205020	-4.303106	98.901000
1.740320	3.187790	-4.299024	99.001000
1.728953	3.142361	-4.343690	99.101000
1.717339	3.123759	-4.366272	99.201000
1.705853	3.109746	-4.359965	99.301000
1.694191	3.118251	-4.344269	99.401000
1.682439	3.110466	-4.349804	99.502000
1.671138	3.122854	-4.366479	99.601000
1.659972	3.139447	-4.370268	99.701000
1.648363	3.156860	-4.329507	99.801000
1.636416	3.158633	-4.307233	99.901000
1.624633	3.131826	-4.316014	100.001000
1.612861	3.104215	-4.371674	100.101000
1.601231	3.131680	-4.425253	100.201000
1.590012	3.172804	-4.389998	100.301000
1.578330	3.165301	-4.348463	100.401000
1.566473	3.131211	-4.323970	100.502000
1.555168	3.108922	-4.286460	100.601000
1.543227	3.128313	-4.264495	100.701000
1.531710	3.155253	-4.274311	100.802000
1.520140	3.155865	-4.302691	100.901000
1.508763	3.105001	-4.319979	101.001000
1.496411	3.085439	-4.341296	101.101000
1.484639	3.085106	-4.341937	101.201000
1.473264	3.118456	-4.349782	101.301000
1.461628	3.146309	-4.355648	101.401000
1.449891	3.150077	-4.353104	101.501000
1.438338	3.154739	-4.357887	101.601000
1.426287	3.168570	-4.376149	101.701000
1.414817	3.177966	-4.383033	101.801000
1.403063	3.175874	-4.386485	101.901000
1.391550	3.180208	-4.376033	102.001000
1.379757	3.199914	-4.367965	102.101000
1.367906	3.206915	-4.342182	102.201000
1.356201	3.205591	-4.345291	102.301000
1.344257	3.187193	-4.379923	102.402000
1.332865	3.164431	-4.375873	102.501000
1.321175	3.170076	-4.348464	102.601000
1.309701	3.165267	-4.351043	102.701000
1.297759	3.154688	-4.348712	102.801000
1.285918	3.133536	-4.328682	102.901000
1.274247	3.127287	-4.297432	103.001000
1.262702	3.108514	-4.292795	103.101000
1.251499	3.069662	-4.311760	103.202000
1.239965	3.064746	-4.353058	103.301000
1.228197	3.100466	-4.359066	103.402000
1.216422	3.134312	-4.361387	103.501000
1.204784	3.170469	-4.337635	103.601000
1.193346	3.175738	-4.345578	103.702000
1.181722	3.136033	-4.362630	103.801000
1.170132	3.102820	-4.367213	103.901000
1.158764	3.103396	-4.367805	104.001000
1.147413	3.132338	-4.354254	104.101000
1.135777	3.147195	-4.357049	104.201000
1.124015	3.151450	-4.337404	104.301000
1.112518	3.159281	-4.341904	104.401000
1.100545	3.180246	-4.342175	104.501000
1.088687	3.217548	-4.326941	104.602000
1.076404	3.231435	-4.307273	104.701000
1.065044	3.204029	-4.307650	104.801000
1.053568	3.141210	-4.283291	104.901000
1.041531	3.130360	-4.303889	105.002000
1.029546	3.178858	-4.349232	105.102000
1.018010	3.194670	-4.394387	105.201000
1.006382	3.151716	-4.386230	105.301000
0.994765	3.102833	-4.364936	105.401000
0.983165	3.100023	-4.360005	105.501000
0.971594	3.124362	-4.348470	105.601000
0.959573	3.140059	-4.320686	105.701000
0.948021	3.083873	-4.315244	105.801000
0.936278	3.010553	-4.343199	105.901000
0.925010	3.003514	-4.358624	106.001000
0.913430	3.055315	-4.337501	106.101000
0.901604	3.094807	-4.331673	106.201000
0.889604	3.147431	-4.363193	106.301000
0.877864	3.169464	-4.401651	106.401000
0.866090	3.208883	-4.393624	106.501000
0.854536	3.228135	-4.367840	106.601000
0.842954	3.237482	-4.316984	106.701000
0.830810	3.209727	-4.288052	106.802000
0.819175	3.167448	-4.290363	106.901000
0.807716	3.141570	-4.304784	107.001000
0.795923	3.150812	-4.316301	107.101000
0.784357	3.138649	-4.314470	107.201000
0.772599	3.143768	-4.340621	107.302000
0.760817	3.127077	-4.344597	107.402000
0.748915	3.111591	-4.331331	107.502000
0.737329	3.128953	-4.335416	107.601000
0.725933	3.135297	-4.326868	107.702000
0.714232	3.137239	-4.311834	107.801000
0.702627	3.133001	-4.335439	107.901000
0.690991	3.140205	-4.386090	108.001000
0.679316	3.150591	-4.409103	108.101000
0.667679	3.149681	-4.425799	108.201000
0.656165	3.153360	-4.426416	108.301000
0.644626	3.177706	-4.420697	108.402000
0.633103	3.176085	-4.410997	108.501000
0.621930	3.152561	-4.426574	108.601000
0.610134	3.159633	-4.420274	108.701000
0.598498	3.184996	-4.408359	108.801000
0.587081	3.175757	-4.423015	108.902000
0.575555	3.139454	-4.414727	109.001000
0.563748	3.117179	-4.377134	109.101000
0.551993	3.107078	-4.330569	109.201000
0.540371	3.104011	-4.287304	109.301000
0.528474	3.127570	-4.322526	109.401000
0.517118	3.128521	-4.379757	109.501000
0.505508	3.138617	-4.394740	109.601000
0.493434	3.146959	-4.404261	109.701000
0.481820	3.151284	-4.391705	109.802000
0.470131	3.125989	-4.382848	109.901000
0.458526	3.128943	-4.364620	110.001000
0.447238	3.160894	-4.363061	110.101000
0.435547	3.141424	-4.355919	110.201000
0.423511	3.145851	-4.333023	110.301000
0.412100	3.159736	-4.330150	110.401000
0.400277	3.137984	-4.342791	110.501000
0.388790	3.119172	-4.360310	110.602000
0.377233	3.144059	-4.367732	110.701000
0.365072	3.126447	-4.373018	110.801000
0.353364	3.085949	-4.384402	110.901000
0.341544	3.100290	-4.380328	111.001000
0.329981	3.117455	-4.341519	111.101000
0.318689	3.147567	-4.300967	111.201000
0.306981	3.154269	-4.282255	111.301000
0.295253	3.160672	-4.290327	111.401000
0.283653	3.158401	-4.302851	111.501000
0.271789	3.140463	-4.313029	111.601000
0.260670	3.130324	-4.347336	111.701000
0.249201	3.163050	-4.382671	111.801000
0.237352	3.191142	-4.371602	111.901000
0.225422	3.201308	-4.374332	112.001000
0.213967	3.224236	-4.378902	112.101000
0.202062	3.212182	-4.437444	112.201000
0.190729	3.184363	-4.460042	112.301000
0.179290	3.146742	-4.462164	112.401000
0.167522	3.153406	-4.436080	112.502000
0.155803	3.154953	-4.399648	112.602000
0.144431	3.144821	-4.374073	112.701000
0.132998	3.135768	-4.358563	112.801000
0.122641	3.155352	-4.336581	112.901000
0.116914	3.176272	-4.334247	113.001000
0.112371	3.194572	-4.344974	113.101000
0.108727	3.177002	-4.316488	113.201000
0.105578	3.180311	-4.281542	113.301000
0.102843	3.201943	-4.261080	113.401000
0.100500	3.203292	-4.273228	113.501000
0.098165	3.194185	-4.276958	113.601000
0.096085	3.207052	-4.298503	113.701000
0.094510	3.200274	-4.311611	113.801000
0.092730	3.169827	-4.315290	113.901000
0.091326	3.141748	-4.340728	114.001000
0.089800	3.121385	-4.336195	114.106000
0.088051	3.130448	-4.349976	114.201000
0.087017	3.153573	-4.372844	114.301000
0.085528	3.170993	-4.404391	114.401000
0.084455	3.171514	-4.430996	114.501000
0.083152	3.162113	-4.425084	114.601000
0.082217	3.130311	-4.402395	114.701000
0.081313	3.095875	-4.385199	114.801000
0.080136	3.099514	-4.396236	114.901000
0.079515	3.101681	-4.436250	115.001000
0.078674	3.083259	-4.472895	115.106000
0.077468	3.103260	-4.510947	115.201000
0.076921	3.101807	-4.528537	115.301000
0.076266	3.069686	-4.569231	115.401000
0.075406	3.058155	-4.633343	115.501000
0.074825	3.009204	-4.681653	115.601000
0.074301	2.935388	-4.707431	115.701000
0.073519	2.880391	-4.730988	115.801000
0.072992	2.852002	-4.776712	115.901000
0.072335	2.823296	-4.842868	116.001000
0.071964	2.745820	-4.901177	116.101000
0.071244	2.635620	-4.944547	116.201000
0.070650	2.528351	-4.968790	116.301000
0.070315	2.473100	-4.980812	116.401000
0.069813	2.451565	-4.987852	116.501000
0.069149	2.456349	-5.020180	116.601000
0.069052	2.483375	-5.061762	116.701000
0.068589	2.552582	-5.100890	116.801000
0.068192	2.622396	-5.155471	116.901000
0.067689	2.671177	-5.277781	117.002000
0.067264	2.734371	-5.375866	117.101000
0.067011	2.792597	-5.473390	117.202000
0.066441	2.796855	-5.563746	117.301000
0.066189	2.728528	-5.647001	117.401000
0.065890	2.611783	-5.681869	117.501000
0.065425	2.455708	-5.612375	117.601000
0.065150	2.314282	-5.551744	117.702000
0.064711	2.173664	-5.519004	117.802000
0.064563	2.009416	-5.458130	117.901000
0.063976	1.865923	-5.375900	118.001000
0.063891	1.733579	-5.274667	118.101000
0.063814	1.646800	-5.183289	118.201000
0.063604	1.577368	-5.155256	118.301000
0.063307	1.523463	-5.082828	118.401000
0.063033	1.474920	-4.999851	118.502000
0.062651	1.448409	-4.951698	118.601000
0.062594	1.421748	-4.991489	118.702000
0.062223	1.406721	-4.969256	118.801000
0.061854	1.380069	-4.940277	118.902000
0.062019	1.345018	-4.897516	119.002000
0.061672	1.310113	-4.830730	119.101000
0.061547	1.282103	-4.749453	119.201000
0.061441	1.250040	-4.611291	119.301000
0.061344	1.200142	-4.581297	119.401000
0.061054	1.160197	-4.577289	119.502000
0.060679	1.133842	-4.515164	119.602000
0.060622	1.102018	-4.443817	119.701000
0.060538	1.093346	-4.463013	119.801000
0.060257	1.113968	-4.473784	119.901000
0.060143	1.136022	-4.534795	120.001000
0.060088	1.116968	-4.566638	120.101000
0.059657	1.111825	-4.488738	120.201000
0.059726	1.098325	-4.399493	120.301000
0.059369	1.099986	-4.347289	120.401000
0.059348	1.092679	-4.340567	120.501000
0.059342	1.054236	-4.323998	120.601000
0.059089	1.038044	-4.301004	120.701000
0.058947	1.034007	-4.241663	120.801000
0.058906	1.014839	-4.249837	120.901000
0.058642	1.002813	-4.306699	121.001000
0.058551	0.978837	-4.308963	121.101000
0.058274	0.960961	-4.311216	121.201000
0.058303	0.943414	-4.359074	121.301000
0.058277	0.927533	-4.365965	121.401000
0.058013	0.893127	-4.345882	121.501000
0.058150	0.888052	-4.319368	121.601000
0.057958	0.918811	-4.232783	121.701000
0.057821	0.944699	-4.223677	121.801000
0.057468	0.932242	-4.184063	121.901000
0.057445	0.910544	-4.076218	122.002000
0.057240	0.926767	-4.114013	122.101000
0.057193	0.958441	-4.176872	122.201000
0.057082	0.968709	-4.150894	122.301000
0.056974	0.953404	-4.148215	122.401000
0.056740	0.929465	-4.149465	122.501000
0.056647	0.910165	-4.178849	122.601000
0.056687	0.890768	-4.211427	122.701000
0.056460	0.868323	-4.278739	122.801000
0.056542	0.852286	-4.365291	122.901000
0.056460	0.852126	-4.361409	123.001000
0.056261	0.858858	-4.322290	123.101000
0.056122	0.860577	-4.321806	123.201000
0.056049	0.875629	-4.330304	123.301000
0.056172	0.869455	-4.446354	123.401000
0.056214	0.875645	-4.409967	123.501000
0.055966	0.869070	-4.364889	123.601000
0.056161	0.885341	-4.227305	123.701000
0.055756	0.898640	-4.131115	123.801000
0.055991	0.879648	-4.194675	123.901000
0.056155	0.863589	-4.250900	124.001000
0.055885	0.838614	-4.366705	124.101000
0.055690	0.834090	-4.480303	124.201000
0.055556	0.853077	-4.491013	124.301000
0.055762	0.817241	-4.375548	124.401000
0.055633	0.830357	-4.359624	124.502000
0.055373	0.846035	-4.325486	124.602000
0.055825	0.841864	-4.398216	124.701000
0.055367	0.818663	-4.444059	124.801000
0.055557	0.774293	-4.425937	124.901000
0.055501	0.781641	-4.343661	125.001000
0.055383	0.824339	-4.277708	125.101000
0.055296	0.837313	-4.345508	125.201000
0.055177	0.862988	-4.415402	125.301000
0.055005	0.867169	-4.383568	125.402000
0.055131	0.854483	-4.344291	125.501000
0.055143	0.865927	-4.290121	125.601000
0.055071	0.915409	-4.247241	125.701000
0.055138	0.933799	-4.274391	125.802000
0.055138	0.912197	-4.195242	125.901000
0.055217	0.896640	-4.266090	126.001000
0.055129	0.904220	-4.407676	126.101000
0.055023	0.919616	-4.464646	126.201000
0.055085	0.924752	-4.378483	126.301000
0.054954	0.948588	-4.302067	126.401000
0.054769	0.962799	-4.343713	126.502000
0.054837	0.912479	-4.423867	126.601000
0.054736	0.879901	-4.437976	126.701000
0.054653	0.870914	-4.381447	126.801000
0.054495	0.851806	-4.442609	126.901000
0.054503	0.850510	-4.458779	127.001000
0.054563	0.874573	-4.458460	127.102000
0.054536	0.873353	-4.363152	127.201000
0.054658	0.873812	-4.326703	127.302000
0.054563	0.865715	-4.337275	127.401000
0.054445	0.820806	-4.413465	127.501000
0.054591	0.805787	-4.412613	127.601000
0.054478	0.825225	-4.458422	127.701000
0.054516	0.844239	-4.440171	127.802000
0.054456	0.847375	-4.395402	127.901000
0.054339	0.873985	-4.334954	128.001000
0.054630	0.874646	-4.345229	128.101000
0.054233	0.890264	-4.372659	128.201000
0.054272	0.895130	-4.357767	128.301000
0.054411	0.871836	-4.312951	128.401000
0.054237	0.841791	-4.308631	128.502000
0.054560	0.822936	-4.354967	128.601000
0.054105	0.805195	-4.222657	128.701000
0.054294	0.806398	-4.109170	128.801000
0.054076	0.809904	-4.054480	128.901000
0.054176	0.823910	-4.112778	129.001000
0.053901	0.862113	-4.194400	129.101000
0.054216	0.879787	-4.245397	129.202000
0.054270	0.907894	-4.291201	129.301000
0.054006	0.914770	-4.361196	129.401000
0.054210	0.881727	-4.369836	129.501000
0.054312	0.868766	-4.340245	129.601000
