-0.142107	0.968812	-4.095910	12.231000
-0.141783	0.969712	-4.093409	12.331000
-0.141732	0.973237	-4.082863	12.431000
-0.141918	0.973929	-4.097417	12.531000
-0.141855	0.975977	-4.111089	12.631000
-0.141908	0.972711	-4.112141	12.731000
-0.141932	0.964993	-4.107253	12.832000
-0.141829	0.963327	-4.107357	12.931000
-0.142244	0.965854	-4.111494	13.031000
-0.142013	0.970800	-4.105368	13.132000
-0.141973	0.971034	-4.091458	13.231000
-0.142039	0.969616	-4.094230	13.331000
-0.141988	0.968105	-4.100622	13.431000
-0.142004	0.967567	-4.108054	13.531000
-0.141969	0.968216	-4.102863	13.631000
-0.142035	0.968897	-4.090224	13.731000
-0.142061	0.967282	-4.083617	13.831000
-0.141836	0.962238	-4.083028	13.931000
-0.141945	0.963604	-4.081712	14.031000
-0.141983	0.970975	-4.081255	14.131000
-0.142048	0.974402	-4.084134	14.231000
-0.140217	0.968590	-4.093308	14.331000
-0.134741	0.959064	-4.102960	14.431000
-0.128260	0.955334	-4.101894	14.531000
-0.121180	0.959730	-4.089635	14.631000
-0.113603	0.966276	-4.070078	14.731000
-0.105550	0.970920	-4.078252	14.831000
-0.097858	0.965243	-4.089914	14.931000
-0.089683	0.963294	-4.107955	15.031000
-0.081330	0.968111	-4.120771	15.132000
-0.072794	0.964827	-4.110517	15.231000
-0.063845	0.968025	-4.120449	15.331000
-0.054992	0.965770	-4.107954	15.431000
-0.046319	0.968971	-4.094517	15.531000
-0.037456	0.971100	-4.084616	15.631000
-0.028405	0.965261	-4.092129	15.731000
-0.019194	0.961058	-4.093025	15.831000
-0.009787	0.965016	-4.090774	15.931000
-0.000619	0.959579	-4.089159	16.031000
0.008218	0.959464	-4.090257	16.131000
0.017530	0.964940	-4.093459	16.232000
0.026950	0.966334	-4.095856	16.331000
0.036709	0.969861	-4.091196	16.431000
0.046088	0.970219	-4.087773	16.531000
0.055691	0.965927	-4.094006	16.631000
0.065083	0.968503	-4.102696	16.732000
0.074638	0.967328	-4.099837	16.831000
0.083848	0.968640	-4.085819	16.931000
0.093938	0.971096	-4.088781	17.031000
0.103538	0.968602	-4.086594	17.131000
0.113303	0.963902	-4.085842	17.231000
0.122544	0.964339	-4.100992	17.331000
0.132454	0.967549	-4.105543	17.431000
0.142291	0.973979	-4.102500	17.531000
0.152327	0.974442	-4.101136	17.631000
0.161878	0.967938	-4.070161	17.731000
0.171472	0.970953	-4.061160	17.831000
0.181518	0.975362	-4.073798	17.931000
0.191209	0.971322	-4.072239	18.031000
0.201165	0.973461	-4.076542	18.131000
0.211331	0.972087	-4.084913	18.231000
0.221170	0.970263	-4.094510	18.332000
0.230866	0.973819	-4.103369	18.431000
0.240779	0.977621	-4.110660	18.531000
0.250599	0.979398	-4.125163	18.631000
0.260400	0.983483	-4.132089	18.731000
0.270231	0.978423	-4.130794	18.831000
0.280028	0.966336	-4.120795	18.931000
0.290205	0.957410	-4.099250	19.031000
0.300088	0.956521	-4.090082	19.131000
0.309997	0.959014	-4.073008	19.231000
0.320051	0.966976	-4.057124	19.331000
0.330140	0.968461	-4.049360	19.431000
0.340278	0.966809	-4.049192	19.531000
0.350160	0.964221	-4.065279	19.631000
0.360174	0.966552	-4.084614	19.731000
0.370801	0.970185	-4.070744	19.832000
0.381273	0.971286	-4.071771	19.931000
0.391342	0.975218	-4.089931	20.031000
0.401466	0.970441	-4.084580	20.131000
0.411622	0.967421	-4.080734	20.231000
0.421763	0.972733	-4.073866	20.331000
0.432305	0.970646	-4.086813	20.431000
0.442646	0.965752	-4.101617	20.531000
0.452756	0.967138	-4.105675	20.631000
0.463076	0.968948	-4.099946	20.731000
0.473364	0.969566	-4.113229	20.832000
0.483556	0.968016	-4.093128	20.931000
0.494156	0.960797	-4.067909	21.031000
0.504526	0.960298	-4.037385	21.132000
0.514683	0.961856	-4.037953	21.231000
0.525381	0.956718	-4.056073	21.332000
0.535638	0.960763	-4.084513	21.431000
0.545982	0.963518	-4.090793	21.531000
0.556929	0.966919	-4.094109	21.631000
0.567271	0.968244	-4.094691	21.731000
0.577691	0.970492	-4.096819	21.831000
0.587980	0.970159	-4.095422	21.931000
0.598309	0.969401	-4.096015	22.032000
0.609035	0.973456	-4.102618	22.131000
0.619661	0.972616	-4.114419	22.231000
0.629893	0.968936	-4.104333	22.331000
0.640431	0.970756	-4.078050	22.431000
0.651002	0.971548	-4.069991	22.531000
0.661641	0.975263	-4.082424	22.631000
0.672501	0.976367	-4.072950	22.731000
0.683319	0.972769	-4.066172	22.832000
0.693920	0.969416	-4.069460	22.931000
0.704196	0.969016	-4.082752	23.031000
0.714651	0.968328	-4.094301	23.131000
0.725044	0.966837	-4.090216	23.231000
0.735422	0.966621	-4.079167	23.331000
0.745962	0.965209	-4.078769	23.431000
0.756517	0.970570	-4.081252	23.531000
0.766942	0.974248	-4.088281	23.632000
0.777492	0.975386	-4.083936	23.731000
0.788100	0.975333	-4.079643	23.831000
0.798544	0.974729	-4.079517	23.931000
0.809282	0.971658	-4.093644	24.031000
0.819657	0.974733	-4.098128	24.131000
0.830103	0.976440	-4.098359	24.231000
0.840875	0.970170	-4.108725	24.331000
0.851934	0.969757	-4.132701	24.431000
0.862848	0.971280	-4.139560	24.531000
0.873550	0.970334	-4.139930	24.631000
0.884103	0.972409	-4.124667	24.731000
0.894564	0.975695	-4.127112	24.831000
0.905383	0.972719	-4.132737	24.931000
0.916463	0.963975	-4.122018	25.031000
0.927172	0.957574	-4.110024	25.131000
0.937664	0.958325	-4.091163	25.231000
0.948283	0.964775	-4.063045	25.332000
0.959029	0.974069	-4.061503	25.431000
0.970058	0.979568	-4.075489	25.531000
0.980917	0.977328	-4.070487	25.631000
0.991805	0.976355	-4.074467	25.731000
1.002710	0.983701	-4.083225	25.831000
1.013513	0.978806	-4.103207	25.931000
1.024014	0.970639	-4.106785	26.031000
1.035186	0.962141	-4.108388	26.131000
1.046184	0.963298	-4.107763	26.231000
1.057095	0.962370	-4.101750	26.331000
1.067886	0.965445	-4.090568	26.431000
1.078931	0.969393	-4.095938	26.531000
1.089553	0.967793	-4.088608	26.631000
1.100546	0.965648	-4.076177	26.731000
1.111938	0.966232	-4.091306	26.831000
1.122141	0.968556	-4.096979	26.931000
1.132746	0.972036	-4.089008	27.031000
1.144642	0.971785	-4.095208	27.132000
1.154855	0.973540	-4.074326	27.232000
1.166308	0.973701	-4.052300	27.332000
1.177157	0.977608	-4.052231	27.431000
1.187857	0.979609	-4.068174	27.531000
1.198992	0.977357	-4.087311	27.631000
1.209810	0.976599	-4.104590	27.731000
1.220638	0.972459	-4.120154	27.831000
1.231681	0.966342	-4.110053	27.938000
1.242494	0.965003	-4.107971	28.031000
1.253226	0.960106	-4.108700	28.131000
1.263914	0.962842	-4.106696	28.231000
1.274611	0.963809	-4.119461	28.332000
1.284898	0.964116	-4.145830	28.431000
1.296727	0.963022	-4.151981	28.531000
1.306919	0.962414	-4.149713	28.631000
1.317945	0.964032	-4.136143	28.731000
1.329148	0.969639	-4.116921	28.831000
1.340790	0.966621	-4.111279	28.937000
1.351972	0.958553	-4.113323	29.031000
1.362389	0.955290	-4.117325	29.131000
1.373558	0.958014	-4.099498	29.231000
1.384634	0.968093	-4.085865	29.331000
1.395682	0.972281	-4.079958	29.431000
1.406534	0.974052	-4.082878	29.531000
1.417956	0.970758	-4.088341	29.631000
1.428905	0.966728	-4.103546	29.731000
1.439801	0.969519	-4.109490	29.832000
1.451415	0.966776	-4.113684	29.931000
1.462141	0.961854	-4.103062	30.031000
1.472472	0.962214	-4.107633	30.131000
1.484176	0.969299	-4.112088	30.231000
1.495033	0.975383	-4.129700	30.332000
1.505911	0.975677	-4.144799	30.431000
1.517786	0.972745	-4.147224	30.531000
1.528804	0.972588	-4.139708	30.631000
1.539025	0.976023	-4.121874	30.731000
1.550525	0.971675	-4.108139	30.831000
1.562176	0.964796	-4.096949	30.931000
1.573027	0.961540	-4.104790	31.031000
1.583879	0.968214	-4.100418	31.132000
1.595065	0.973044	-4.117441	31.231000
1.606439	0.973274	-4.122550	31.332000
1.617743	0.967477	-4.103014	31.431000
1.629132	0.966263	-4.082653	31.531000
1.639844	0.973059	-4.083497	31.631000
1.650630	0.974793	-4.086201	31.731000
1.663019	0.968762	-4.085159	31.831000
1.674834	0.963500	-4.091966	31.931000
1.685302	0.961090	-4.090444	32.031000
1.696699	0.962576	-4.076778	32.131000
1.708535	0.967066	-4.052203	32.231000
1.717303	0.978365	-4.064872	32.331000
1.730918	0.978802	-4.094350	32.431000
1.741376	0.969450	-4.107255	32.531000
1.752893	0.965389	-4.103504	32.631000
1.763221	0.966284	-4.096519	32.731000
1.773746	0.966116	-4.093653	32.831000
1.785019	0.964271	-4.112565	32.931000
1.796122	0.960308	-4.114453	33.031000
1.807625	0.958971	-4.096033	33.131000
1.818588	0.966969	-4.081548	33.231000
1.829499	0.975100	-4.085348	33.332000
1.840620	0.974328	-4.101200	33.431000
1.851683	0.969115	-4.111084	33.531000
1.863457	0.969324	-4.116497	33.631000
1.874957	0.973251	-4.113973	33.731000
1.885822	0.970695	-4.103813	33.831000
1.896464	0.960959	-4.096232	33.931000
1.908584	0.960480	-4.100373	34.031000
1.919558	0.964514	-4.100236	34.131000
1.930683	0.958856	-4.105696	34.231000
1.941187	0.959942	-4.092570	34.331000
1.952300	0.958950	-4.090028	34.431000
1.966596	0.955269	-4.099452	34.531000
1.973726	0.959688	-4.090096	34.631000
1.984784	0.969673	-4.100317	34.731000
1.998379	0.971435	-4.100977	34.831000
2.011038	0.965977	-4.082434	34.931000
2.020700	0.962285	-4.049852	35.031000
2.031660	0.969356	-4.051464	35.131000
2.044753	0.975848	-4.079025	35.231000
2.055395	0.975644	-4.094345	35.331000
2.066204	0.970127	-4.101595	35.431000
2.078019	0.969622	-4.105120	35.532000
2.089701	0.967381	-4.111461	35.631000
2.100242	0.969011	-4.114375	35.731000
2.111754	0.973855	-4.112996	35.831000
2.122954	0.975158	-4.070937	35.931000
2.134434	0.972108	-4.053561	36.031000
2.146149	0.965396	-4.082447	36.131000
2.156845	0.962295	-4.085822	36.231000
2.167926	0.965257	-4.088955	36.331000
2.179580	0.967706	-4.084601	36.431000
2.190538	0.964898	-4.088939	36.531000
2.201689	0.967486	-4.073436	36.631000
2.212779	0.972072	-4.049714	36.731000
2.224328	0.976838	-4.046685	36.832000
2.235825	0.981055	-4.065240	36.931000
2.250808	0.978347	-4.092067	37.031000
2.254901	0.977985	-4.100133	37.131000
2.273742	0.978879	-4.102412	37.231000
2.280846	0.970912	-4.102017	37.331000
2.288131	0.966579	-4.078360	37.431000
2.304224	0.965826	-4.062433	37.531000
2.317422	0.967447	-4.045136	37.631000
2.328015	0.971223	-4.054940	37.731000
2.337247	0.974607	-4.090052	37.832000
2.344651	0.970351	-4.101439	37.931000
2.361728	0.967008	-4.095802	38.031000
2.373713	0.969854	-4.099251	38.132000
2.380043	0.969503	-4.096516	38.231000
2.397266	0.966409	-4.115513	38.331000
2.405775	0.964048	-4.135722	38.431000
2.415831	0.969352	-4.129970	38.531000
2.431866	0.971474	-4.109260	38.631000
2.437214	0.962530	-4.090998	38.731000
2.455209	0.961118	-4.075822	38.831000
2.459731	0.967226	-4.073578	38.931000
2.476648	0.972212	-4.066776	39.031000
2.487338	0.977964	-4.059714	39.131000
2.494755	0.975136	-4.059716	39.231000
2.508035	0.968186	-4.072848	39.331000
2.521267	0.962659	-4.085948	39.431000
2.531212	0.968828	-4.097426	39.531000
2.541356	0.976478	-4.104485	39.631000
2.553964	0.978871	-4.116916	39.731000
2.565479	0.975972	-4.122983	39.831000
2.576491	0.972234	-4.115917	39.931000
2.588190	0.974503	-4.093884	40.031000
2.599245	0.978968	-4.084105	40.131000
2.611174	0.979735	-4.071427	40.231000
2.622582	0.980313	-4.092711	40.332000
2.633243	0.976003	-4.117593	40.431000
2.644845	0.973709	-4.116011	40.532000
2.655504	0.972132	-4.100509	40.631000
2.666540	0.972636	-4.098565	40.731000
2.678299	0.968959	-4.101229	40.831000
2.689127	0.967003	-4.114304	40.931000
2.701064	0.965714	-4.103559	41.031000
2.712968	0.966266	-4.102021	41.131000
2.724048	0.967600	-4.102042	41.231000
2.735318	0.968479	-4.094391	41.331000
2.746810	0.965525	-4.091955	41.431000
2.758035	0.963391	-4.087734	41.531000
2.769012	0.967814	-4.081048	41.631000
2.780772	0.972358	-4.071988	41.731000
2.791659	0.972987	-4.074783	41.831000
2.803120	0.969019	-4.090486	41.931000
2.815016	0.968048	-4.113535	42.031000
2.826662	0.964762	-4.128696	42.131000
2.837050	0.964464	-4.122933	42.232000
2.848468	0.971926	-4.111845	42.331000
2.859123	0.970439	-4.110770	42.431000
2.869910	0.969239	-4.099882	42.531000
2.881447	0.973591	-4.088224	42.631000
2.893800	0.971484	-4.073765	42.731000
2.905148	0.965019	-4.074471	42.831000
2.917251	0.962352	-4.080918	42.931000
2.928034	0.960753	-4.076926	43.031000
2.939185	0.967719	-4.066037	43.131000
2.950564	0.971960	-4.062304	43.232000
2.961924	0.973946	-4.064062	43.331000
2.973207	0.973194	-4.083981	43.431000
2.984595	0.971367	-4.078504	43.531000
2.995625	0.974083	-4.067945	43.631000
3.007272	0.977497	-4.067816	43.731000
3.019281	0.974904	-4.075407	43.832000
3.030658	0.966031	-4.089430	43.931000
3.041532	0.959901	-4.081656	44.031000
3.053227	0.957317	-4.078559	44.131000
3.064758	0.961545	-4.089642	44.231000
3.075948	0.964586	-4.090813	44.331000
3.087736	0.963095	-4.100165	44.431000
3.099495	0.961080	-4.100237	44.531000
3.110513	0.961432	-4.098805	44.631000
3.122269	0.967046	-4.099746	44.731000
3.133580	0.968766	-4.112647	44.831000
3.144697	0.968497	-4.103022	44.931000
3.156560	0.971045	-4.079514	45.031000
3.168712	0.974526	-4.071468	45.131000
3.179273	0.981849	-4.059496	45.231000
3.190038	0.988440	-4.049916	45.332000
3.203218	0.980062	-4.083249	45.431000
3.212114	0.973214	-4.092749	45.531000
3.225259	0.973931	-4.081929	45.632000
3.236948	0.968967	-4.085132	45.732000
3.248362	0.966391	-4.084555	45.832000
3.259805	0.968745	-4.086405	45.931000
3.269327	0.972681	-4.096557	46.031000
3.282230	0.972792	-4.112899	46.132000
3.294417	0.968445	-4.116293	46.231000
3.304411	0.970297	-4.130656	46.331000
3.316942	0.969792	-4.129476	46.431000
3.326375	0.968362	-4.108447	46.531000
3.339127	0.967752	-4.090877	46.631000
3.350288	0.969726	-4.083418	46.731000
3.360825	0.971084	-4.085188	46.831000
3.373055	0.971306	-4.070969	46.931000
3.383080	0.975523	-4.057098	47.031000
3.395729	0.980533	-4.062023	47.131000
3.406892	0.981292	-4.069304	47.231000
3.418358	0.978576	-4.070059	47.331000
3.429710	0.973640	-4.090413	47.431000
3.440387	0.974394	-4.117546	47.531000
3.452371	0.982252	-4.145368	47.631000
3.464472	0.975561	-4.137856	47.731000
3.474718	0.973850	-4.120742	47.831000
3.486476	0.976466	-4.113380	47.931000
3.497992	0.974681	-4.114275	48.031000
3.509552	0.969691	-4.107029	48.131000
3.520332	0.961156	-4.104185	48.231000
3.531985	0.956898	-4.087422	48.331000
3.543462	0.959717	-4.089504	48.431000
3.555191	0.960849	-4.091063	48.531000
3.566055	0.961150	-4.108474	48.631000
3.577926	0.968444	-4.109415	48.731000
3.589260	0.972141	-4.102909	48.832000
3.600628	0.973918	-4.097293	48.931000
3.612311	0.972320	-4.080928	49.031000
3.623976	0.975487	-4.077122	49.131000
3.635083	0.974736	-4.079106	49.231000
3.646303	0.965647	-4.071323	49.331000
3.657556	0.966139	-4.063266	49.431000
3.669288	0.968697	-4.054745	49.531000
3.680223	0.973934	-4.054659	49.631000
3.692155	0.970190	-4.055506	49.731000
3.703274	0.966221	-4.060212	49.832000
3.715031	0.969551	-4.073626	49.931000
3.726193	0.970082	-4.091055	50.031000
3.737444	0.971423	-4.088028	50.131000
3.749582	0.975742	-4.084423	50.231000
3.760273	0.980139	-4.090101	50.331000
3.771868	0.976853	-4.109648	50.431000
3.783109	0.967181	-4.129284	50.531000
3.794859	0.959305	-4.122673	50.631000
3.805836	0.960299	-4.086391	50.731000
3.816820	0.962382	-4.074459	50.831000
3.828300	0.968477	-4.078781	50.931000
3.839665	0.973700	-4.106044	51.031000
3.850915	0.973214	-4.118887	51.131000
3.862391	0.964361	-4.123647	51.231000
3.873474	0.962912	-4.120126	51.331000
3.884310	0.962571	-4.108816	51.431000
3.896171	0.964999	-4.108082	51.532000
3.907550	0.966627	-4.114113	51.632000
3.918299	0.967496	-4.108714	51.731000
3.929588	0.968635	-4.102872	51.831000
3.941663	0.968712	-4.094680	51.931000
3.953108	0.970807	-4.088173	52.031000
3.964005	0.970917	-4.071243	52.132000
3.975313	0.974335	-4.060716	52.231000
3.986401	0.974685	-4.056537	52.331000
3.998001	0.978389	-4.063450	52.431000
4.010829	0.975266	-4.085029	52.531000
4.021534	0.968109	-4.077408	52.631000
4.031173	0.971194	-4.077260	52.732000
4.043942	0.967380	-4.083018	52.831000
4.054891	0.958440	-4.068214	52.931000
4.068070	0.954433	-4.065860	53.031000
4.076964	0.957045	-4.061932	53.131000
4.089699	0.959282	-4.068025	53.231000
4.102208	0.961401	-4.078405	53.331000
4.109641	0.959674	-4.090619	53.431000
4.124119	0.957469	-4.087955	53.531000
4.137202	0.959038	-4.087658	53.631000
4.145395	0.957345	-4.094772	53.731000
4.156659	0.966409	-4.080423	53.832000
4.170948	0.975022	-4.069655	53.931000
4.181087	0.976409	-4.090201	54.031000
4.191170	0.974412	-4.101340	54.131000
4.203360	0.970985	-4.100265	54.231000
4.214897	0.969303	-4.097463	54.331000
4.227419	0.971596	-4.084900	54.431000
4.237107	0.973093	-4.078663	54.531000
4.246351	0.970134	-4.092143	54.632000
4.257563	0.964247	-4.102808	54.731000
4.271500	0.967062	-4.102903	54.831000
4.284002	0.971307	-4.084483	54.931000
4.292394	0.970604	-4.080469	55.031000
4.304365	0.970654	-4.081580	55.131000
4.316958	0.971056	-4.089956	55.231000
4.326869	0.970687	-4.094483	55.331000
4.337568	0.965932	-4.105387	55.431000
4.350476	0.960622	-4.103791	55.531000
4.361086	0.956348	-4.109502	55.632000
4.370256	0.952924	-4.105053	55.731000
4.383772	0.951591	-4.097800	55.832000
4.395417	0.955658	-4.089215	55.931000
4.406471	0.955650	-4.082873	56.031000
4.417324	0.956931	-4.071954	56.132000
4.428209	0.961025	-4.063455	56.231000
4.439016	0.962129	-4.059358	56.331000
4.451293	0.961833	-4.058521	56.431000
4.463440	0.959249	-4.069737	56.531000
4.473753	0.960427	-4.081870	56.631000
4.484388	0.957762	-4.077782	56.731000
4.494992	0.954901	-4.071809	56.832000
4.506854	0.957137	-4.063077	56.931000
4.518973	0.960848	-4.071488	57.031000
4.530183	0.957417	-4.089457	57.131000
4.541408	0.951271	-4.061373	57.232000
4.552139	0.950823	-4.053286	57.331000
4.562877	0.956577	-4.080099	57.431000
4.574655	0.959304	-4.101335	57.532000
4.586100	0.961613	-4.102568	57.631000
4.597613	0.966112	-4.095910	57.731000
4.608425	0.966388	-4.088748	57.831000
4.619978	0.960606	-4.099265	57.931000
4.631335	0.954885	-4.097825	58.031000
4.641987	0.956330	-4.092892	58.131000
4.653485	0.961542	-4.081254	58.231000
4.665671	0.955876	-4.067722	58.331000
4.676489	0.953901	-4.060712	58.431000
4.687719	0.951883	-4.060695	58.531000
4.698939	0.947693	-4.057051	58.631000
4.710229	0.946751	-4.062796	58.731000
4.721353	0.950208	-4.086680	58.831000
4.732812	0.958802	-4.083469	58.931000
4.744533	0.961707	-4.066352	59.031000
4.754777	0.961848	-4.083200	59.132000
4.766679	0.957727	-4.111721	59.231000
4.778091	0.959005	-4.108076	59.331000
4.789307	0.959665	-4.099944	59.431000
4.801288	0.956866	-4.091160	59.531000
4.812229	0.962372	-4.080935	59.631000
4.822796	0.965617	-4.097701	59.732000
4.834295	0.962800	-4.096553	59.831000
4.845518	0.958533	-4.092229	59.931000
4.856923	0.955221	-4.084238	60.032000
4.867781	0.952788	-4.079589	60.131000
4.878556	0.955172	-4.092657	60.231000
4.890262	0.955501	-4.093624	60.331000
4.901221	0.961437	-4.088866	60.431000
4.912341	0.969678	-4.092520	60.531000
4.923649	0.966103	-4.098765	60.631000
4.934972	0.963001	-4.087057	60.731000
4.945826	0.962558	-4.073557	60.831000
4.956885	0.972750	-4.076579	60.931000
4.968285	0.970039	-4.090005	61.032000
4.979728	0.960965	-4.076806	61.131000
4.990914	0.960650	-4.078712	61.231000
5.002010	0.964227	-4.083592	61.332000
5.012976	0.967523	-4.084286	61.431000
5.024542	0.966516	-4.100868	61.531000
5.035927	0.961805	-4.093196	61.631000
5.047077	0.958640	-4.089815	61.734000
5.058472	0.954715	-4.095916	61.831000
5.069484	0.957538	-4.087705	61.931000
5.080348	0.955860	-4.080652	62.031000
5.092018	0.952421	-4.085189	62.132000
5.103102	0.955181	-4.095362	62.231000
5.114125	0.960065	-4.097705	62.331000
5.126055	0.962624	-4.094511	62.431000
5.137293	0.965447	-4.086550	62.531000
5.147433	0.965075	-4.090188	62.631000
5.159930	0.962177	-4.081670	62.731000
5.170694	0.965128	-4.069180	62.831000
5.181158	0.968748	-4.072494	62.931000
5.193949	0.976597	-4.092529	63.032000
5.203955	0.974655	-4.105384	63.131000
5.214856	0.969015	-4.099016	63.231000
5.227201	0.971819	-4.080983	63.331000
5.237519	0.970703	-4.075686	63.431000
5.248286	0.967942	-4.100579	63.531000
5.260420	0.966194	-4.095598	63.631000
5.271438	0.963212	-4.088654	63.731000
5.281565	0.957382	-4.076974	63.831000
5.294678	0.953906	-4.073251	63.931000
5.304572	0.957048	-4.078160	64.031000
5.315630	0.955023	-4.090547	64.131000
5.327001	0.949027	-4.085513	64.231000
5.333172	0.947848	-4.075597	64.331000
5.331791	0.953701	-4.053828	64.431000
5.332162	0.960527	-4.061042	64.531000
5.327231	0.961572	-4.067681	64.631000
5.322182	0.959150	-4.062307	64.731000
5.317666	0.956223	-4.057729	64.831000
5.312345	0.958879	-4.068001	64.932000
5.306495	0.958351	-4.084593	65.031000
5.299808	0.958947	-4.113578	65.131000
5.293438	0.955890	-4.129400	65.231000
5.286435	0.956902	-4.104394	65.331000
5.279192	0.967797	-4.093702	65.431000
5.272623	0.972619	-4.095714	65.531000
5.264587	0.973121	-4.088577	65.631000
5.257184	0.962942	-4.082596	65.731000
5.249665	0.959706	-4.083758	65.832000
5.241866	0.965405	-4.109147	65.931000
5.233611	0.964557	-4.129902	66.031000
5.225633	0.960220	-4.119575	66.131000
5.217370	0.956685	-4.107635	66.231000
5.209284	0.959236	-4.099029	66.331000
5.201104	0.965474	-4.097849	66.431000
5.192178	0.966100	-4.094969	66.531000
5.183939	0.965381	-4.089881	66.631000
5.175995	0.965978	-4.091529	66.731000
5.166652	0.966758	-4.093534	66.831000
5.158021	0.969578	-4.098210	66.931000
5.148702	0.965298	-4.107790	67.032000
5.140581	0.959246	-4.099717	67.131000
5.132169	0.960363	-4.071492	67.231000
5.122308	0.963558	-4.072726	67.332000
5.112728	0.967244	-4.106075	67.431000
5.106110	0.965305	-4.100913	67.531000
5.093815	0.968334	-4.086105	67.631000
5.086518	0.969728	-4.086022	67.731000
5.077831	0.965473	-4.097078	67.831000
5.067402	0.961239	-4.084230	67.931000
5.057426	0.955433	-4.074044	68.031000
5.050047	0.950207	-4.099266	68.131000
5.039822	0.947562	-4.112167	68.231000
5.029388	0.948875	-4.111871	68.331000
5.020579	0.951359	-4.084747	68.431000
5.012643	0.957184	-4.069937	68.531000
5.004286	0.963758	-4.080497	68.631000
4.995479	0.961905	-4.100799	68.731000
4.984917	0.957452	-4.112579	68.831000
4.974322	0.951970	-4.116058	68.931000
4.964760	0.951854	-4.139431	69.031000
4.956593	0.955639	-4.151327	69.131000
4.948317	0.956879	-4.144760	69.232000
4.935746	0.954646	-4.117833	69.331000
4.928987	0.954043	-4.102461	69.431000
4.916515	0.956086	-4.104758	69.532000
4.909655	0.959785	-4.117406	69.631000
4.897367	0.961779	-4.137407	69.732000
4.889782	0.956512	-4.145490	69.831000
4.878962	0.954842	-4.119944	69.931000
4.868651	0.955686	-4.095393	70.031000
4.860009	0.955634	-4.078291	70.131000
4.850236	0.955843	-4.075307	70.231000
4.840181	0.954951	-4.100894	70.331000
4.829674	0.954585	-4.124388	70.431000
4.819953	0.953777	-4.127662	70.531000
4.810034	0.958624	-4.132442	70.631000
4.801090	0.959423	-4.123514	70.731000
4.791278	0.960667	-4.080705	70.831000
4.781225	0.960447	-4.062537	70.931000
4.770762	0.960466	-4.064220	71.031000
4.760972	0.957758	-4.084976	71.131000
4.751242	0.957520	-4.085229	71.231000
4.741017	0.961866	-4.072717	71.331000
4.731582	0.965221	-4.071415	71.431000
4.721086	0.964870	-4.090787	71.531000
4.711222	0.961956	-4.103359	71.631000
4.700988	0.963089	-4.107528	71.731000
4.691444	0.964212	-4.109653	71.831000
4.681798	0.965145	-4.099699	71.931000
4.671700	0.966438	-4.079793	72.031000
4.660359	0.968651	-4.086854	72.131000
4.651479	0.965719	-4.107205	72.231000
4.641794	0.968037	-4.104473	72.331000
4.629920	0.973421	-4.080711	72.431000
4.621252	0.977052	-4.059863	72.531000
4.612058	0.979409	-4.039000	72.631000
4.599222	0.982461	-4.038075	72.731000
4.592282	0.984842	-4.049954	72.831000
4.580057	0.975599	-4.068214	72.931000
4.570835	0.972692	-4.075818	73.031000
4.560559	0.969416	-4.092444	73.131000
4.550269	0.959449	-4.093571	73.231000
4.540247	0.952722	-4.091129	73.331000
4.530364	0.953138	-4.082190	73.431000
4.520615	0.963674	-4.074357	73.531000
4.510820	0.959506	-4.079980	73.632000
4.499826	0.955515	-4.073322	73.731000
4.487402	0.953945	-4.058850	73.832000
4.476670	0.955629	-4.045526	73.931000
4.467946	0.961368	-4.045819	74.031000
4.460528	0.961065	-4.051561	74.131000
4.449373	0.962092	-4.051201	74.231000
4.438325	0.969775	-4.063331	74.331000
4.428114	0.971566	-4.082407	74.431000
4.418124	0.964125	-4.081709	74.532000
4.407470	0.955979	-4.064419	74.631000
4.397986	0.962756	-4.067265	74.731000
4.388501	0.967012	-4.087584	74.831000
4.377567	0.964931	-4.102821	74.931000
4.364347	0.967287	-4.095878	75.031000
4.352464	0.972132	-4.100415	75.131000
4.342374	0.973779	-4.099917	75.231000
4.332964	0.973949	-4.102497	75.332000
4.323625	0.974355	-4.126460	75.431000
4.311592	0.969938	-4.136697	75.531000
4.300354	0.965205	-4.123084	75.631000
4.290304	0.967432	-4.111710	75.732000
4.280073	0.972905	-4.114968	75.831000
4.271736	0.969774	-4.111837	75.931000
4.262990	0.969236	-4.109077	76.031000
4.250896	0.967822	-4.115406	76.131000
4.237332	0.965080	-4.128074	76.231000
4.230080	0.966399	-4.107797	76.332000
4.220239	0.970809	-4.087508	76.431000
4.207469	0.971494	-4.098363	76.532000
4.196305	0.969523	-4.109870	76.631000
4.186480	0.968492	-4.099098	76.731000
4.177167	0.967252	-4.107727	76.831000
4.163454	0.966949	-4.096259	76.931000
4.156039	0.968247	-4.088578	77.031000
4.144011	0.969385	-4.094135	77.131000
4.133813	0.973268	-4.093287	77.231000
4.123348	0.982810	-4.102491	77.331000
4.112593	0.984808	-4.114754	77.431000
4.102278	0.979929	-4.106080	77.531000
4.091360	0.974214	-4.107920	77.631000
4.080993	0.970054	-4.087757	77.731000
4.069672	0.964490	-4.064477	77.831000
4.061443	0.960232	-4.077441	77.931000
4.048828	0.962876	-4.085219	78.031000
4.037582	0.969542	-4.104132	78.131000
4.028407	0.965476	-4.107295	78.231000
4.017859	0.962214	-4.099470	78.331000
4.006300	0.966675	-4.094123	78.431000
3.995378	0.973068	-4.081402	78.531000
3.985193	0.973330	-4.087060	78.631000
3.975016	0.969468	-4.085949	78.731000
3.963973	0.967999	-4.081880	78.831000
3.953177	0.969025	-4.087504	78.931000
3.942980	0.971011	-4.097319	79.031000
3.930836	0.974665	-4.108336	79.131000
3.921239	0.974658	-4.119688	79.231000
3.909616	0.980718	-4.093406	79.331000
3.899476	0.982897	-4.094476	79.431000
3.888526	0.971370	-4.095986	79.531000
3.877006	0.961098	-4.092840	79.631000
3.866507	0.961100	-4.100226	79.731000
3.855871	0.960918	-4.109056	79.832000
3.844946	0.959947	-4.108269	79.931000
3.834015	0.959301	-4.097890	80.031000
3.823512	0.959021	-4.093275	80.131000
3.812137	0.964889	-4.088363	80.231000
3.801547	0.975332	-4.087938	80.331000
3.790764	0.973956	-4.090269	80.431000
3.779534	0.969048	-4.107932	80.531000
3.769032	0.968163	-4.102561	80.631000
3.757910	0.966729	-4.092743	80.732000
3.746672	0.965876	-4.084115	80.831000
3.736284	0.968522	-4.086844	80.931000
3.725751	0.967785	-4.096925	81.031000
3.714350	0.968792	-4.096826	81.131000
3.703792	0.969371	-4.091260	81.231000
3.692761	0.970001	-4.088435	81.331000
3.681164	0.969820	-4.086426	81.431000
3.670774	0.969247	-4.075224	81.531000
3.659526	0.966282	-4.075185	81.632000
3.648922	0.965473	-4.100590	81.732000
3.637778	0.964470	-4.120917	81.831000
3.627324	0.962749	-4.124703	81.931000
3.616550	0.960177	-4.121376	82.031000
3.605921	0.957775	-4.113174	82.131000
3.594422	0.963899	-4.103078	82.232000
3.583298	0.970295	-4.089201	82.331000
3.573115	0.968375	-4.077211	82.431000
3.562293	0.972551	-4.075937	82.531000
3.551036	0.983716	-4.076482	82.631000
3.540304	0.984584	-4.071544	82.731000
3.529601	0.980181	-4.077577	82.831000
3.518161	0.972147	-4.094430	82.931000
3.507812	0.966772	-4.094803	83.031000
3.495649	0.966505	-4.079547	83.131000
3.485074	0.968141	-4.088217	83.231000
3.474405	0.970589	-4.100765	83.331000
3.462857	0.972493	-4.109474	83.431000
3.452486	0.966522	-4.100646	83.531000
3.441084	0.965817	-4.076568	83.631000
3.429927	0.963993	-4.052239	83.731000
3.418975	0.974936	-4.066327	83.831000
3.408073	0.977473	-4.101796	83.931000
3.397107	0.972301	-4.119640	84.031000
3.386306	0.968991	-4.107129	84.131000
3.374633	0.963477	-4.086777	84.231000
3.363560	0.959352	-4.070773	84.331000
3.352939	0.960532	-4.071783	84.431000
3.341501	0.966042	-4.071986	84.531000
3.330969	0.971647	-4.086133	84.631000
3.319399	0.973527	-4.075547	84.731000
3.307652	0.973072	-4.073118	84.831000
3.297248	0.973351	-4.095824	84.931000
3.286125	0.976434	-4.099836	85.031000
3.274883	0.971278	-4.091491	85.131000
3.263811	0.971480	-4.084282	85.231000
3.252637	0.971248	-4.081507	85.331000
3.241236	0.974314	-4.076350	85.431000
3.230456	0.979748	-4.092894	85.531000
3.218887	0.984006	-4.114162	85.631000
3.208110	0.977457	-4.101210	85.731000
3.197116	0.972526	-4.092198	85.831000
3.185130	0.968241	-4.092004	85.931000
3.174384	0.967178	-4.083487	86.031000
3.163016	0.969034	-4.094990	86.131000
3.151700	0.968888	-4.116187	86.231000
3.140787	0.967019	-4.124449	86.331000
3.129535	0.961115	-4.109598	86.431000
3.118811	0.957683	-4.075948	86.531000
3.106789	0.963344	-4.054793	86.631000
3.096849	0.962416	-4.051010	86.731000
3.084905	0.959766	-4.058453	86.831000
3.074507	0.964198	-4.074711	86.931000
3.064073	0.971551	-4.093765	87.031000
3.052498	0.973597	-4.089330	87.132000
3.041196	0.970600	-4.088905	87.231000
3.030058	0.961093	-4.089721	87.331000
3.018423	0.957651	-4.062856	87.431000
3.007789	0.961460	-4.055860	87.531000
2.995744	0.961284	-4.073077	87.631000
2.985876	0.955326	-4.089784	87.731000
2.973736	0.952475	-4.103873	87.831000
2.961839	0.950654	-4.104083	87.931000
2.951751	0.961837	-4.085076	88.031000
2.940391	0.973783	-4.073730	88.131000
2.929191	0.976523	-4.078630	88.231000
2.917707	0.976823	-4.089366	88.332000
2.907119	0.970418	-4.096172	88.431000
2.896087	0.969375	-4.094350	88.531000
2.884876	0.967047	-4.081488	88.631000
2.874128	0.964116	-4.055809	88.731000
2.859491	0.964541	-4.027237	88.831000
2.852445	0.969485	-4.048784	88.931000
2.841620	0.971295	-4.076513	89.031000
2.829643	0.971523	-4.092000	89.131000
2.819669	0.974954	-4.109172	89.231000
2.807282	0.977133	-4.120704	89.331000
2.792581	0.974492	-4.119047	89.431000
2.784307	0.967551	-4.104873	89.531000
2.771603	0.963635	-4.111064	89.632000
2.760458	0.963606	-4.122075	89.731000
2.749090	0.963799	-4.124535	89.831000
2.738126	0.962685	-4.111928	89.931000
2.726649	0.961601	-4.103684	90.031000
2.715511	0.962909	-4.091407	90.131000
2.704236	0.957739	-4.099651	90.231000
2.692466	0.960639	-4.107274	90.332000
2.680873	0.972319	-4.111532	90.431000
2.669529	0.974529	-4.110676	90.531000
2.657661	0.967797	-4.105049	90.631000
2.646977	0.960212	-4.097377	90.731000
2.635156	0.963118	-4.083690	90.831000
2.623790	0.963869	-4.093268	90.931000
2.614822	0.964015	-4.084917	91.031000
2.598997	0.964158	-4.083161	91.131000
2.591761	0.964230	-4.095440	91.231000
2.580968	0.959057	-4.081550	91.331000
2.565891	0.955594	-4.067500	91.437000
2.557692	0.957525	-4.072646	91.531000
2.545765	0.964571	-4.089532	91.632000
2.534340	0.970018	-4.091501	91.731000
2.522398	0.972214	-4.084570	91.831000
2.510755	0.972075	-4.093276	91.931000
2.498778	0.977429	-4.099370	92.031000
2.487206	0.977623	-4.111536	92.131000
2.477124	0.979665	-4.136657	92.231000
2.464932	0.981849	-4.161581	92.331000
2.453923	0.978731	-4.151969	92.431000
2.442455	0.979601	-4.106077	92.531000
2.431061	0.986682	-4.083763	92.631000
2.419670	0.988905	-4.094038	92.731000
2.408154	0.984900	-4.105422	92.831000
2.396942	0.975339	-4.112123	92.931000
2.385117	0.962221	-4.113626	93.031000
2.374078	0.959161	-4.117682	93.131000
2.362790	0.957697	-4.132001	93.231000
2.351572	0.957846	-4.125659	93.331000
2.337483	0.957076	-4.103277	93.431000
2.327580	0.960064	-4.071222	93.531000
2.316328	0.966398	-4.065661	93.631000
2.304900	0.967292	-4.062777	93.731000
2.294846	0.964363	-4.054928	93.831000
2.283512	0.965267	-4.048161	93.931000
2.271294	0.970227	-4.059154	94.031000
2.259308	0.971351	-4.095587	94.131000
2.248001	0.973231	-4.127528	94.231000
2.236130	0.974756	-4.130054	94.331000
2.225255	0.975864	-4.127859	94.431000
2.213500	0.974656	-4.115985	94.531000
2.202045	0.972427	-4.107471	94.632000
2.190260	0.973387	-4.087208	94.732000
2.179207	0.973518	-4.071492	94.831000
2.167298	0.976310	-4.044929	94.931000
2.156317	0.978024	-4.039938	95.031000
2.144340	0.972630	-4.059682	95.131000
2.132503	0.968736	-4.085759	95.231000
2.122069	0.961771	-4.089361	95.331000
2.110601	0.963153	-4.083293	95.431000
2.099015	0.967432	-4.087709	95.532000
2.087143	0.970763	-4.083546	95.631000
2.075678	0.973541	-4.082935	95.731000
2.064744	0.979893	-4.082323	95.832000
2.053386	0.980568	-4.083822	95.931000
2.042049	0.969861	-4.078461	96.031000
2.030348	0.955086	-4.068023	96.132000
2.019029	0.953359	-4.077820	96.232000
2.007612	0.959448	-4.093993	96.331000
1.996330	0.964199	-4.094088	96.431000
1.984696	0.964108	-4.091555	96.531000
1.973527	0.961228	-4.090200	96.631000
1.961772	0.960388	-4.091607	96.731000
1.950498	0.964507	-4.099299	96.831000
1.939149	0.972706	-4.100199	96.931000
1.927227	0.971275	-4.088673	97.031000
1.915713	0.972596	-4.089192	97.131000
1.905013	0.975081	-4.096505	97.231000
1.891818	0.976993	-4.093887	97.331000
1.881298	0.978074	-4.092944	97.431000
1.870506	0.971522	-4.084360	97.531000
1.857344	0.964997	-4.093811	97.631000
1.846989	0.959940	-4.088114	97.731000
1.835140	0.963752	-4.069522	97.832000
1.823391	0.968825	-4.050511	97.931000
1.812272	0.972896	-4.042511	98.031000
1.800649	0.970653	-4.051363	98.131000
1.789159	0.972462	-4.076869	98.231000
1.777539	0.978358	-4.087432	98.331000
1.766198	0.978482	-4.087168	98.431000
1.753825	0.975079	-4.094810	98.531000
1.742771	0.972654	-4.108645	98.631000
1.730324	0.968116	-4.125702	98.731000
1.719239	0.964284	-4.126420	98.831000
1.707889	0.966003	-4.123093	98.931000
1.695666	0.965082	-4.106527	99.031000
1.685086	0.971486	-4.071759	99.131000
1.673097	0.975287	-4.053205	99.231000
1.661783	0.980071	-4.065364	99.331000
1.650085	0.984803	-4.083671	99.431000
1.638722	0.980711	-4.088133	99.531000
1.626625	0.972321	-4.097182	99.631000
1.615376	0.973302	-4.110581	99.731000
1.603887	0.972362	-4.120909	99.831000
1.592323	0.968488	-4.120489	99.931000
1.580596	0.966004	-4.096744	100.031000
1.569123	0.960839	-4.099267	100.131000
1.557466	0.954873	-4.102188	100.231000
1.546363	0.960871	-4.096050	100.331000
1.534742	0.964356	-4.092329	100.431000
1.523279	0.970239	-4.086545	100.531000
1.511298	0.975785	-4.070123	100.632000
1.500214	0.976697	-4.079406	100.731000
1.488809	0.976697	-4.087239	100.831000
1.477319	0.974215	-4.088714	100.931000
1.465621	0.971918	-4.085326	101.031000
1.454313	0.968139	-4.086802	101.131000
1.443029	0.962291	-4.079105	101.231000
1.431156	0.961215	-4.080864	101.331000
1.419483	0.960528	-4.085322	101.431000
1.407907	0.965007	-4.095391	101.531000
1.396173	0.963548	-4.117514	101.631000
1.384921	0.960057	-4.118518	101.731000
1.373130	0.960327	-4.095292	101.831000
1.361583	0.965491	-4.092335	101.931000
1.349702	0.972295	-4.101126	102.032000
1.338186	0.975840	-4.106982	102.131000
1.326774	0.975087	-4.096577	102.231000
1.314866	0.975055	-4.092160	102.331000
1.303243	0.967813	-4.097143	102.431000
1.291370	0.961235	-4.107839	102.531000
1.279741	0.965473	-4.106083	102.631000
1.268225	0.972144	-4.099481	102.731000
1.256652	0.976951	-4.113001	102.831000
1.245145	0.970459	-4.135447	102.931000
1.233164	0.966199	-4.140891	103.031000
1.221404	0.965149	-4.116106	103.131000
1.209761	0.966894	-4.100428	103.231000
1.198145	0.966900	-4.096731	103.331000
1.186562	0.971222	-4.086298	103.431000
1.175292	0.975914	-4.072280	103.531000
1.163308	0.976566	-4.092849	103.631000
1.151351	0.975599	-4.106914	103.731000
1.139949	0.972769	-4.105527	103.832000
1.128131	0.968729	-4.098512	103.931000
1.116758	0.966440	-4.109537	104.031000
1.105206	0.969411	-4.101498	104.131000
1.093080	0.976104	-4.071533	104.231000
1.081210	0.979193	-4.054158	104.331000
1.069678	0.980350	-4.067131	104.431000
1.058107	0.976495	-4.076767	104.531000
1.046731	0.971276	-4.080460	104.631000
1.035060	0.964930	-4.100255	104.731000
1.023414	0.967508	-4.113570	104.831000
1.011992	0.966803	-4.113854	104.931000
1.000450	0.970138	-4.109615	105.031000
0.989237	0.969846	-4.108938	105.131000
0.977530	0.967100	-4.101468	105.231000
0.965786	0.969333	-4.111053	105.331000
0.954651	0.968882	-4.116072	105.431000
0.942804	0.965475	-4.104279	105.531000
0.931250	0.966580	-4.083766	105.632000
0.920076	0.968193	-4.080505	105.731000
0.908593	0.967649	-4.081242	105.831000
0.896449	0.969704	-4.090860	105.931000
0.884557	0.971666	-4.084255	106.031000
0.873052	0.976777	-4.080387	106.131000
0.861430	0.979126	-4.078619	106.231000
0.849826	0.977171	-4.082553	106.331000
0.838169	0.977579	-4.090106	106.431000
0.826339	0.969504	-4.097730	106.531000
0.814887	0.971038	-4.110993	106.631000
0.803297	0.974140	-4.125109	106.731000
0.791839	0.975465	-4.119974	106.831000
0.780155	0.978382	-4.103196	106.931000
0.768458	0.978667	-4.113644	107.031000
0.756653	0.978680	-4.120594	107.131000
0.744874	0.978626	-4.132875	107.231000
0.733365	0.980370	-4.131263	107.331000
0.721941	0.980775	-4.112274	107.431000
0.710142	0.977228	-4.107341	107.531000
0.698409	0.973827	-4.107271	107.631000
0.686505	0.972158	-4.115296	107.732000
0.674970	0.972349	-4.093732	107.831000
0.663425	0.972380	-4.082387	107.931000
0.651957	0.964617	-4.100508	108.031000
0.640365	0.954747	-4.093356	108.132000
0.628509	0.959401	-4.081903	108.231000
0.616839	0.964655	-4.093234	108.331000
0.605135	0.968784	-4.092824	108.431000
0.593797	0.972696	-4.098906	108.531000
0.582318	0.973683	-4.113130	108.631000
0.570310	0.967368	-4.116095	108.731000
0.558516	0.961175	-4.120355	108.831000
0.546854	0.967382	-4.124889	108.932000
0.535152	0.971088	-4.120059	109.031000
0.523673	0.970635	-4.120848	109.131000
0.512280	0.966904	-4.127200	109.231000
0.500429	0.966496	-4.120740	109.332000
0.488856	0.966389	-4.107981	109.431000
0.477350	0.967277	-4.116167	109.531000
0.465751	0.966640	-4.119563	109.631000
0.454387	0.967806	-4.099456	109.732000
0.442867	0.972353	-4.101013	109.831000
0.431387	0.971550	-4.104285	109.931000
0.419805	0.967012	-4.116379	110.031000
0.408391	0.964059	-4.115112	110.131000
0.396971	0.966367	-4.115964	110.231000
0.385407	0.973118	-4.133062	110.332000
0.373991	0.976604	-4.153350	110.431000
0.362132	0.979819	-4.145969	110.531000
0.350415	0.974787	-4.116227	110.632000
0.338848	0.973455	-4.083699	110.731000
0.327353	0.981959	-4.089696	110.831000
0.315905	0.978801	-4.112330	110.931000
0.304182	0.969454	-4.126595	111.031000
0.292461	0.966622	-4.117418	111.131000
0.280926	0.965309	-4.104521	111.231000
0.269417	0.970674	-4.087514	111.331000
0.258141	0.970856	-4.084199	111.431000
0.246331	0.975915	-4.094143	111.532000
0.234591	0.979691	-4.117694	111.631000
0.222906	0.975092	-4.116894	111.731000
0.211459	0.966794	-4.109169	111.831000
0.199768	0.960258	-4.100068	111.931000
0.188413	0.960653	-4.085675	112.031000
0.176731	0.961114	-4.089967	112.132000
0.164697	0.961638	-4.086188	112.231000
0.152870	0.966794	-4.081635	112.331000
0.141118	0.964959	-4.084005	112.431000
0.129725	0.964706	-4.098029	112.531000
0.118513	0.969578	-4.116370	112.631000
0.106699	0.972522	-4.120895	112.731000
0.095015	0.974799	-4.126043	112.831000
0.083448	0.973463	-4.109761	112.931000
0.071833	0.973926	-4.097685	113.031000
0.060621	0.974488	-4.096202	113.131000
0.049097	0.977333	-4.085032	113.231000
0.037357	0.974480	-4.095843	113.331000
0.025490	0.975191	-4.103264	113.432000
0.013970	0.980924	-4.084430	113.531000
0.002335	0.981130	-4.072719	113.631000
-0.009050	0.979940	-4.075988	113.731000
-0.020398	0.975052	-4.082081	113.831000
-0.031884	0.964599	-4.079348	113.931000
-0.043448	0.962612	-4.064637	114.031000
-0.054844	0.963528	-4.067030	114.131000
-0.066519	0.961509	-4.065869	114.232000
-0.074797	0.956918	-4.046038	114.331000
-0.080251	0.957564	-4.030435	114.431000
-0.084079	0.964147	-4.049895	114.531000
-0.087575	0.966402	-4.076994	114.632000
-0.090637	0.963674	-4.088199	114.731000
-0.093144	0.962586	-4.105465	114.831000
-0.095720	0.965520	-4.098219	114.931000
-0.097684	0.966165	-4.090088	115.031000
-0.099729	0.965199	-4.099521	115.131000
-0.101717	0.963932	-4.110155	115.231000
-0.103238	0.968922	-4.089163	115.332000
-0.104899	0.971643	-4.060877	115.431000
-0.106194	0.975491	-4.066812	115.531000
-0.107538	0.973344	-4.093869	115.631000
-0.109014	0.969069	-4.124473	115.732000
-0.110342	0.970563	-4.143383	115.832000
-0.111456	0.976394	-4.149328	115.931000
-0.112614	0.977624	-4.132713	116.031000
-0.113430	0.976779	-4.127614	116.132000
-0.114509	0.973041	-4.121870	116.234000
-0.115168	0.965768	-4.091102	116.331000
-0.116170	0.965292	-4.091665	116.431000
-0.116844	0.960316	-4.100737	116.532000
-0.117868	0.954459	-4.104273	116.631000
-0.118400	0.957668	-4.109583	116.731000
-0.119181	0.959552	-4.128845	116.831000
-0.119880	0.962344	-4.130370	116.931000
-0.120579	0.961978	-4.111665	117.031000
-0.121233	0.967184	-4.113183	117.131000
-0.121779	0.967976	-4.112134	117.231000
-0.122409	0.963455	-4.097455	117.331000
-0.122954	0.956870	-4.074433	117.431000
-0.123512	0.955619	-4.062734	117.531000
-0.124161	0.962673	-4.077053	117.631000
-0.124522	0.970440	-4.085245	117.731000
-0.125092	0.976969	-4.106208	117.832000
-0.125558	0.978353	-4.140599	117.931000
-0.125983	0.973806	-4.145383	118.031000
-0.126390	0.972450	-4.135909	118.131000
-0.126711	0.975926	-4.124643	118.231000
-0.127085	0.975183	-4.107117	118.332000
-0.127616	0.976247	-4.110522	118.431000
-0.127819	0.972712	-4.127671	118.531000
-0.128359	0.973072	-4.120192	118.631000
-0.128780	0.977219	-4.100982	118.731000
-0.129017	0.976896	-4.077774	118.831000
-0.129339	0.974159	-4.075821	118.931000
-0.129789	0.971069	-4.080392	119.031000
-0.129950	0.968988	-4.081278	119.131000
-0.130220	0.966218	-4.081477	119.231000
-0.130537	0.963478	-4.080829	119.332000
-0.130755	0.955940	-4.064288	119.432000
-0.131034	0.957944	-4.056461	119.531000
-0.131232	0.960733	-4.079220	119.631000
-0.131675	0.959916	-4.098424	119.731000
-0.131922	0.957888	-4.117343	119.831000
-0.132139	0.954287	-4.119307	119.931000
-0.132450	0.955315	-4.106744	120.031000
-0.132682	0.962870	-4.090008	120.131000
-0.132771	0.972171	-4.087552	120.231000
-0.133113	0.983649	-4.099032	120.331000
-0.133364	0.987110	-4.095854	120.431000
-0.133725	0.981358	-4.088202	120.531000
-0.133828	0.971963	-4.085785	120.631000
-0.133931	0.960584	-4.070276	120.731000
-0.134087	0.962643	-4.063989	120.832000
-0.134408	0.970417	-4.080027	120.931000
-0.134479	0.971780	-4.081359	121.031000
-0.134742	0.972011	-4.092423	121.131000
-0.134971	0.967848	-4.108115	121.231000
-0.135013	0.961377	-4.099235	121.331000
-0.135296	0.961817	-4.085092	121.431000
-0.135361	0.968871	-4.094805	121.531000
-0.135550	0.971730	-4.099224	121.632000
-0.135827	0.966521	-4.101673	121.731000
-0.135989	0.970354	-4.097154	121.832000
-0.136038	0.975781	-4.092543	121.931000
-0.136001	0.975264	-4.099265	122.032000
-0.136398	0.976158	-4.082860	122.131000
-0.136384	0.973582	-4.060190	122.232000
-0.136633	0.973538	-4.028148	122.331000
-0.136731	0.975277	-4.025272	122.431000
-0.136895	0.972616	-4.044121	122.531000
-0.136889	0.967268	-4.050487	122.631000
-0.136941	0.969447	-4.060522	122.732000
-0.137297	0.969761	-4.068290	122.831000
-0.137230	0.967411	-4.071956	122.931000
-0.137385	0.970078	-4.074911	123.031000
-0.137414	0.973719	-4.087640	123.131000
-0.137724	0.975746	-4.087680	123.231000
-0.137610	0.966633	-4.075566	123.331000
-0.137675	0.958735	-4.057913	123.431000
-0.137819	0.955186	-4.070091	123.531000
-0.137913	0.952119	-4.067305	123.631000
-0.138093	0.959155	-4.075664	123.731000
-0.137983	0.971009	-4.086628	123.832000
-0.138053	0.977273	-4.087397	123.931000
-0.138360	0.974669	-4.087996	124.032000
-0.138321	0.969007	-4.085527	124.131000
-0.138483	0.966636	-4.074571	124.232000
-0.138323	0.964454	-4.076809	124.331000
-0.138623	0.964201	-4.077728	124.432000
-0.138693	0.964481	-4.081353	124.531000
-0.138684	0.963269	-4.076732	124.631000
-0.138830	0.958245	-4.075125	124.731000
-0.138924	0.955851	-4.069137	124.831000
-0.138907	0.957312	-4.081189	124.931000
-0.139031	0.954496	-4.103286	125.032000
-0.139177	0.960189	-4.102305	125.131000
-0.139166	0.969275	-4.094191	125.231000
-0.139085	0.973285	-4.100879	125.331000
-0.139295	0.969995	-4.101910	125.437000
-0.139276	0.970311	-4.097884	125.531000
-0.139317	0.972554	-4.107732	125.631000
-0.139422	0.969315	-4.104126	125.731000
-0.139298	0.966808	-4.083332	125.831000
-0.139561	0.972969	-4.078782	125.931000
-0.139634	0.977806	-4.089497	126.031000
-0.139591	0.970306	-4.106044	126.131000
-0.139689	0.967737	-4.115400	126.231000
-0.139696	0.971438	-4.123112	126.332000
-0.139722	0.974036	-4.120021	126.431000
-0.139820	0.974533	-4.123360	126.531000
-0.139866	0.978215	-4.106736	126.631000
-0.139943	0.977170	-4.085720	126.731000
-0.140005	0.979779	-4.082660	126.831000
-0.140094	0.981198	-4.077422	126.932000
-0.140138	0.980212	-4.087592	127.032000
-0.140164	0.971683	-4.099214	127.131000
-0.140146	0.972061	-4.089806	127.232000
-0.140137	0.975381	-4.094005	127.331000
-0.140336	0.977484	-4.088396	127.431000
-0.140263	0.976695	-4.085821	127.532000
-0.140440	0.972687	-4.084936	127.631000
-0.140517	0.964504	-4.084572	127.731000
-0.140313	0.963116	-4.090011	127.831000
-0.140555	0.964778	-4.107210	127.931000
-0.140574	0.970548	-4.120798	128.032000
-0.140589	0.970546	-4.123319	128.131000
-0.140279	0.971556	-4.106444	128.231000
-0.140563	0.974751	-4.095774	128.332000
-0.140542	0.973045	-4.084348	128.431000
-0.140390	0.971383	-4.071456	128.531000
-0.140550	0.971137	-4.067693	128.631000
-0.140564	0.970604	-4.077328	128.732000
-0.140685	0.970442	-4.089937	128.831000
-0.140703	0.973209	-4.076388	128.931000
-0.140568	0.975200	-4.075851	129.031000
-0.140877	0.967265	-4.094067	129.131000
-0.140779	0.966078	-4.075203	129.231000
-0.140868	0.965321	-4.073174	129.331000
-0.140805	0.960813	-4.056215	129.432000
-0.140920	0.965051	-4.049842	129.531000
-0.140847	0.972925	-4.066167	129.632000
-0.141024	0.981115	-4.093306	129.731000
-0.140742	0.975460	-4.105293	129.831000
-0.141020	0.968203	-4.099742	129.931000
-0.140933	0.966643	-4.088181	130.031000
-0.140956	0.970746	-4.083432	130.131000
-0.140919	0.973005	-4.107091	130.231000
-0.140988	0.975260	-4.127583	130.332000
-0.141010	0.968760	-4.117840	130.431000
-0.140959	0.963332	-4.086414	130.531000
-0.141084	0.960181	-4.093323	130.631000
-0.141103	0.962890	-4.091155	130.731000
-0.141127	0.964511	-4.082631	130.831000
-0.141254	0.960811	-4.073608	130.931000
-0.141359	0.958533	-4.077568	131.031000
-0.141295	0.958129	-4.103260	131.131000
-0.141202	0.955273	-4.139845	131.231000
-0.141320	0.957356	-4.140243	131.332000
-0.141293	0.961370	-4.125326	131.431000
-0.141227	0.968367	-4.120590	131.531000
-0.141285	0.971976	-4.105668	131.631000
-0.141365	0.971308	-4.099602	131.731000
-0.141317	0.968301	-4.107707	131.831000
-0.141676	0.967565	-4.110449	131.931000
-0.141137	0.969555	-4.099541	132.031000
-0.141250	0.968853	-4.093447	132.131000
-0.141423	0.965965	-4.115347	132.232000
-0.141286	0.969017	-4.111523	132.332000
-0.141430	0.968970	-4.109640	132.431000
-0.141256	0.972157	-4.095091	132.531000
-0.141159	0.968427	-4.104739	132.631000
-0.141223	0.964598	-4.109228	132.732000
-0.141215	0.965302	-4.107093	132.831000
-0.141168	0.966723	-4.111237	132.931000
-0.141265	0.969512	-4.107191	133.031000
-0.141463	0.976518	-4.097075	133.131000
-0.141367	0.974337	-4.097661	133.231000
-0.141421	0.979466	-4.080458	133.332000
-0.141297	0.979365	-4.074479	133.431000
-0.141362	0.973613	-4.079682	133.531000
-0.141487	0.966973	-4.082556	133.631000
-0.141404	0.966055	-4.052050	133.731000
-0.141227	0.974295	-4.041076	133.831000
-0.141483	0.977713	-4.039873	133.931000
-0.141470	0.973244	-4.057647	134.031000
-0.141457	0.968330	-4.073405	134.131000
-0.141630	0.963032	-4.067198	134.231000
-0.141439	0.961831	-4.073818	134.332000
-0.141637	0.967061	-4.068458	134.431000
-0.141575	0.971060	-4.085501	134.531000
-0.141667	0.966807	-4.112901	134.631000
-0.141659	0.968867	-4.133440	134.731000
-0.141486	0.971405	-4.136015	134.831000
-0.141610	0.965847	-4.128250	134.931000
-0.141617	0.956823	-4.114697	135.031000
-0.141662	0.954829	-4.091675	135.131000
-0.141556	0.966150	-4.084511	135.231000
-0.141535	0.972586	-4.081755	135.331000
-0.141520	0.975717	-4.081580	135.431000
-0.141755	0.977645	-4.096624	135.531000
-0.141669	0.984653	-4.084980	135.631000
-0.141658	0.982362	-4.052169	135.731000
-0.141651	0.976468	-4.030604	135.831000
-0.141790	0.971506	-4.044211	135.931000
-0.141578	0.973314	-4.054518	136.031000
-0.141617	0.979903	-4.070259	136.131000
-0.141502	0.980162	-4.083667	136.232000
-0.141812	0.977502	-4.093977	136.332000
-0.141599	0.973611	-4.104266	136.431000
-0.141640	0.975328	-4.104520	136.531000
-0.142047	0.978700	-4.103178	136.631000
-0.141974	0.975071	-4.095905	136.731000
-0.141915	0.975304	-4.090264	136.831000
-0.141790	0.976619	-4.079972	136.931000
-0.141901	0.978265	-4.081512	137.031000
-0.141925	0.969554	-4.096005	137.131000
-0.141879	0.959459	-4.101374	137.231000
-0.141842	0.962051	-4.107618	137.332000
-0.141832	0.967432	-4.105974	137.431000
-0.141738	0.972289	-4.096571	137.531000
-0.141835	0.976659	-4.099217	137.631000
-0.141580	0.977132	-4.098607	137.731000
-0.141859	0.978787	-4.098592	137.831000
-0.141676	0.973593	-4.122278	137.931000
-0.141709	0.964299	-4.112104	138.031000
-0.141765	0.964497	-4.101837	138.131000
-0.141696	0.974211	-4.102357	138.232000
-0.141865	0.977922	-4.112939	138.331000
-0.141872	0.970274	-4.122379	138.431000
-0.141900	0.968068	-4.128683	138.532000
-0.141795	0.974921	-4.130510	138.632000
-0.141867	0.976037	-4.131554	138.731000
-0.141857	0.974601	-4.105084	138.831000
-0.141863	0.973215	-4.089586	138.931000
-0.141739	0.973967	-4.096196	139.031000
-0.141846	0.971141	-4.100129	139.132000
-0.141932	0.967766	-4.116258	139.231000
-0.141821	0.961395	-4.114804	139.332000
-0.141827	0.960263	-4.101651	139.431000
-0.141787	0.962771	-4.106848	139.532000
-0.141884	0.962577	-4.107723	139.631000
-0.141893	0.955953	-4.109372	139.731000
-0.141874	0.957975	-4.121435	139.832000
-0.141817	0.965586	-4.111871	139.931000
-0.141871	0.971819	-4.105142	140.031000
-0.141951	0.972121	-4.103138	140.132000
-0.142010	0.975182	-4.081729	140.231000
-0.141995	0.978343	-4.063303	140.332000
-0.141794	0.979913	-4.065662	140.431000
-0.141968	0.978733	-4.063630	140.531000
-0.142040	0.974272	-4.071035	140.632000
-0.141940	0.972279	-4.079510	140.731000
-0.141961	0.976614	-4.080866	140.831000
-0.142036	0.978157	-4.093455	140.931000
-0.142086	0.970698	-4.101460	141.031000
-0.141847	0.970085	-4.097265	141.131000
-0.141967	0.966476	-4.098030	141.231000
-0.141988	0.968080	-4.099678	141.331000
-0.141994	0.974278	-4.107761	141.431000
-0.142038	0.974812	-4.111987	141.531000
-0.141967	0.969551	-4.117029	141.631000
-0.142089	0.971450	-4.110334	141.731000
-0.141994	0.976570	-4.098450	141.831000
-0.141832	0.976072	-4.093755	141.931000
-0.142037	0.973880	-4.085097	142.031000
-0.141871	0.971549	-4.083861	142.131000
-0.141995	0.975110	-4.088200	142.232000
-0.141977	0.975970	-4.097622	142.332000
-0.141949	0.973052	-4.108668	142.431000
-0.141953	0.968694	-4.126074	142.531000
-0.141988	0.967424	-4.140224	142.632000
-0.141897	0.969575	-4.133143	142.732000
-0.141868	0.966096	-4.107049	142.831000
-0.141794	0.968255	-4.100502	142.931000
-0.141869	0.968351	-4.101293	143.031000
-0.141806	0.969068	-4.107499	143.131000
-0.141825	0.968241	-4.103308	143.231000
-0.141720	0.968078	-4.084742	143.331000
-0.141723	0.963894	-4.076362	143.431000
-0.141759	0.960750	-4.067311	143.531000
-0.141740	0.962988	-4.081859	143.632000
-0.141749	0.960409	-4.089450	143.732000
-0.141811	0.956510	-4.086379	143.831000
-0.141604	0.959596	-4.078201	143.931000
-0.141829	0.970183	-4.077483	144.031000
-0.141645	0.975988	-4.070672	144.131000
-0.141836	0.975103	-4.068902	144.231000
-0.141579	0.968934	-4.058661	144.331000
-0.141636	0.964370	-4.066140	144.431000
-0.141680	0.965916	-4.084318	144.531000
-0.141980	0.968744	-4.107047	144.631000
-0.141781	0.966662	-4.104848	144.731000
-0.141815	0.958538	-4.102883	144.831000
-0.141634	0.952748	-4.112479	144.931000
-0.141756	0.953215	-4.113842	145.031000
-0.141860	0.964127	-4.099836	145.131000
-0.141838	0.970232	-4.107102	145.231000
-0.141784	0.969855	-4.112468	145.331000
-0.141834	0.970627	-4.106716	145.431000
-0.141788	0.969375	-4.086290	145.531000
-0.141652	0.972983	-4.092855	145.631000
-0.141851	0.983475	-4.100192	145.731000
-0.141734	0.982855	-4.100281	145.831000
-0.141664	0.972016	-4.088698	145.931000
-0.141613	0.967327	-4.084982	146.031000
-0.141647	0.971657	-4.072892	146.131000
-0.141591	0.971563	-4.058107	146.231000
-0.141702	0.968161	-4.060844	146.331000
-0.141857	0.959936	-4.051307	146.431000
-0.141592	0.958763	-4.028296	146.531000
-0.141771	0.960082	-4.020846	146.631000
-0.141575	0.967667	-4.034478	146.731000
-0.141652	0.971288	-4.049036	146.831000
-0.141613	0.968539	-4.076842	146.931000
-0.141708	0.965697	-4.089093	147.031000
-0.141618	0.968339	-4.096277	147.131000
-0.141708	0.966263	-4.113887	147.231000
-0.141865	0.961304	-4.118366	147.331000
-0.141594	0.961747	-4.100530	147.431000
-0.141670	0.965186	-4.092292	147.531000
-0.141549	0.964760	-4.109408	147.631000
-0.141590	0.958084	-4.120150	147.731000
-0.141707	0.953638	-4.103513	147.832000
-0.141820	0.958525	-4.086700	147.931000
-0.141629	0.963874	-4.079517	148.031000
-0.141726	0.965676	-4.083732	148.131000
-0.141657	0.969352	-4.080558	148.231000
-0.141769	0.968920	-4.070384	148.331000
-0.141803	0.967543	-4.075630	148.431000
-0.141765	0.970229	-4.068317	148.531000
-0.141877	0.976383	-4.072482	148.631000
-0.142073	0.974948	-4.093903	148.731000
-0.141903	0.977537	-4.091019	148.831000
-0.141908	0.978730	-4.093668	148.931000
-0.141857	0.976255	-4.091340	149.031000
-0.141974	0.971095	-4.102506	149.131000
-0.141843	0.965039	-4.109847	149.231000
-0.141839	0.961696	-4.105533	149.331000
-0.141946	0.965280	-4.090411	149.431000
-0.141898	0.959803	-4.086147	149.531000
-0.141749	0.958303	-4.081552	149.631000
-0.141875	0.964676	-4.086506	149.732000
-0.141734	0.971058	-4.113690	149.831000
-0.141756	0.971973	-4.106139	149.931000
-0.141727	0.976935	-4.092904	150.031000
-0.141855	0.970351	-4.097587	150.132000
-0.141878	0.966480	-4.091499	150.231000
-0.141786	0.964332	-4.087203	150.331000
-0.141829	0.964296	-4.107632	150.431000
-0.141657	0.967459	-4.126250	150.531000
-0.141761	0.970914	-4.119504	150.631000
-0.141813	0.972198	-4.100518	150.731000
-0.141785	0.964408	-4.095749	150.831000
-0.141832	0.964028	-4.085137	150.931000
-0.141699	0.969867	-4.074353	151.031000
-0.141717	0.971669	-4.061899	151.131000
-0.141758	0.974043	-4.075844	151.232000
-0.141809	0.969853	-4.105602	151.331000
-0.141828	0.962497	-4.111976	151.431000
-0.141795	0.960669	-4.107096	151.531000
-0.141782	0.962218	-4.101526	151.631000
-0.141740	0.964355	-4.104014	151.731000
-0.141830	0.968152	-4.113518	151.831000
-0.141913	0.969143	-4.115709	151.931000
-0.141842	0.961322	-4.114999	152.031000
-0.141781	0.959924	-4.115197	152.131000
-0.141823	0.966301	-4.116311	152.231000
-0.141973	0.970506	-4.110478	152.331000
-0.141928	0.976118	-4.085806	152.431000
-0.141712	0.979246	-4.083537	152.531000
-0.141675	0.977388	-4.100760	152.631000
-0.141874	0.979639	-4.119467	152.731000
-0.141895	0.979300	-4.127607	152.831000
-0.141723	0.972674	-4.116707	152.931000
-0.141909	0.968809	-4.110276	153.031000
-0.141849	0.969932	-4.112622	153.131000
-0.141823	0.968735	-4.095963	153.231000
-0.141780	0.974672	-4.082938	153.332000
-0.141903	0.984486	-4.094179	153.431000
-0.141912	0.982033	-4.099406	153.531000
-0.141709	0.978221	-4.098896	153.631000
-0.141718	0.978264	-4.082621	153.731000
-0.141734	0.970628	-4.086146	153.831000
-0.141759	0.962045	-4.101405	153.931000
-0.141791	0.963281	-4.095509	154.031000
-0.141948	0.968399	-4.077045	154.131000
-0.141780	0.963925	-4.049440	154.231000
-0.141777	0.963399	-4.053696	154.331000
-0.141767	0.971665	-4.080986	154.431000
-0.141567	0.974577	-4.082051	154.531000
-0.141678	0.971164	-4.083058	154.631000
-0.141744	0.970543	-4.090838	154.731000
-0.141736	0.968464	-4.106437	154.831000
-0.141787	0.966842	-4.111531	154.931000
-0.141881	0.972160	-4.120942	155.031000
-0.141711	0.979669	-4.133308	155.131000
-0.141697	0.978387	-4.123868	155.232000
-0.141770	0.973133	-4.104176	155.331000
-0.141859	0.969698	-4.084602	155.431000
-0.141857	0.966348	-4.094689	155.531000
-0.141839	0.965341	-4.084238	155.631000
-0.141934	0.964969	-4.097002	155.731000
-0.141740	0.965756	-4.075815	155.832000
-0.141705	0.967557	-4.042291	155.931000
-0.141703	0.967498	-4.044847	156.031000
-0.141764	0.966639	-4.074440	156.131000
-0.141624	0.967128	-4.103119	156.231000
-0.141667	0.961140	-4.111322	156.331000
-0.141673	0.954393	-4.099495	156.431000
-0.141637	0.954213	-4.106511	156.531000
-0.141613	0.959952	-4.107093	156.631000
-0.141655	0.964477	-4.112215	156.731000
-0.141732	0.964401	-4.101769	156.831000
-0.141704	0.964115	-4.095263	156.931000
-0.141646	0.963382	-4.092310	157.031000
-0.141618	0.964400	-4.098035	157.131000
-0.141687	0.965602	-4.093585	157.231000
-0.141543	0.966518	-4.075898	157.331000
-0.141722	0.967030	-4.065618	157.431000
-0.141674	0.969906	-4.060321	157.531000
-0.141655	0.973221	-4.077413	157.631000
-0.141685	0.968307	-4.095443	157.731000
-0.141706	0.965279	-4.098616	157.831000
-0.141783	0.965994	-4.089060	157.931000
-0.141891	0.964155	-4.056844	158.031000
-0.141659	0.962233	-4.048022	158.131000
-0.141466	0.965690	-4.069796	158.231000
-0.141770	0.967353	-4.088013	158.331000
-0.141744	0.965690	-4.083868	158.431000
-0.141802	0.968208	-4.093125	158.531000
-0.141745	0.968619	-4.104145	158.631000
-0.141849	0.975857	-4.107300	158.731000
-0.141911	0.983603	-4.097393	158.831000
-0.141789	0.979782	-4.099116	158.931000
-0.142053	0.975418	-4.086627	159.031000
-0.141823	0.973396	-4.078927	159.131000
-0.142000	0.973151	-4.079610	159.232000
-0.141927	0.974964	-4.096020	159.331000
-0.142003	0.971466	-4.096265	159.431000
-0.141947	0.965234	-4.100971	159.531000
-0.141867	0.959417	-4.100297	159.631000
-0.142009	0.962448	-4.100218	159.731000
-0.142026	0.966914	-4.103673	159.831000
-0.142014	0.970945	-4.107827	159.931000
-0.141902	0.975314	-4.101556	160.032000
-0.141967	0.981342	-4.106874	160.131000
-0.141913	0.981871	-4.091276	160.231000
-0.141969	0.974664	-4.063479	160.331000
-0.142041	0.965715	-4.060499	160.431000
