-0.141811	1.318171	-3.189636	11.509000
-0.141677	1.319003	-3.191409	11.609000
-0.141615	1.318019	-3.201770	11.709000
-0.141570	1.314375	-3.201803	11.809000
-0.141865	1.316384	-3.212214	11.909000
-0.141753	1.318208	-3.205089	12.009000
-0.141669	1.316646	-3.200012	12.109000
-0.141580	1.316697	-3.206364	12.209000
-0.141868	1.314113	-3.199368	12.309000
-0.141751	1.309282	-3.201701	12.409000
-0.141759	1.308261	-3.196679	12.509000
-0.141710	1.310729	-3.173202	12.609000
-0.141851	1.309652	-3.167077	12.709000
-0.141955	1.308838	-3.172621	12.809000
-0.141655	1.305268	-3.179555	12.910000
-0.141713	1.301763	-3.173539	13.009000
-0.141867	1.309349	-3.170440	13.109000
-0.141680	1.317782	-3.166100	13.209000
-0.141734	1.319253	-3.171291	13.310000
-0.141778	1.317928	-3.175339	13.409000
-0.141846	1.319299	-3.180661	13.509000
-0.141994	1.319779	-3.190377	13.609000
-0.140957	1.318795	-3.187330	13.709000
-0.135733	1.316310	-3.175766	13.809000
-0.129332	1.314085	-3.175413	13.909000
-0.122550	1.315885	-3.174167	14.009000
-0.115030	1.318371	-3.179171	14.109000
-0.107088	1.319574	-3.189020	14.209000
-0.099266	1.318644	-3.197303	14.309000
-0.091136	1.315074	-3.215514	14.409000
-0.082882	1.312644	-3.218717	14.509000
-0.074421	1.307561	-3.208290	14.609000
-0.065350	1.310255	-3.196984	14.709000
-0.056674	1.321275	-3.196837	14.809000
-0.047987	1.327920	-3.194616	14.909000
-0.038924	1.326664	-3.209419	15.009000
-0.029981	1.326763	-3.214964	15.109000
-0.020910	1.321213	-3.196780	15.209000
-0.011527	1.315848	-3.183895	15.309000
-0.002452	1.313679	-3.186306	15.409000
0.006533	1.312447	-3.193401	15.509000
0.015961	1.313364	-3.193513	15.609000
0.025212	1.315270	-3.195794	15.709000
0.034809	1.316665	-3.205738	15.809000
0.044456	1.315606	-3.199691	15.909000
0.053882	1.309464	-3.201704	16.009000
0.063247	1.299638	-3.205249	16.109000
0.073041	1.300446	-3.195343	16.209000
0.082463	1.309551	-3.189213	16.309000
0.092348	1.319850	-3.186687	16.409000
0.101938	1.322228	-3.194179	16.509000
0.111559	1.320203	-3.189761	16.609000
0.121301	1.321262	-3.185723	16.709000
0.131117	1.321837	-3.193852	16.810000
0.140602	1.318328	-3.200243	16.910000
0.150552	1.313348	-3.183417	17.010000
0.160432	1.307142	-3.178217	17.110000
0.170189	1.304425	-3.170423	17.209000
0.179911	1.309858	-3.175008	17.309000
0.189506	1.321120	-3.171965	17.409000
0.199448	1.324660	-3.171303	17.510000
0.209584	1.323808	-3.169722	17.609000
0.219573	1.318106	-3.171504	17.709000
0.229226	1.315754	-3.181712	17.809000
0.239509	1.310892	-3.208216	17.909000
0.249155	1.301805	-3.206781	18.010000
0.258656	1.299660	-3.191730	18.109000
0.268635	1.300529	-3.192188	18.209000
0.278774	1.307545	-3.181529	18.309000
0.288673	1.320033	-3.181428	18.409000
0.298509	1.322370	-3.186653	18.509000
0.308581	1.319587	-3.190376	18.609000
0.318572	1.312673	-3.197301	18.709000
0.328746	1.308488	-3.199596	18.809000
0.338695	1.310443	-3.198200	18.910000
0.348902	1.311598	-3.193415	19.009000
0.358904	1.315348	-3.181873	19.110000
0.369377	1.320726	-3.170181	19.209000
0.379578	1.327509	-3.178671	19.309000
0.389945	1.321311	-3.185438	19.409000
0.399944	1.316010	-3.204388	19.509000
0.410159	1.316857	-3.207834	19.609000
0.420311	1.318981	-3.203013	19.709000
0.430729	1.320280	-3.201617	19.810000
0.441298	1.320902	-3.192047	19.910000
0.451461	1.320800	-3.180012	20.009000
0.461503	1.320724	-3.186137	20.109000
0.471765	1.320239	-3.194534	20.209000
0.482123	1.317376	-3.189433	20.309000
0.492569	1.315863	-3.184442	20.409000
0.503266	1.312559	-3.177507	20.510000
0.513459	1.312805	-3.190774	20.610000
0.523622	1.311115	-3.198381	20.709000
0.533874	1.308150	-3.189572	20.809000
0.544343	1.308067	-3.186309	20.909000
0.555219	1.314793	-3.188551	21.009000
0.565548	1.313625	-3.182617	21.110000
0.576007	1.317445	-3.172475	21.209000
0.586445	1.319240	-3.172245	21.309000
0.596836	1.318454	-3.180058	21.409000
0.607304	1.319665	-3.181888	21.509000
0.617770	1.321385	-3.177767	21.609000
0.628247	1.331129	-3.182878	21.709000
0.638520	1.335378	-3.179608	21.809000
0.649177	1.334218	-3.165435	21.909000
0.659754	1.334415	-3.158843	22.009000
0.670569	1.338929	-3.163986	22.110000
0.681383	1.328715	-3.185960	22.209000
0.691852	1.318704	-3.195350	22.309000
0.702376	1.315182	-3.190921	22.409000
0.712719	1.320088	-3.177404	22.509000
0.723337	1.325623	-3.170254	22.609000
0.733824	1.319261	-3.180574	22.710000
0.744226	1.318366	-3.189711	22.809000
0.754641	1.320265	-3.185742	22.909000
0.765162	1.321490	-3.173166	23.009000
0.775764	1.318519	-3.160898	23.109000
0.786331	1.318222	-3.164555	23.209000
0.796906	1.318134	-3.172696	23.310000
0.807470	1.320871	-3.170662	23.410000
0.817881	1.320630	-3.164647	23.509000
0.828569	1.321989	-3.167820	23.609000
0.839022	1.323419	-3.169484	23.709000
0.850184	1.321385	-3.152326	23.809000
0.861124	1.321765	-3.148439	23.909000
0.871588	1.322678	-3.147631	24.009000
0.882188	1.329472	-3.148162	24.109000
0.893126	1.332512	-3.138434	24.209000
0.903829	1.332446	-3.120242	24.309000
0.914607	1.337890	-3.123640	24.409000
0.925379	1.347808	-3.137128	24.510000
0.936421	1.351005	-3.138066	24.610000
0.946614	1.345269	-3.135307	24.710000
0.957305	1.342074	-3.138783	24.810000
0.968241	1.337631	-3.153149	24.909000
0.979337	1.337988	-3.152432	25.009000
0.990188	1.342746	-3.135731	25.109000
1.001137	1.355196	-3.141879	25.210000
1.011838	1.354887	-3.164597	25.309000
1.022574	1.344668	-3.158101	25.409000
1.033500	1.340431	-3.144604	25.509000
1.044439	1.336368	-3.151779	25.610000
1.055390	1.329909	-3.160002	25.709000
1.066139	1.327069	-3.155743	25.809000
1.076926	1.337198	-3.151604	25.909000
1.087690	1.347720	-3.157148	26.009000
1.098970	1.350047	-3.158042	26.110000
1.109907	1.339783	-3.150781	26.209000
1.120658	1.329249	-3.142687	26.309000
1.131604	1.326170	-3.137275	26.409000
1.142093	1.334947	-3.140475	26.509000
1.153339	1.338982	-3.146944	26.609000
1.164399	1.333112	-3.146589	26.709000
1.175419	1.335293	-3.145808	26.809000
1.186199	1.340156	-3.141716	26.910000
1.196983	1.339639	-3.122693	27.009000
1.208066	1.336909	-3.116233	27.109000
1.218782	1.334001	-3.120586	27.209000
1.229554	1.334058	-3.135643	27.309000
1.240564	1.334158	-3.132858	27.409000
1.250933	1.335593	-3.130582	27.510000
1.262643	1.334829	-3.128440	27.609000
1.272930	1.333840	-3.117209	27.709000
1.283550	1.341497	-3.102872	27.809000
1.295361	1.346475	-3.084315	27.909000
1.305379	1.349524	-3.073575	28.009000
1.316778	1.352696	-3.078853	28.109000
1.327305	1.349168	-3.082159	28.209000
1.338214	1.348407	-3.097998	28.309000
1.349508	1.341919	-3.107109	28.409000
1.360507	1.338482	-3.099735	28.510000
1.371738	1.342754	-3.095542	28.609000
1.382948	1.348351	-3.100912	28.709000
1.393423	1.348554	-3.108831	28.809000
1.404398	1.351731	-3.127525	28.909000
1.415930	1.349449	-3.132445	29.009000
1.427070	1.342949	-3.133865	29.109000
1.438123	1.338897	-3.123111	29.209000
1.448562	1.342829	-3.109877	29.309000
1.460396	1.343904	-3.102940	29.409000
1.471309	1.344436	-3.108925	29.509000
1.482709	1.350321	-3.107354	29.609000
1.493078	1.347229	-3.105387	29.709000
1.504326	1.344388	-3.105771	29.809000
1.515403	1.346834	-3.112829	29.909000
1.526682	1.346603	-3.101759	30.009000
1.537005	1.343599	-3.090206	30.109000
1.548806	1.342202	-3.102551	30.209000
1.559673	1.341572	-3.115086	30.309000
1.570839	1.340304	-3.121332	30.409000
1.581694	1.339976	-3.112223	30.509000
1.592850	1.335325	-3.099918	30.609000
1.604665	1.339986	-3.103696	30.709000
1.614954	1.349224	-3.114010	30.809000
1.626697	1.355017	-3.122429	30.909000
1.637680	1.350279	-3.114999	31.010000
1.648703	1.346809	-3.093949	31.109000
1.660398	1.349233	-3.081584	31.209000
1.671202	1.348223	-3.090888	31.309000
1.682371	1.344230	-3.094340	31.409000
1.693673	1.341759	-3.093938	31.509000
1.704326	1.342710	-3.082578	31.609000
1.716029	1.347614	-3.091156	31.709000
1.727572	1.348863	-3.095112	31.809000
1.738294	1.347672	-3.084002	31.910000
1.749164	1.351148	-3.085208	32.009000
1.760962	1.357167	-3.086306	32.109000
1.771778	1.361072	-3.080983	32.209000
1.782786	1.355260	-3.089835	32.309000
1.793876	1.345185	-3.099313	32.409000
1.805116	1.342134	-3.091682	32.509000
1.816426	1.345429	-3.084783	32.609000
1.827151	1.345472	-3.089655	32.709000
1.837411	1.342078	-3.084589	32.809000
1.848899	1.337022	-3.079558	32.909000
1.860506	1.340136	-3.075340	33.009000
1.871983	1.340989	-3.067047	33.109000
1.883475	1.341427	-3.051644	33.209000
1.893816	1.347344	-3.049867	33.309000
1.906169	1.348967	-3.062296	33.409000
1.916635	1.346016	-3.076901	33.509000
1.929371	1.345245	-3.088970	33.610000
1.940090	1.340582	-3.094360	33.712000
1.951116	1.341110	-3.071525	33.809000
1.961965	1.342434	-3.073168	33.909000
1.973466	1.340478	-3.084413	34.009000
1.985020	1.342889	-3.081324	34.109000
1.996428	1.351364	-3.076865	34.209000
2.007630	1.350016	-3.075749	34.310000
2.018715	1.347659	-3.070079	34.409000
2.030067	1.353356	-3.056562	34.509000
2.041335	1.356914	-3.054945	34.609000
2.053120	1.361241	-3.065790	34.709000
2.064533	1.363925	-3.076363	34.809000
2.075886	1.358677	-3.082682	34.909000
2.087300	1.356262	-3.094528	35.010000
2.098392	1.357772	-3.089061	35.109000
2.107956	1.360988	-3.081228	35.209000
2.120805	1.361552	-3.072437	35.309000
2.132986	1.354214	-3.065384	35.409000
2.143101	1.346586	-3.069297	35.509000
2.152739	1.343976	-3.071883	35.610000
2.164327	1.344913	-3.066744	35.709000
2.175461	1.349565	-3.052637	35.809000
2.189660	1.356652	-3.042951	35.909000
2.200212	1.361168	-3.040968	36.010000
2.211738	1.369136	-3.041728	36.109000
2.221421	1.373473	-3.050914	36.209000
2.233581	1.370021	-3.060018	36.309000
2.244426	1.366443	-3.056160	36.409000
2.256914	1.358992	-3.053550	36.509000
2.267731	1.358376	-3.049426	36.609000
2.279062	1.365562	-3.052477	36.709000
2.289918	1.359637	-3.053830	36.810000
2.301813	1.363314	-3.047044	36.910000
2.313216	1.365151	-3.041656	37.009000
2.324353	1.361096	-3.034420	37.110000
2.335483	1.361208	-3.049684	37.209000
2.347506	1.360984	-3.065925	37.309000
2.357816	1.354818	-3.070908	37.409000
2.369745	1.349551	-3.067959	37.509000
2.381133	1.350442	-3.063131	37.610000
2.393051	1.360999	-3.051809	37.709000
2.404245	1.365766	-3.048821	37.809000
2.415551	1.365550	-3.046343	37.909000
2.427450	1.358538	-3.052471	38.009000
2.438842	1.350449	-3.064641	38.109000
2.449899	1.349446	-3.070371	38.209000
2.459127	1.356283	-3.071629	38.309000
2.471962	1.365122	-3.064998	38.409000
2.487040	1.364777	-3.057818	38.509000
2.493509	1.360556	-3.046924	38.609000
2.503008	1.356483	-3.045328	38.709000
2.518443	1.353390	-3.048919	38.809000
2.533157	1.351592	-3.044127	38.909000
2.538807	1.353112	-3.039343	39.009000
2.547858	1.356866	-3.033655	39.109000
2.559559	1.361257	-3.037032	39.210000
2.574956	1.360404	-3.028014	39.309000
2.589448	1.358753	-3.017852	39.409000
2.594410	1.363216	-3.022881	39.509000
2.610834	1.372570	-3.033243	39.609000
2.617204	1.376219	-3.031513	39.709000
2.633257	1.376738	-3.028528	39.810000
2.640419	1.375919	-3.027841	39.909000
2.654066	1.365468	-3.018183	40.009000
2.664722	1.362795	-3.019053	40.109000
2.676347	1.363443	-3.031685	40.209000
2.688138	1.364764	-3.028219	40.309000
2.696026	1.359279	-3.030613	40.409000
2.712434	1.358991	-3.027901	40.509000
2.723396	1.358672	-3.003915	40.609000
2.731460	1.355635	-2.999600	40.709000
2.747155	1.349555	-3.001938	40.809000
2.753644	1.348604	-3.015196	40.915000
2.768407	1.346460	-3.038300	41.009000
2.781591	1.346959	-3.033335	41.109000
2.788354	1.356814	-3.026302	41.209000
2.801579	1.360533	-3.022401	41.309000
2.812472	1.361067	-3.018043	41.409000
2.824460	1.364630	-3.023177	41.509000
2.833515	1.363094	-3.017341	41.609000
2.848029	1.361444	-3.010839	41.709000
2.855463	1.356976	-3.020913	41.810000
2.870992	1.358549	-3.025960	41.915000
2.878145	1.359575	-3.015010	42.010000
2.893466	1.363682	-3.003786	42.109000
2.901716	1.361549	-3.010034	42.209000
2.914622	1.363650	-3.016558	42.309000
2.927534	1.364340	-3.023064	42.409000
2.935048	1.362191	-3.011355	42.509000
2.949843	1.364230	-3.000892	42.609000
2.958862	1.364496	-2.999290	42.710000
2.972209	1.363658	-2.984075	42.809000
2.983422	1.365233	-2.975079	42.915000
2.994718	1.364844	-2.977152	43.009000
3.006339	1.364754	-2.983300	43.109000
3.017920	1.366303	-2.997801	43.209000
3.026951	1.363151	-3.002229	43.309000
3.042278	1.361001	-3.000335	43.409000
3.049883	1.363959	-2.994983	43.509000
3.064114	1.366714	-3.005259	43.609000
3.073227	1.370032	-3.013804	43.709000
3.085719	1.372617	-3.022907	43.809000
3.098569	1.375619	-3.037094	43.909000
3.107209	1.375780	-3.040241	44.009000
3.122089	1.375634	-3.042513	44.109000
3.131299	1.367498	-3.024912	44.209000
3.142127	1.360346	-3.012757	44.309000
3.156732	1.363347	-3.012568	44.409000
3.168014	1.373194	-3.012009	44.509000
3.178013	1.376300	-3.008272	44.609000
3.188166	1.373140	-3.014680	44.709000
3.198704	1.368456	-3.025142	44.809000
3.210041	1.365437	-3.026537	44.909000
3.221897	1.363746	-3.023126	45.009000
3.234226	1.365866	-3.008438	45.109000
3.247855	1.370488	-2.996797	45.209000
3.258098	1.371374	-2.996969	45.309000
3.267497	1.368309	-2.996890	45.409000
3.281649	1.366288	-3.004547	45.509000
3.290177	1.363611	-3.010295	45.609000
3.303997	1.366839	-3.011572	45.710000
3.312700	1.369730	-3.005927	45.809000
3.325481	1.367603	-2.993509	45.910000
3.337587	1.364807	-2.994132	46.009000
3.348141	1.360014	-2.995613	46.109000
3.358680	1.356322	-2.987989	46.209000
3.371582	1.358959	-2.992328	46.309000
3.382591	1.356916	-3.001622	46.409000
3.392162	1.357913	-2.997496	46.510000
3.405131	1.362597	-2.987652	46.609000
3.416588	1.362915	-2.985561	46.709000
3.428191	1.365714	-2.980331	46.809000
3.439360	1.367575	-2.984986	46.909000
3.450596	1.368429	-3.006174	47.010000
3.461540	1.370095	-3.011385	47.109000
3.472850	1.369269	-2.990009	47.209000
3.484501	1.361057	-2.971656	47.309000
3.496323	1.359502	-2.988132	47.410000
3.507883	1.364600	-3.001333	47.509000
3.519252	1.365978	-2.998686	47.609000
3.530264	1.367912	-3.002918	47.709000
3.541482	1.373048	-2.999089	47.809000
3.553393	1.371316	-2.988562	47.909000
3.564771	1.369102	-2.982085	48.009000
3.576138	1.366288	-2.982597	48.109000
3.587578	1.368005	-2.978222	48.209000
3.598489	1.370348	-2.977180	48.309000
3.610641	1.370813	-2.976515	48.409000
3.622166	1.372953	-2.975479	48.509000
3.633277	1.371818	-2.975034	48.609000
3.644467	1.362444	-2.967412	48.709000
3.656131	1.360100	-2.948903	48.809000
3.667472	1.366104	-2.944968	48.909000
3.678855	1.370530	-2.955600	49.009000
3.690108	1.372740	-2.972004	49.109000
3.701297	1.375162	-2.977086	49.209000
3.712778	1.374857	-2.973965	49.309000
3.724234	1.368265	-2.976104	49.409000
3.735424	1.363036	-2.979800	49.509000
3.747154	1.363650	-2.975643	49.609000
3.758920	1.362192	-2.975285	49.709000
3.769934	1.361664	-2.960220	49.809000
3.781293	1.359697	-2.958475	49.909000
3.792030	1.358651	-2.960517	50.009000
3.804207	1.360459	-2.955896	50.109000
3.815262	1.358029	-2.945237	50.209000
3.826148	1.362525	-2.940338	50.309000
3.837608	1.364782	-2.940730	50.409000
3.848901	1.367172	-2.946675	50.509000
3.860229	1.375448	-2.964422	50.609000
3.871759	1.385404	-2.974593	50.709000
3.883230	1.386482	-2.960675	50.809000
3.893941	1.377975	-2.951307	50.909000
3.905000	1.371089	-2.950602	51.010000
3.916728	1.370327	-2.972043	51.110000
3.928194	1.364858	-2.977481	51.209000
3.939842	1.359495	-2.975745	51.310000
3.951290	1.357948	-2.980543	51.409000
3.962439	1.363148	-2.973689	51.509000
3.973535	1.363383	-2.966154	51.609000
3.985014	1.364059	-2.960059	51.709000
3.996585	1.369275	-2.960504	51.809000
4.007613	1.371267	-2.968704	51.910000
4.018691	1.369743	-2.968074	52.009000
4.030559	1.375180	-2.961438	52.110000
4.041889	1.378498	-2.948992	52.209000
4.052725	1.378778	-2.928812	52.309000
4.064575	1.376467	-2.925201	52.409000
4.076063	1.371725	-2.951298	52.509000
4.087464	1.369643	-2.978690	52.609000
4.099045	1.362954	-2.982347	52.709000
4.109783	1.360442	-2.979181	52.809000
4.121660	1.372377	-2.975153	52.909000
4.133351	1.378974	-2.975533	53.009000
4.144261	1.381561	-2.962307	53.109000
4.155489	1.386733	-2.941314	53.209000
4.167065	1.387860	-2.933163	53.309000
4.178059	1.384848	-2.948724	53.409000
4.189532	1.382469	-2.961288	53.509000
4.201279	1.377306	-2.956968	53.609000
4.212222	1.382395	-2.952945	53.709000
4.224086	1.389364	-2.946116	53.809000
4.235228	1.386095	-2.945925	53.910000
4.246576	1.379816	-2.953756	54.009000
4.258682	1.375199	-2.943837	54.109000
4.268449	1.381212	-2.929552	54.209000
4.280328	1.383281	-2.913719	54.310000
4.293466	1.379267	-2.921102	54.409000
4.303221	1.373601	-2.920359	54.509000
4.312924	1.377107	-2.925725	54.609000
4.326485	1.373682	-2.925006	54.709000
4.337080	1.371767	-2.926786	54.809000
4.346588	1.374603	-2.938596	54.909000
4.360602	1.375094	-2.947565	55.009000
4.368757	1.374633	-2.943533	55.110000
4.382677	1.378724	-2.924197	55.209000
4.392364	1.380163	-2.920527	55.309000
4.404437	1.378609	-2.949248	55.409000
4.416834	1.378536	-2.957391	55.509000
4.425200	1.379591	-2.939219	55.609000
4.436319	1.374606	-2.917918	55.709000
4.450318	1.373895	-2.917934	55.809000
4.461536	1.377484	-2.932446	55.909000
4.473900	1.377241	-2.947593	56.009000
4.484826	1.377340	-2.954380	56.109000
4.494051	1.375972	-2.953101	56.209000
4.504012	1.373151	-2.934243	56.309000
4.518347	1.376338	-2.932088	56.409000
4.526040	1.374655	-2.938662	56.509000
4.540524	1.371965	-2.937905	56.609000
4.550739	1.374266	-2.923585	56.709000
4.559808	1.381098	-2.924239	56.809000
4.573243	1.385734	-2.931666	56.909000
4.584480	1.380293	-2.922642	57.009000
4.595634	1.378093	-2.909840	57.109000
4.606673	1.378840	-2.911177	57.209000
4.617455	1.380885	-2.921458	57.309000
4.629434	1.380131	-2.940075	57.409000
4.640944	1.376087	-2.950225	57.509000
4.651990	1.371537	-2.950057	57.609000
4.662658	1.369614	-2.947105	57.709000
4.674447	1.376829	-2.939573	57.809000
4.685973	1.381962	-2.940361	57.909000
4.697155	1.377378	-2.932826	58.010000
4.708976	1.370337	-2.918920	58.109000
4.720574	1.365417	-2.914371	58.210000
4.732024	1.364571	-2.908643	58.310000
4.743283	1.370135	-2.913305	58.409000
4.755428	1.378240	-2.910102	58.509000
4.764011	1.380708	-2.914469	58.610000
4.775613	1.376620	-2.920363	58.709000
4.787373	1.376039	-2.922804	58.809000
4.799201	1.371043	-2.911085	58.909000
4.810191	1.366966	-2.896004	59.009000
4.820763	1.367538	-2.893466	59.109000
4.832065	1.370060	-2.898942	59.210000
4.844037	1.366211	-2.912228	59.309000
4.855130	1.360739	-2.923471	59.409000
4.866010	1.359768	-2.923463	59.509000
4.876827	1.362329	-2.911413	59.610000
4.888850	1.369935	-2.904981	59.709000
4.898922	1.373389	-2.915484	59.809000
4.911157	1.368837	-2.922323	59.909000
4.921199	1.367077	-2.922449	60.009000
4.933247	1.368732	-2.917928	60.109000
4.944091	1.375077	-2.907901	60.209000
4.955170	1.385303	-2.909942	60.309000
4.966355	1.394523	-2.908853	60.409000
4.978059	1.394052	-2.905443	60.509000
4.989087	1.388998	-2.918845	60.609000
5.000729	1.383352	-2.921741	60.709000
5.011372	1.384402	-2.914899	60.809000
5.022646	1.382359	-2.919497	60.909000
5.034448	1.375877	-2.915321	61.010000
5.045520	1.376899	-2.920143	61.109000
5.056528	1.375327	-2.938365	61.209000
5.068177	1.371030	-2.935631	61.310000
5.078912	1.372828	-2.924170	61.409000
5.090027	1.373107	-2.920153	61.510000
5.101792	1.376476	-2.915808	61.609000
5.112691	1.377188	-2.905225	61.709000
5.124050	1.377887	-2.892644	61.809000
5.135512	1.379600	-2.889237	61.909000
5.146195	1.378222	-2.888170	62.009000
5.157678	1.376337	-2.885121	62.109000
5.168965	1.376114	-2.899454	62.209000
5.180012	1.375410	-2.916285	62.309000
5.191263	1.378288	-2.924634	62.409000
5.202352	1.377158	-2.926009	62.509000
5.213336	1.370755	-2.920895	62.609000
5.224970	1.369215	-2.916427	62.709000
5.235869	1.370391	-2.913587	62.809000
5.247026	1.377424	-2.898492	62.909000
5.258197	1.375479	-2.883062	63.009000
5.269333	1.367175	-2.877639	63.110000
5.279167	1.364662	-2.894671	63.209000
5.292375	1.364534	-2.891100	63.309000
5.302297	1.368867	-2.880950	63.409000
5.313417	1.377169	-2.876575	63.509000
5.325977	1.386291	-2.874602	63.609000
5.332939	1.388983	-2.879360	63.710000
5.335707	1.380761	-2.876498	63.809000
5.330262	1.378887	-2.888529	63.909000
5.328512	1.377280	-2.897455	64.009000
5.323242	1.379355	-2.881712	64.109000
5.318815	1.381690	-2.873369	64.209000
5.313515	1.377351	-2.877768	64.309000
5.307397	1.375501	-2.892634	64.409000
5.301342	1.375649	-2.892664	64.510000
5.294773	1.374935	-2.900487	64.609000
5.287756	1.370890	-2.916509	64.709000
5.280975	1.365994	-2.910686	64.809000
5.273417	1.366797	-2.906148	64.909000
5.266348	1.368275	-2.898814	65.009000
5.258678	1.374348	-2.892389	65.109000
5.251022	1.377886	-2.892521	65.209000
5.242892	1.372767	-2.901886	65.309000
5.235019	1.370593	-2.892948	65.409000
5.227231	1.371866	-2.887175	65.509000
5.218944	1.372259	-2.885094	65.609000
5.210342	1.370960	-2.886002	65.709000
5.202251	1.374193	-2.891958	65.809000
5.192478	1.374096	-2.901927	65.909000
5.185118	1.370835	-2.918719	66.009000
5.177665	1.367578	-2.933548	66.109000
5.166965	1.373570	-2.934200	66.209000
5.159822	1.382033	-2.925199	66.309000
5.149332	1.382647	-2.924342	66.409000
5.142447	1.383635	-2.903803	66.510000
5.132977	1.379020	-2.876920	66.609000
5.122715	1.380001	-2.878309	66.709000
5.115432	1.383696	-2.891972	66.809000
5.107246	1.379716	-2.903176	66.910000
5.095806	1.375007	-2.916665	67.009000
5.085758	1.381388	-2.913571	67.109000
5.076830	1.384191	-2.920788	67.209000
5.068057	1.383531	-2.907891	67.309000
5.058501	1.379187	-2.897372	67.410000
5.049263	1.373038	-2.903355	67.509000
5.040393	1.372302	-2.912936	67.609000
5.031491	1.373873	-2.916098	67.709000
5.022962	1.372919	-2.921398	67.809000
5.015100	1.376845	-2.905584	67.910000
5.005538	1.378950	-2.897240	68.009000
4.994181	1.370489	-2.893425	68.109000
4.987092	1.363196	-2.895579	68.209000
4.975315	1.359333	-2.891855	68.309000
4.968580	1.363390	-2.889980	68.409000
4.956764	1.371070	-2.888737	68.509000
4.948799	1.373014	-2.908202	68.609000
4.938858	1.373905	-2.910719	68.709000
4.928519	1.374627	-2.907321	68.809000
4.919334	1.372694	-2.900626	68.909000
4.909570	1.370529	-2.894594	69.009000
4.899452	1.374041	-2.900390	69.109000
4.890605	1.373991	-2.904044	69.209000
4.880949	1.373497	-2.910204	69.309000
4.870769	1.373290	-2.907257	69.409000
4.861317	1.376779	-2.897814	69.510000
4.851655	1.379358	-2.901074	69.609000
4.841911	1.380712	-2.917238	69.709000
4.831960	1.385099	-2.920861	69.809000
4.822187	1.377617	-2.909663	69.909000
4.812093	1.375300	-2.905200	70.009000
4.802179	1.378974	-2.916209	70.109000
4.792624	1.376055	-2.932863	70.209000
4.782605	1.374050	-2.942697	70.309000
4.772657	1.373905	-2.936101	70.409000
4.762443	1.372113	-2.927548	70.510000
4.752814	1.370340	-2.920149	70.609000
4.742855	1.368396	-2.906139	70.710000
4.732754	1.366876	-2.899307	70.810000
4.723230	1.372790	-2.905983	70.909000
4.713213	1.377299	-2.919655	71.009000
4.703170	1.377227	-2.934548	71.109000
4.693222	1.380793	-2.939799	71.209000
4.683466	1.380064	-2.943458	71.309000
4.673273	1.378753	-2.934051	71.409000
4.663595	1.383312	-2.925613	71.509000
4.652864	1.386095	-2.917872	71.609000
4.642601	1.385412	-2.921723	71.709000
4.633243	1.380977	-2.931956	71.809000
4.623055	1.379253	-2.933446	71.909000
4.612583	1.380109	-2.920032	72.009000
4.603025	1.376971	-2.905221	72.109000
4.592381	1.369136	-2.907842	72.209000
4.582902	1.370943	-2.915224	72.309000
4.572337	1.365688	-2.927126	72.409000
4.562414	1.363846	-2.925523	72.509000
4.552432	1.376807	-2.924327	72.609000
4.542405	1.379258	-2.924318	72.709000
4.531920	1.380425	-2.927244	72.809000
4.522149	1.377771	-2.938099	72.909000
4.512426	1.378408	-2.949563	73.009000
4.501711	1.377247	-2.961987	73.109000
4.491598	1.377876	-2.952203	73.209000
4.480572	1.383545	-2.926948	73.309000
4.470185	1.376473	-2.921807	73.409000
4.460411	1.366562	-2.916867	73.509000
4.449851	1.367859	-2.905964	73.609000
4.440134	1.366823	-2.909721	73.709000
4.429356	1.371012	-2.921624	73.810000
4.418718	1.374984	-2.931589	73.909000
4.409025	1.376517	-2.930480	74.009000
4.398368	1.377658	-2.920875	74.109000
4.388101	1.378969	-2.923227	74.209000
4.377517	1.376267	-2.938301	74.309000
4.367052	1.375129	-2.942434	74.409000
4.356951	1.381406	-2.923941	74.509000
4.347055	1.384929	-2.920956	74.609000
4.335585	1.373402	-2.936009	74.709000
4.325479	1.362291	-2.944647	74.809000
4.314554	1.364873	-2.938135	74.909000
4.303415	1.365709	-2.947448	75.009000
4.295421	1.366636	-2.964390	75.109000
4.282453	1.366169	-2.944515	75.209000
4.273800	1.365419	-2.918234	75.310000
4.261930	1.371891	-2.917432	75.409000
4.253798	1.381075	-2.926543	75.509000
4.239001	1.381105	-2.932476	75.609000
4.230899	1.379818	-2.942495	75.709000
4.221198	1.380030	-2.942948	75.809000
4.208649	1.379652	-2.944491	75.910000
4.200396	1.380846	-2.952668	76.009000
4.186512	1.387073	-2.955991	76.109000
4.179676	1.389318	-2.950770	76.210000
4.165972	1.386470	-2.938831	76.309000
4.157249	1.373178	-2.929356	76.409000
4.148173	1.365537	-2.935584	76.509000
4.134729	1.373681	-2.933470	76.609000
4.123011	1.377910	-2.931528	76.709000
4.113928	1.374619	-2.926357	76.810000
4.105398	1.368264	-2.929085	76.909000
4.094587	1.366308	-2.934006	77.009000
4.081848	1.372242	-2.940986	77.109000
4.070159	1.375597	-2.952400	77.209000
4.059651	1.372823	-2.956831	77.310000
4.050460	1.372568	-2.939640	77.409000
4.041605	1.376965	-2.939917	77.509000
4.031896	1.373592	-2.956541	77.609000
4.021785	1.365613	-2.978996	77.709000
4.008580	1.364735	-2.971386	77.809000
3.997176	1.366206	-2.954424	77.909000
3.989277	1.372907	-2.942987	78.009000
3.974407	1.372649	-2.956201	78.109000
3.968098	1.367629	-2.962066	78.209000
3.956018	1.370854	-2.962496	78.309000
3.942819	1.371429	-2.980301	78.409000
3.934956	1.372340	-2.989953	78.509000
3.921924	1.374220	-2.997844	78.609000
3.912410	1.372618	-2.988104	78.709000
3.902362	1.379625	-2.967206	78.810000
3.889285	1.379388	-2.961800	78.909000
3.879238	1.380364	-2.963720	79.009000
3.870001	1.378065	-2.972082	79.109000
3.858793	1.376208	-2.960353	79.209000
3.847198	1.376591	-2.951658	79.309000
3.836037	1.375882	-2.960393	79.409000
3.826004	1.372894	-2.963664	79.509000
3.814371	1.371085	-2.947082	79.610000
3.803490	1.371051	-2.950754	79.709000
3.792522	1.374155	-2.955561	79.809000
3.782295	1.378949	-2.953612	79.909000
3.772074	1.378304	-2.955220	80.009000
3.760952	1.378419	-2.956390	80.109000
3.749603	1.374418	-2.953492	80.209000
3.737611	1.374114	-2.965709	80.309000
3.727027	1.371349	-2.975340	80.409000
3.717336	1.366395	-2.980044	80.509000
3.705946	1.371612	-2.987995	80.609000
3.694393	1.376089	-2.999353	80.709000
3.683054	1.374758	-2.997271	80.809000
3.673483	1.370099	-2.985749	80.909000
3.661892	1.372620	-2.961013	81.010000
3.649795	1.373825	-2.956849	81.110000
3.639015	1.366834	-2.961947	81.209000
3.629948	1.361045	-2.972799	81.309000
3.619031	1.366032	-2.983253	81.409000
3.606755	1.367092	-2.990696	81.509000
3.597993	1.368029	-2.976700	81.609000
3.585472	1.374699	-2.968255	81.709000
3.574936	1.377341	-2.982428	81.809000
3.565259	1.377963	-2.988040	81.909000
3.552318	1.385582	-2.985480	82.009000
3.543414	1.389972	-2.985269	82.109000
3.530178	1.383784	-2.997421	82.209000
3.522140	1.378168	-3.013136	82.309000
3.509356	1.374176	-3.005943	82.409000
3.497477	1.368032	-2.988470	82.509000
3.488002	1.365203	-2.967675	82.609000
3.477419	1.365128	-2.951985	82.709000
3.466708	1.366101	-2.957477	82.809000
3.455352	1.370359	-2.971924	82.915000
3.443730	1.373147	-2.977275	83.009000
3.432868	1.376045	-2.981453	83.110000
3.421938	1.377852	-2.983737	83.210000
3.410916	1.374585	-2.988659	83.310000
3.399853	1.372555	-2.998085	83.409000
3.388240	1.372301	-3.002040	83.509000
3.375984	1.376247	-2.994731	83.610000
3.365066	1.378232	-2.991788	83.710000
3.354931	1.376289	-2.992649	83.809000
3.342925	1.368454	-2.982054	83.909000
3.332854	1.363375	-2.987895	84.009000
3.321269	1.360013	-2.991279	84.110000
3.309938	1.367012	-2.982706	84.209000
3.298187	1.372052	-2.987301	84.310000
3.288054	1.365519	-3.001294	84.409000
3.276106	1.360438	-3.000167	84.509000
3.264974	1.366851	-2.983802	84.609000
3.254051	1.373136	-2.967802	84.709000
3.242974	1.372300	-2.972029	84.809000
3.231808	1.371338	-2.985460	84.909000
3.220386	1.367790	-2.993820	85.010000
3.209248	1.361063	-3.008749	85.109000
3.198553	1.359713	-3.016575	85.209000
3.187707	1.363055	-3.011628	85.309000
3.175524	1.368405	-3.007980	85.409000
3.165057	1.370344	-3.000895	85.509000
3.153153	1.376023	-2.994296	85.609000
3.142774	1.372498	-2.992892	85.709000
3.131360	1.371993	-2.992258	85.809000
3.120577	1.374223	-2.996735	85.909000
3.109550	1.376394	-3.010957	86.010000
3.098601	1.377432	-3.015937	86.109000
3.087655	1.382511	-3.016546	86.209000
3.075868	1.378378	-3.012973	86.309000
3.065218	1.370159	-3.003686	86.409000
3.052186	1.366577	-3.001892	86.509000
3.044215	1.359539	-3.017828	86.609000
3.028499	1.351567	-3.016115	86.709000
3.022106	1.351843	-3.022133	86.809000
3.010887	1.357943	-3.021367	86.909000
3.000205	1.360723	-3.021268	87.009000
2.988795	1.365730	-3.023940	87.109000
2.975638	1.365011	-3.019787	87.209000
2.962383	1.367419	-3.011782	87.309000
2.951994	1.364657	-3.018279	87.409000
2.943824	1.364406	-3.022302	87.509000
2.930779	1.364726	-3.015645	87.610000
2.919488	1.366505	-3.012621	87.709000
2.909269	1.373507	-3.013224	87.809000
2.898492	1.384743	-3.007983	87.909000
2.887152	1.385324	-2.996506	88.009000
2.875608	1.378578	-2.987752	88.109000
2.864453	1.371703	-2.991305	88.210000
2.852895	1.363998	-3.004625	88.309000
2.841703	1.354625	-3.014301	88.409000
2.830210	1.356665	-3.014178	88.509000
2.819351	1.359171	-3.027601	88.609000
2.807531	1.359324	-3.037823	88.709000
2.796748	1.359822	-3.029382	88.809000
2.785078	1.366131	-3.021796	88.909000
2.773592	1.375434	-3.034279	89.009000
2.763134	1.369782	-3.036784	89.109000
2.751817	1.371213	-3.033494	89.209000
2.738054	1.370758	-3.026176	89.309000
2.730846	1.366542	-3.017503	89.409000
2.714739	1.362852	-3.015412	89.509000
2.703633	1.361057	-3.016927	89.610000
2.693571	1.358760	-3.014990	89.709000
2.685318	1.360691	-3.016789	89.809000
2.672178	1.364478	-3.023124	89.909000
2.659769	1.359329	-3.029780	90.009000
2.649450	1.353861	-3.033905	90.109000
2.638121	1.357679	-3.038333	90.209000
2.626834	1.360050	-3.036250	90.309000
2.615194	1.359554	-3.021915	90.409000
2.603964	1.362153	-3.015940	90.509000
2.592780	1.362196	-3.029257	90.609000
2.581290	1.359261	-3.031687	90.709000
2.570076	1.360066	-3.044136	90.809000
2.558922	1.362172	-3.063764	90.909000
2.547480	1.365864	-3.072560	91.010000
2.534370	1.361816	-3.066882	91.109000
2.524171	1.357156	-3.052917	91.209000
2.513446	1.355819	-3.036323	91.309000
2.501179	1.351967	-3.024555	91.409000
2.489992	1.348331	-3.015088	91.509000
2.479351	1.350659	-3.031588	91.610000
2.466677	1.355027	-3.052017	91.709000
2.454951	1.357206	-3.055061	91.809000
2.444517	1.356389	-3.051895	91.910000
2.432935	1.358422	-3.044484	92.009000
2.421572	1.359336	-3.043220	92.109000
2.410918	1.364569	-3.044413	92.210000
2.399139	1.369315	-3.052788	92.309000
2.387630	1.367695	-3.055079	92.409000
2.376568	1.367123	-3.052657	92.509000
2.365030	1.365460	-3.037688	92.610000
2.353298	1.371419	-3.044590	92.709000
2.341291	1.373446	-3.052263	92.809000
2.330851	1.366400	-3.060467	92.909000
2.318978	1.357791	-3.054190	93.009000
2.307126	1.354691	-3.039510	93.109000
2.295825	1.358920	-3.042453	93.209000
2.284842	1.359972	-3.046798	93.310000
2.272698	1.365012	-3.053901	93.409000
2.261150	1.365364	-3.054478	93.509000
2.250236	1.360986	-3.047513	93.609000
2.239005	1.358018	-3.054216	93.709000
2.227285	1.356672	-3.049975	93.809000
2.215582	1.363097	-3.049844	93.909000
2.203959	1.364357	-3.061690	94.009000
2.192759	1.359649	-3.057965	94.110000
2.181102	1.357867	-3.047308	94.209000
2.169602	1.360338	-3.053414	94.309000
2.158381	1.358566	-3.086078	94.409000
2.146931	1.355061	-3.098789	94.509000
2.135827	1.353087	-3.104884	94.609000
2.123943	1.351634	-3.108624	94.709000
2.111848	1.351821	-3.100071	94.809000
2.101826	1.356082	-3.089543	94.909000
2.090304	1.358544	-3.079206	95.009000
2.078344	1.358732	-3.072634	95.109000
2.067774	1.358220	-3.062667	95.209000
2.056003	1.355435	-3.061323	95.309000
2.044483	1.351743	-3.054722	95.409000
2.032556	1.352282	-3.057066	95.509000
2.021603	1.350811	-3.071599	95.609000
2.010083	1.348811	-3.081710	95.709000
1.998669	1.348919	-3.084211	95.809000
1.987090	1.343659	-3.082973	95.910000
1.975799	1.343461	-3.068660	96.009000
1.964040	1.349800	-3.057048	96.109000
1.952408	1.349711	-3.054697	96.209000
1.941218	1.346560	-3.051121	96.309000
1.929435	1.348032	-3.058960	96.409000
1.917510	1.344264	-3.073778	96.509000
1.905904	1.345671	-3.080800	96.610000
1.895295	1.342482	-3.087635	96.710000
1.882895	1.344380	-3.097614	96.809000
1.871648	1.347660	-3.093954	96.909000
1.859572	1.352462	-3.095529	97.010000
1.848533	1.355972	-3.097721	97.109000
1.837198	1.352254	-3.102373	97.209000
1.825713	1.351760	-3.088947	97.309000
1.814086	1.353059	-3.081154	97.410000
1.802882	1.350687	-3.090300	97.510000
1.791172	1.350643	-3.098340	97.609000
1.779951	1.350294	-3.099850	97.709000
1.768143	1.349506	-3.090583	97.809000
1.756480	1.345674	-3.087089	97.909000
1.744831	1.338620	-3.113255	98.010000
1.732922	1.340279	-3.123833	98.109000
1.721276	1.340857	-3.117990	98.213000
1.709983	1.339542	-3.095022	98.309000
1.698417	1.339036	-3.092596	98.409000
1.686929	1.344228	-3.098102	98.509000
1.674809	1.349060	-3.098564	98.610000
1.663574	1.353483	-3.101177	98.709000
1.651925	1.353873	-3.097413	98.810000
1.640720	1.353033	-3.091613	98.909000
1.628771	1.353191	-3.075951	99.009000
1.617148	1.362179	-3.076192	99.109000
1.605516	1.364471	-3.094648	99.209000
1.593996	1.352640	-3.104818	99.310000
1.582691	1.349724	-3.104556	99.409000
1.571033	1.348121	-3.112988	99.510000
1.559508	1.347897	-3.105930	99.609000
1.548000	1.351323	-3.098644	99.709000
1.536639	1.354129	-3.099766	99.809000
1.525205	1.355080	-3.099891	99.909000
1.513679	1.355789	-3.100495	100.009000
1.501812	1.354715	-3.098269	100.109000
1.490763	1.356217	-3.100812	100.209000
1.479198	1.359871	-3.108202	100.309000
1.467429	1.359042	-3.126900	100.409000
1.456308	1.349734	-3.131834	100.509000
1.444616	1.345881	-3.127347	100.609000
1.433002	1.344784	-3.124649	100.709000
1.421517	1.340872	-3.121360	100.809000
1.409793	1.341598	-3.109145	100.909000
1.398568	1.347190	-3.117579	101.009000
1.386927	1.347116	-3.128294	101.109000
1.375277	1.344279	-3.134285	101.209000
1.363661	1.334129	-3.135455	101.309000
1.351765	1.328695	-3.126479	101.409000
1.340229	1.332382	-3.111808	101.509000
1.328407	1.336142	-3.110022	101.609000
1.316939	1.342019	-3.107405	101.709000
1.305722	1.347790	-3.104277	101.810000
1.293645	1.351030	-3.101032	101.909000
1.282032	1.347983	-3.108587	102.009000
1.270342	1.341958	-3.116200	102.109000
1.258989	1.340275	-3.120242	102.209000
1.247186	1.338351	-3.119504	102.309000
1.235501	1.338926	-3.110974	102.409000
1.223680	1.333975	-3.106238	102.510000
1.212006	1.336460	-3.114357	102.610000
1.200692	1.339651	-3.130965	102.709000
1.188921	1.342544	-3.163053	102.809000
1.177638	1.345871	-3.178007	102.909000
1.165678	1.346789	-3.163755	103.009000
1.153945	1.337745	-3.143063	103.109000
1.142294	1.335326	-3.113493	103.209000
1.130840	1.338019	-3.100920	103.310000
1.119408	1.341123	-3.111766	103.409000
1.107731	1.341181	-3.113716	103.509000
1.095562	1.335852	-3.102254	103.609000
1.083686	1.334292	-3.106791	103.709000
1.072231	1.327855	-3.119009	103.809000
1.060616	1.323701	-3.114176	103.910000
1.049033	1.328603	-3.118905	104.009000
1.037368	1.328155	-3.139384	104.109000
1.025974	1.327675	-3.155937	104.209000
1.014391	1.323434	-3.154437	104.309000
1.002667	1.331617	-3.134857	104.409000
0.991401	1.338997	-3.129293	104.509000
0.979950	1.336349	-3.149091	104.609000
0.968320	1.330116	-3.179165	104.709000
0.957019	1.329981	-3.180722	104.809000
0.945467	1.329040	-3.171514	104.909000
0.933713	1.323601	-3.160847	105.009000
0.922363	1.324344	-3.154342	105.109000
0.910988	1.332367	-3.154717	105.209000
0.899050	1.338151	-3.149895	105.309000
0.887214	1.333620	-3.140663	105.409000
0.875570	1.330906	-3.143379	105.509000
0.863868	1.328271	-3.151098	105.609000
0.852301	1.321060	-3.169065	105.710000
0.840663	1.319380	-3.165826	105.810000
0.828784	1.319914	-3.168347	105.909000
0.816996	1.319655	-3.172312	106.009000
0.805364	1.318945	-3.173201	106.110000
0.793944	1.314915	-3.157050	106.209000
0.782546	1.317830	-3.140683	106.310000
0.770943	1.320644	-3.143104	106.409000
0.758963	1.322086	-3.151194	106.510000
0.747393	1.326737	-3.141959	106.609000
0.735907	1.331832	-3.153147	106.709000
0.724242	1.330523	-3.156958	106.809000
0.712725	1.333522	-3.161210	106.909000
0.700876	1.333028	-3.163979	107.009000
0.689086	1.324794	-3.165749	107.109000
0.677419	1.316246	-3.165305	107.209000
0.665448	1.318801	-3.165013	107.309000
0.654291	1.328338	-3.182755	107.409000
0.642841	1.331643	-3.194592	107.510000
0.630891	1.336585	-3.193717	107.609000
0.619064	1.336812	-3.194791	107.709000
0.607454	1.330891	-3.191400	107.809000
0.596190	1.325737	-3.191214	107.909000
0.584769	1.323062	-3.181817	108.009000
0.572803	1.323408	-3.161751	108.110000
0.560962	1.319820	-3.164986	108.209000
0.549262	1.311756	-3.169666	108.309000
0.537486	1.304453	-3.162282	108.409000
0.526034	1.309212	-3.162391	108.509000
0.514706	1.313249	-3.164423	108.609000
0.502908	1.313344	-3.171039	108.709000
0.491173	1.319961	-3.187445	108.809000
0.479618	1.328699	-3.192112	108.909000
0.468215	1.329205	-3.193176	109.009000
0.456727	1.330364	-3.195154	109.109000
0.445218	1.329108	-3.195944	109.209000
0.433624	1.327333	-3.195380	109.309000
0.422309	1.321685	-3.191040	109.409000
0.410676	1.317306	-3.181389	109.510000
0.399295	1.309258	-3.180348	109.609000
0.387872	1.302371	-3.180634	109.709000
0.376302	1.303780	-3.182865	109.809000
0.364539	1.304393	-3.188726	109.909000
0.352888	1.306851	-3.188637	110.009000
0.341281	1.317539	-3.192243	110.110000
0.329538	1.324708	-3.210087	110.209000
0.318251	1.324384	-3.223217	110.309000
0.306538	1.326282	-3.204331	110.409000
0.294897	1.326579	-3.188870	110.510000
0.283276	1.322159	-3.188189	110.609000
0.271654	1.320376	-3.174980	110.709000
0.260328	1.319349	-3.165193	110.809000
0.249225	1.317818	-3.159409	110.909000
0.237400	1.320563	-3.179391	111.009000
0.225577	1.318151	-3.178137	111.109000
0.213840	1.314662	-3.175892	111.210000
0.202144	1.315396	-3.200931	111.310000
0.190860	1.315429	-3.215190	111.409000
0.179396	1.316364	-3.210820	111.510000
0.167513	1.322747	-3.202528	111.609000
0.155881	1.323089	-3.198826	111.709000
0.144045	1.322038	-3.197606	111.809000
0.132558	1.323043	-3.190129	111.909000
0.121126	1.316789	-3.191569	112.009000
0.109579	1.308916	-3.186353	112.109000
0.097727	1.303439	-3.189185	112.209000
0.086066	1.299073	-3.202325	112.309000
0.074484	1.301066	-3.201426	112.409000
0.063005	1.306138	-3.199058	112.510000
0.051838	1.313432	-3.208089	112.609000
0.039963	1.313348	-3.202618	112.710000
0.028202	1.315066	-3.189051	112.809000
0.016675	1.310294	-3.191132	112.909000
0.005012	1.308628	-3.201704	113.010000
-0.006387	1.304625	-3.207787	113.109000
-0.018005	1.302789	-3.206021	113.209000
-0.029351	1.306173	-3.207931	113.309000
-0.040715	1.307893	-3.208983	113.410000
-0.052252	1.309453	-3.201642	113.509000
-0.063822	1.316017	-3.191391	113.609000
-0.073490	1.327676	-3.188279	113.709000
-0.078906	1.329158	-3.196080	113.810000
-0.083208	1.320457	-3.201970	113.909000
-0.086565	1.316737	-3.200852	114.009000
-0.089839	1.316947	-3.189723	114.109000
-0.092347	1.318475	-3.192905	114.209000
-0.094913	1.315875	-3.209978	114.309000
-0.097054	1.314740	-3.223161	114.409000
-0.099061	1.313895	-3.221355	114.509000
-0.100766	1.311563	-3.208044	114.609000
-0.102512	1.309082	-3.195721	114.710000
-0.104225	1.310508	-3.183357	114.809000
-0.105685	1.313446	-3.178366	114.910000
-0.106945	1.311082	-3.179201	115.009000
-0.108014	1.303101	-3.184951	115.110000
-0.109295	1.303108	-3.195725	115.209000
-0.110552	1.304416	-3.187587	115.309000
-0.111686	1.309733	-3.188437	115.409000
-0.112701	1.314452	-3.192816	115.509000
-0.113720	1.311827	-3.192371	115.609000
-0.114641	1.308449	-3.197817	115.709000
-0.115467	1.309164	-3.199600	115.809000
-0.116315	1.314120	-3.208212	115.910000
-0.117154	1.317650	-3.203637	116.009000
-0.117827	1.316340	-3.199387	116.109000
-0.118727	1.310755	-3.205017	116.209000
-0.119468	1.306631	-3.221155	116.309000
-0.120164	1.305097	-3.216658	116.409000
-0.120633	1.317046	-3.203590	116.509000
-0.121313	1.326340	-3.209165	116.609000
-0.121794	1.325202	-3.197356	116.710000
-0.122440	1.328801	-3.185044	116.809000
-0.122994	1.329516	-3.187842	116.909000
-0.123564	1.325000	-3.197679	117.009000
-0.123926	1.315708	-3.194224	117.109000
-0.124519	1.311494	-3.197127	117.209000
-0.124956	1.310333	-3.198430	117.309000
-0.125433	1.306871	-3.190093	117.409000
-0.125779	1.305914	-3.183154	117.509000
-0.126272	1.310488	-3.186429	117.609000
-0.126697	1.308463	-3.180481	117.710000
-0.126916	1.309692	-3.178957	117.809000
-0.127476	1.314744	-3.180374	117.909000
-0.127698	1.311213	-3.180616	118.009000
-0.128269	1.308569	-3.180889	118.109000
-0.128623	1.303319	-3.187654	118.209000
-0.128888	1.305738	-3.199959	118.309000
-0.129184	1.308679	-3.207981	118.409000
-0.129610	1.307785	-3.216352	118.509000
-0.129890	1.310131	-3.218496	118.610000
-0.130077	1.312232	-3.219491	118.709000
-0.130400	1.308007	-3.229118	118.809000
-0.130655	1.306140	-3.229129	118.909000
-0.130879	1.304637	-3.215335	119.009000
-0.131241	1.308896	-3.216717	119.109000
-0.131427	1.311858	-3.218821	119.209000
-0.131812	1.308727	-3.202224	119.309000
-0.131944	1.308466	-3.192084	119.409000
-0.132255	1.308990	-3.190312	119.509000
-0.132425	1.311183	-3.190307	119.609000
-0.132787	1.315900	-3.198232	119.709000
-0.132914	1.322275	-3.198826	119.809000
-0.133072	1.324905	-3.193923	119.909000
-0.133402	1.325472	-3.194921	120.009000
-0.133521	1.321914	-3.187566	120.109000
-0.133629	1.316408	-3.160373	120.209000
-0.133841	1.314290	-3.157416	120.309000
-0.134212	1.314598	-3.157031	120.409000
-0.134234	1.312138	-3.175629	120.509000
-0.134324	1.311369	-3.183035	120.609000
-0.134479	1.311693	-3.183453	120.709000
-0.134692	1.312043	-3.195493	120.809000
-0.134747	1.310253	-3.203732	120.909000
-0.134974	1.307185	-3.213517	121.009000
-0.135080	1.306571	-3.214541	121.109000
-0.135132	1.310354	-3.209228	121.210000
-0.135386	1.311367	-3.208964	121.310000
-0.135445	1.313748	-3.213017	121.409000
-0.135668	1.315487	-3.211098	121.509000
-0.135744	1.312148	-3.197854	121.610000
-0.135849	1.315148	-3.197650	121.709000
-0.136089	1.319930	-3.200145	121.809000
-0.135968	1.320804	-3.190500	121.909000
-0.136144	1.320407	-3.182236	122.009000
-0.136056	1.314581	-3.191559	122.109000
-0.136424	1.306154	-3.201842	122.210000
-0.136398	1.305242	-3.207299	122.309000
-0.136560	1.308624	-3.211119	122.410000
-0.136627	1.309075	-3.215639	122.509000
-0.136766	1.309135	-3.222760	122.609000
-0.136828	1.313215	-3.211496	122.709000
-0.136915	1.320110	-3.194736	122.809000
-0.137066	1.325036	-3.189938	122.909000
-0.137205	1.324731	-3.197213	123.010000
-0.137254	1.322642	-3.202530	123.109000
-0.137464	1.320586	-3.211762	123.209000
-0.137580	1.317282	-3.210214	123.309000
-0.137670	1.318684	-3.187993	123.410000
-0.137717	1.317248	-3.174699	123.509000
-0.137728	1.317577	-3.174720	123.609000
-0.137866	1.318114	-3.168217	123.709000
-0.137949	1.315918	-3.175785	123.809000
-0.137991	1.316615	-3.175906	123.909000
-0.137674	1.316783	-3.175396	124.009000
-0.137807	1.313735	-3.179113	124.109000
-0.137850	1.309507	-3.174491	124.209000
-0.137845	1.306756	-3.165076	124.309000
-0.137796	1.303641	-3.166770	124.409000
-0.138051	1.299136	-3.181661	124.509000
-0.138043	1.299447	-3.180904	124.610000
-0.138189	1.305769	-3.190452	124.709000
-0.138435	1.316331	-3.195636	124.809000
-0.138477	1.321316	-3.198363	124.909000
-0.138423	1.323474	-3.210145	125.009000
-0.138406	1.320600	-3.210350	125.109000
-0.138612	1.321084	-3.199844	125.209000
-0.139153	1.319076	-3.192230	125.309000
-0.138807	1.313383	-3.195795	125.409000
-0.139186	1.307001	-3.200250	125.510000
-0.139022	1.302304	-3.200046	125.609000
-0.139166	1.300045	-3.195383	125.709000
-0.139188	1.301415	-3.194084	125.810000
-0.139158	1.298519	-3.186034	125.910000
-0.139200	1.300917	-3.177927	126.009000
-0.139313	1.303958	-3.184607	126.109000
-0.139385	1.301143	-3.188348	126.209000
-0.139517	1.302936	-3.188865	126.309000
-0.139453	1.305175	-3.180486	126.409000
-0.139458	1.300884	-3.178065	126.509000
-0.139613	1.304623	-3.182740	126.609000
-0.139571	1.308355	-3.196369	126.709000
-0.139677	1.306316	-3.200032	126.809000
-0.139482	1.304692	-3.190779	126.909000
-0.139814	1.309528	-3.192074	127.009000
-0.139732	1.313921	-3.190667	127.109000
-0.139747	1.317930	-3.185348	127.209000
-0.139809	1.319648	-3.169592	127.309000
-0.139786	1.318189	-3.172101	127.409000
-0.139761	1.315692	-3.190219	127.509000
-0.139789	1.307734	-3.188513	127.610000
-0.139897	1.306987	-3.173370	127.709000
-0.140048	1.319681	-3.172808	127.809000
-0.139929	1.324710	-3.187816	127.909000
-0.140075	1.318808	-3.192794	128.009000
-0.140107	1.318361	-3.195234	128.109000
-0.140072	1.322222	-3.183930	128.209000
-0.140235	1.325666	-3.173777	128.309000
-0.140246	1.321313	-3.185798	128.409000
-0.140491	1.316717	-3.198913	128.509000
-0.140258	1.314181	-3.198523	128.609000
-0.140316	1.317304	-3.193729	128.710000
-0.140239	1.318803	-3.199002	128.810000
-0.140355	1.312202	-3.202275	128.909000
-0.140495	1.313690	-3.199651	129.009000
-0.140389	1.321162	-3.200403	129.109000
-0.140422	1.325975	-3.206609	129.209000
-0.140487	1.321640	-3.199302	129.309000
-0.140319	1.313325	-3.188877	129.409000
-0.140729	1.307802	-3.187725	129.509000
-0.140461	1.305756	-3.183700	129.609000
-0.140531	1.306913	-3.176452	129.709000
-0.140669	1.312554	-3.175847	129.809000
-0.140672	1.319824	-3.186621	129.909000
-0.140554	1.314515	-3.183410	130.009000
-0.140575	1.311769	-3.178525	130.109000
-0.140632	1.306294	-3.200727	130.209000
-0.140637	1.303584	-3.207958	130.309000
-0.140860	1.303347	-3.202648	130.409000
-0.140674	1.299568	-3.189946	130.509000
-0.140804	1.306108	-3.176647	130.609000
-0.140663	1.317401	-3.172254	130.709000
-0.140641	1.317326	-3.174091	130.809000
-0.140859	1.311176	-3.182985	130.909000
-0.140704	1.309542	-3.189236	131.009000
-0.140685	1.314948	-3.186991	131.109000
-0.140467	1.315945	-3.183544	131.209000
-0.140563	1.314825	-3.185331	131.309000
-0.140606	1.314157	-3.184253	131.409000
-0.140835	1.306707	-3.179591	131.509000
-0.140866	1.299030	-3.164618	131.609000
-0.140721	1.305627	-3.171113	131.709000
-0.140814	1.308879	-3.188541	131.810000
-0.140770	1.304464	-3.195962	131.909000
-0.140741	1.304036	-3.196024	132.009000
-0.140876	1.308357	-3.183930	132.110000
-0.140821	1.309415	-3.176081	132.209000
-0.140721	1.303545	-3.182373	132.310000
-0.140710	1.303478	-3.194985	132.409000
-0.140800	1.311876	-3.207614	132.509000
-0.140759	1.311540	-3.205695	132.609000
-0.140995	1.309511	-3.194839	132.709000
-0.140925	1.309385	-3.201866	132.809000
-0.140899	1.309863	-3.212365	132.909000
-0.140960	1.310168	-3.216933	133.009000
-0.141058	1.305966	-3.214576	133.109000
-0.141132	1.303031	-3.210198	133.209000
-0.141138	1.303544	-3.199705	133.309000
-0.141214	1.308957	-3.195852	133.409000
-0.140995	1.311148	-3.207893	133.509000
-0.141187	1.314086	-3.215126	133.609000
-0.141145	1.316846	-3.219121	133.709000
-0.140958	1.310565	-3.220543	133.809000
-0.141014	1.305757	-3.222914	133.909000
-0.140874	1.308613	-3.238681	134.009000
-0.140984	1.314581	-3.237350	134.109000
-0.141161	1.313483	-3.222512	134.209000
-0.141034	1.308353	-3.206973	134.309000
-0.141197	1.306133	-3.199938	134.409000
-0.141147	1.306284	-3.208498	134.509000
-0.141217	1.312865	-3.207933	134.609000
-0.141105	1.313530	-3.204349	134.709000
-0.141226	1.310414	-3.207218	134.809000
-0.140890	1.306229	-3.198788	134.909000
-0.140927	1.304921	-3.177867	135.010000
-0.140815	1.306940	-3.161532	135.109000
-0.140863	1.310266	-3.178630	135.209000
-0.140952	1.315118	-3.180465	135.309000
-0.140818	1.317355	-3.181219	135.410000
-0.141009	1.317952	-3.201828	135.509000
-0.141045	1.315236	-3.218310	135.609000
-0.141153	1.317327	-3.211294	135.709000
-0.141031	1.321714	-3.203544	135.810000
-0.141052	1.316216	-3.195719	135.909000
-0.140993	1.315972	-3.189489	136.009000
-0.141196	1.318632	-3.201902	136.109000
-0.141182	1.318256	-3.198797	136.209000
-0.141202	1.313567	-3.197498	136.309000
-0.141249	1.307724	-3.196738	136.409000
-0.141121	1.311300	-3.195714	136.509000
-0.141222	1.318662	-3.206173	136.609000
-0.141071	1.317097	-3.215111	136.709000
-0.141202	1.309135	-3.211407	136.809000
-0.141223	1.305852	-3.193959	136.909000
-0.141192	1.308213	-3.174720	137.009000
-0.141378	1.312317	-3.177814	137.109000
-0.141360	1.312311	-3.192199	137.210000
-0.141187	1.319904	-3.199186	137.310000
-0.141289	1.326392	-3.208745	137.409000
-0.141489	1.326824	-3.210918	137.510000
-0.141189	1.322061	-3.191758	137.609000
-0.141385	1.311786	-3.185991	137.709000
-0.141204	1.307984	-3.181609	137.810000
-0.141263	1.309774	-3.182695	137.909000
-0.141280	1.314717	-3.183857	138.009000
-0.141398	1.316872	-3.177050	138.109000
-0.141262	1.317012	-3.165985	138.209000
-0.141436	1.311533	-3.163162	138.309000
-0.141398	1.306954	-3.177450	138.409000
-0.141420	1.311929	-3.182728	138.509000
-0.141359	1.320744	-3.171880	138.609000
-0.141448	1.324226	-3.168482	138.709000
-0.141452	1.321121	-3.173026	138.809000
-0.141365	1.315970	-3.176266	138.909000
-0.141312	1.317390	-3.185939	139.009000
-0.141463	1.315523	-3.197831	139.110000
-0.141367	1.301233	-3.207461	139.209000
-0.141564	1.298917	-3.212381	139.309000
-0.141535	1.308176	-3.212522	139.409000
-0.141472	1.311642	-3.206885	139.509000
-0.141539	1.313783	-3.200507	139.609000
-0.141423	1.313386	-3.194260	139.709000
-0.141365	1.311708	-3.189066	139.809000
-0.141341	1.313713	-3.185226	139.909000
-0.141567	1.312868	-3.192319	140.009000
-0.141394	1.309320	-3.208022	140.109000
-0.141452	1.301538	-3.200180	140.209000
-0.141449	1.306411	-3.188307	140.309000
-0.141389	1.304426	-3.187543	140.409000
-0.141365	1.299826	-3.183036	140.509000
-0.141418	1.302301	-3.173755	140.609000
-0.141491	1.305654	-3.157693	140.709000
-0.141524	1.306124	-3.155749	140.809000
-0.141628	1.307873	-3.174226	140.909000
-0.141505	1.312985	-3.188749	141.009000
-0.141513	1.311400	-3.206310	141.109000
-0.141422	1.304894	-3.214671	141.209000
-0.141421	1.306881	-3.211235	141.309000
-0.141395	1.308427	-3.203893	141.409000
-0.141500	1.310910	-3.204971	141.509000
-0.141349	1.305890	-3.215977	141.609000
-0.141342	1.301442	-3.207453	141.709000
-0.141473	1.306067	-3.189126	141.809000
-0.141444	1.307839	-3.193368	141.909000
-0.141377	1.306038	-3.192519	142.010000
-0.141413	1.312395	-3.181904	142.109000
-0.141450	1.315239	-3.190033	142.209000
-0.141516	1.313258	-3.197207	142.310000
-0.141507	1.307095	-3.190077	142.409000
-0.141411	1.297149	-3.179282	142.509000
-0.141418	1.296576	-3.170614	142.609000
-0.141489	1.298921	-3.174889	142.709000
-0.141566	1.295927	-3.182628	142.809000
-0.141379	1.299519	-3.182751	142.909000
-0.141437	1.309361	-3.178646	143.010000
-0.141532	1.315886	-3.182905	143.109000
-0.141506	1.314397	-3.177798	143.212000
-0.141593	1.314584	-3.181563	143.309000
-0.141579	1.312261	-3.191761	143.409000
-0.141272	1.310610	-3.184490	143.509000
-0.141428	1.314944	-3.184867	143.609000
-0.141532	1.318513	-3.188132	143.709000
-0.141612	1.323513	-3.189643	143.809000
-0.141491	1.325245	-3.189827	143.909000
-0.141529	1.320818	-3.187483	144.010000
-0.141482	1.312847	-3.180889	144.109000
-0.141439	1.307868	-3.167754	144.209000
-0.141385	1.308453	-3.168380	144.309000
-0.141540	1.313220	-3.183802	144.410000
-0.141377	1.316397	-3.192013	144.509000
-0.141510	1.316012	-3.183509	144.609000
-0.141258	1.312511	-3.175415	144.709000
-0.141532	1.315434	-3.179571	144.809000
-0.141418	1.315731	-3.184882	144.909000
-0.141385	1.315552	-3.189261	145.009000
-0.141384	1.315153	-3.202551	145.109000
-0.141487	1.315999	-3.198953	145.210000
-0.141478	1.314488	-3.182731	145.309000
-0.141351	1.317013	-3.175367	145.409000
-0.141441	1.314671	-3.189526	145.509000
-0.141241	1.310481	-3.196230	145.609000
-0.141225	1.318774	-3.192949	145.709000
-0.141348	1.322234	-3.194620	145.810000
-0.141398	1.326019	-3.197412	145.909000
-0.141367	1.324331	-3.192945	146.009000
-0.141384	1.323283	-3.187246	146.109000
-0.141379	1.316922	-3.195143	146.209000
-0.141397	1.308236	-3.205778	146.309000
-0.141402	1.311186	-3.216265	146.409000
-0.141504	1.319701	-3.214514	146.509000
-0.141501	1.322368	-3.193735	146.609000
-0.141442	1.320938	-3.185488	146.709000
-0.141419	1.319965	-3.180827	146.809000
-0.141384	1.317390	-3.178751	146.909000
-0.141403	1.313398	-3.176343	147.009000
-0.141366	1.315059	-3.187560	147.109000
-0.141345	1.317116	-3.209021	147.209000
-0.141402	1.315877	-3.212783	147.309000
-0.141407	1.314969	-3.212807	147.409000
-0.141303	1.311065	-3.214751	147.509000
-0.141363	1.311609	-3.209291	147.609000
-0.141333	1.310052	-3.199699	147.709000
-0.141487	1.312186	-3.180727	147.809000
-0.141283	1.315292	-3.174747	147.909000
-0.141483	1.316606	-3.182501	148.009000
-0.141384	1.319539	-3.189322	148.110000
-0.141511	1.319835	-3.186760	148.209000
-0.141373	1.319728	-3.176228	148.309000
-0.141430	1.317773	-3.173174	148.410000
-0.141458	1.316382	-3.169248	148.509000
-0.141592	1.318651	-3.166416	148.609000
-0.141501	1.321696	-3.167375	148.709000
-0.141435	1.318815	-3.168627	148.809000
-0.141587	1.311025	-3.168679	148.909000
-0.141510	1.309378	-3.166948	149.009000
-0.141573	1.307554	-3.176264	149.109000
-0.141740	1.307269	-3.173002	149.209000
-0.141629	1.307297	-3.173980	149.309000
-0.141717	1.310461	-3.187480	149.409000
-0.141744	1.305691	-3.201585	149.510000
-0.141451	1.301047	-3.189511	149.609000
-0.141562	1.298553	-3.186738	149.709000
-0.141477	1.298946	-3.192999	149.809000
-0.141614	1.307523	-3.194295	149.909000
-0.141649	1.307450	-3.182922	150.009000
-0.141788	1.305377	-3.178963	150.109000
-0.141598	1.304901	-3.180948	150.209000
-0.141693	1.308453	-3.193854	150.309000
-0.141431	1.307817	-3.208225	150.409000
-0.141481	1.307987	-3.203179	150.509000
-0.141797	1.303280	-3.190003	150.609000
-0.141740	1.301675	-3.188389	150.709000
-0.141540	1.306789	-3.179880	150.809000
-0.141820	1.308059	-3.178735	150.909000
-0.141991	1.306157	-3.178152	151.009000
-0.141832	1.306745	-3.177449	151.109000
-0.141686	1.312511	-3.188440	151.209000
-0.141923	1.315820	-3.190697	151.309000
-0.141753	1.311624	-3.184146	151.409000
-0.141647	1.312912	-3.185417	151.509000
-0.141586	1.315046	-3.192534	151.610000
-0.141599	1.314897	-3.196071	151.709000
-0.141624	1.313444	-3.197938	151.809000
-0.141457	1.304471	-3.197610	151.909000
-0.141567	1.299065	-3.195171	152.009000
-0.141659	1.300308	-3.194432	152.109000
-0.141618	1.305356	-3.198620	152.210000
-0.141613	1.305748	-3.207788	152.309000
-0.141770	1.307406	-3.215378	152.409000
-0.141802	1.310568	-3.216872	152.509000
-0.141768	1.318317	-3.213110	152.609000
-0.141807	1.324135	-3.213873	152.709000
-0.141938	1.321505	-3.210368	152.809000
-0.141814	1.317881	-3.198825	152.909000
-0.141767	1.312784	-3.192572	153.009000
-0.141740	1.311796	-3.203574	153.109000
-0.141798	1.311321	-3.209926	153.209000
-0.141838	1.311757	-3.204966	153.309000
-0.141768	1.311447	-3.201368	153.409000
-0.141590	1.310455	-3.185152	153.509000
-0.141579	1.317559	-3.162108	153.609000
-0.141579	1.322652	-3.169615	153.709000
-0.141638	1.318165	-3.168666	153.809000
-0.141470	1.311612	-3.161428	153.909000
-0.141606	1.309069	-3.171340	154.009000
-0.141495	1.309765	-3.185621	154.109000
-0.141491	1.309584	-3.192027	154.209000
-0.141444	1.303272	-3.208967	154.309000
-0.141468	1.301669	-3.224236	154.409000
-0.141552	1.303302	-3.222735	154.509000
-0.141441	1.306018	-3.208253	154.610000
-0.141315	1.305825	-3.195914	154.709000
-0.141458	1.307967	-3.176315	154.809000
-0.141563	1.318278	-3.170780	154.909000
-0.141648	1.322909	-3.185706	155.009000
-0.141322	1.319428	-3.180706	155.109000
-0.141612	1.323089	-3.181246	155.209000
-0.141372	1.323569	-3.180192	155.309000
-0.141361	1.320790	-3.187494	155.409000
-0.141523	1.322946	-3.199387	155.509000
-0.141398	1.321060	-3.201283	155.609000
-0.141309	1.312805	-3.199078	155.709000
-0.141382	1.304706	-3.201401	155.809000
-0.141405	1.306971	-3.201328	155.909000
-0.141546	1.306695	-3.210446	156.009000
-0.141585	1.307269	-3.217499	156.109000
-0.141581	1.305249	-3.202303	156.209000
-0.141470	1.310210	-3.166084	156.309000
-0.141507	1.312952	-3.146952	156.409000
-0.141683	1.309143	-3.149781	156.509000
-0.141457	1.308205	-3.166332	156.609000
-0.141480	1.304729	-3.178411	156.709000
-0.141564	1.301230	-3.188732	156.809000
-0.141447	1.297021	-3.192687	156.909000
-0.141399	1.299538	-3.191997	157.009000
-0.141588	1.299879	-3.195753	157.109000
-0.141485	1.300116	-3.188585	157.209000
-0.141454	1.308597	-3.172252	157.309000
-0.141532	1.311534	-3.177407	157.409000
-0.141266	1.312917	-3.182534	157.509000
-0.141577	1.316400	-3.187789	157.609000
-0.141587	1.317000	-3.200769	157.709000
-0.141660	1.317417	-3.206089	157.809000
-0.141636	1.315567	-3.200106	157.909000
-0.141558	1.304967	-3.188287	158.009000
-0.141492	1.298038	-3.172785	158.110000
-0.141583	1.299102	-3.168327	158.209000
-0.141435	1.301806	-3.168583	158.310000
-0.141462	1.307305	-3.178517	158.410000
-0.141424	1.308542	-3.198194	158.509000
-0.141704	1.310598	-3.198043	158.609000
-0.141643	1.313434	-3.187259	158.710000
-0.141850	1.317395	-3.174183	158.809000
-0.141749	1.321224	-3.168429	158.909000
-0.141804	1.318544	-3.172672	159.009000
-0.141747	1.313831	-3.182172	159.109000
-0.141788	1.310844	-3.197165	159.209000
-0.141704	1.317527	-3.213418	159.309000
-0.141611	1.326067	-3.221449	159.409000
-0.141835	1.328554	-3.215021	159.509000
-0.141717	1.321197	-3.197763	159.610000
-0.141624	1.315130	-3.194958	159.709000
-0.141655	1.313011	-3.193066	159.809000
-0.141642	1.309139	-3.181197	159.909000
-0.141477	1.314707	-3.180502	160.009000
-0.141524	1.318370	-3.171913	160.110000
-0.141565	1.323388	-3.173568	160.209000
-0.141443	1.326143	-3.192572	160.309000
-0.141545	1.319795	-3.194028	160.409000
-0.141536	1.320486	-3.185723	160.509000
-0.141547	1.318778	-3.203873	160.609000
-0.141332	1.316171	-3.218141	160.712000
-0.141631	1.311043	-3.203572	160.810000
-0.141458	1.302022	-3.181687	160.909000
-0.141340	1.301758	-3.174775	161.009000
-0.141351	1.301890	-3.185130	161.109000
-0.141316	1.303976	-3.199678	161.209000
-0.141343	1.305063	-3.201945	161.310000
-0.141351	1.313494	-3.201641	161.409000
-0.141372	1.310207	-3.206999	161.509000
-0.141421	1.304739	-3.199531	161.609000
-0.141390	1.309834	-3.189000	161.709000
-0.141383	1.314089	-3.186307	161.809000
-0.141448	1.316350	-3.208109	161.909000
-0.141515	1.314801	-3.217498	162.010000
-0.141195	1.311694	-3.211837	162.109000
-0.141534	1.305857	-3.204486	162.209000
-0.141320	1.302412	-3.195377	162.309000
-0.141467	1.305325	-3.201055	162.410000
-0.141411	1.310025	-3.219032	162.510000
-0.141338	1.310900	-3.206670	162.609000
-0.141523	1.316890	-3.199049	162.709000
-0.141547	1.322642	-3.195837	162.809000
-0.141684	1.319208	-3.189478	162.909000
-0.141589	1.315728	-3.180235	163.009000
-0.141491	1.311973	-3.185760	163.110000
-0.141448	1.312797	-3.191183	163.209000
-0.141520	1.312262	-3.201260	163.309000
-0.141527	1.311860	-3.202141	163.409000
-0.141525	1.309575	-3.214275	163.509000
-0.141431	1.312532	-3.217427	163.610000
-0.141265	1.317779	-3.196909	163.709000
-0.141442	1.326760	-3.187127	163.809000
-0.141445	1.331506	-3.191468	163.909000
-0.141293	1.328732	-3.201288	164.010000
-0.141494	1.323502	-3.205080	164.109000
-0.141452	1.320158	-3.206921	164.210000
-0.141345	1.313331	-3.209356	164.309000
-0.141292	1.307815	-3.192740	164.410000
-0.141529	1.308038	-3.183847	164.510000
-0.141285	1.305466	-3.195379	164.609000
-0.141387	1.308873	-3.195023	164.709000
-0.141425	1.310168	-3.188316	164.810000
-0.141278	1.310383	-3.185034	164.909000
-0.141271	1.308399	-3.198625	165.009000
-0.141311	1.308320	-3.208293	165.109000
-0.141417	1.308180	-3.207804	165.210000
-0.141424	1.309715	-3.193421	165.309000
-0.141723	1.315817	-3.202083	165.409000
-0.141633	1.319268	-3.212096	165.509000
-0.141763	1.317900	-3.219580	165.609000
-0.141581	1.318034	-3.215783	165.709000
-0.141726	1.320596	-3.196643	165.809000
-0.141815	1.321733	-3.181114	165.909000
-0.141657	1.322127	-3.178328	166.009000
-0.141761	1.316264	-3.189723	166.109000
-0.141619	1.312644	-3.192713	166.209000
-0.141908	1.309115	-3.170841	166.310000
-0.141772	1.305046	-3.171896	166.409000
-0.141493	1.301235	-3.175905	166.510000
-0.141495	1.299939	-3.188716	166.609000
-0.141574	1.304482	-3.196726	166.709000
-0.141640	1.310010	-3.180843	166.809000
-0.141561	1.311961	-3.171458	166.909000
-0.141516	1.313006	-3.177162	167.009000
-0.141544	1.315511	-3.185318	167.109000
-0.141510	1.311049	-3.189189	167.209000
-0.141572	1.303310	-3.187914	167.309000
-0.141814	1.302589	-3.193700	167.409000
-0.141691	1.297240	-3.206684	167.509000
-0.141578	1.302833	-3.193135	167.609000
-0.141648	1.311928	-3.178412	167.709000
-0.141706	1.309780	-3.169674	167.809000
-0.141413	1.311542	-3.162804	167.909000
-0.141516	1.311594	-3.163460	168.010000
-0.141460	1.304918	-3.164384	168.109000
-0.141333	1.306837	-3.162014	168.209000
-0.141361	1.309067	-3.164235	168.310000
-0.141472	1.313237	-3.187898	168.409000
-0.141411	1.319016	-3.203857	168.509000
-0.141421	1.320952	-3.216678	168.609000
-0.141456	1.319422	-3.205775	168.709000
-0.141391	1.319955	-3.191205	168.809000
-0.141393	1.326075	-3.179536	168.909000
-0.141291	1.321208	-3.186892	169.009000
-0.141289	1.309215	-3.189298	169.109000
-0.141437	1.304478	-3.177714	169.209000
-0.141404	1.308960	-3.171229	169.309000
-0.141318	1.316143	-3.169526	169.409000
-0.141426	1.321861	-3.184334	169.509000
-0.141234	1.324614	-3.209746	169.609000
-0.141224	1.327652	-3.222965	169.709000
-0.141233	1.325843	-3.226494	169.809000
-0.141225	1.319100	-3.215427	169.910000
-0.141283	1.314436	-3.212248	170.009000
-0.141440	1.311572	-3.222769	170.109000
-0.141566	1.308794	-3.230609	170.209000
-0.141469	1.309803	-3.219781	170.309000
-0.141487	1.311362	-3.202428	170.410000
-0.141460	1.313484	-3.196251	170.509000
-0.141545	1.313596	-3.190978	170.610000
-0.141438	1.315362	-3.187629	170.709000
-0.141466	1.313861	-3.176321	170.810000
-0.141398	1.312064	-3.180190	170.909000
-0.141460	1.314873	-3.194225	171.009000
-0.141161	1.318484	-3.195254	171.109000
-0.141239	1.311043	-3.188073	171.209000
-0.141333	1.305284	-3.185409	171.309000
