0.165154	0.602929	-4.415722	8.637000
0.164245	0.603768	-4.419132	8.737000
0.164205	0.605897	-4.434197	8.837000
0.164241	0.599480	-4.425857	8.937000
0.164156	0.595863	-4.397474	9.037000
0.164107	0.598226	-4.376131	9.137000
0.164088	0.601995	-4.371486	9.237000
0.163988	0.604109	-4.379008	9.337000
0.164068	0.606751	-4.380242	9.437000
0.164080	0.608116	-4.380724	9.537000
0.164259	0.610635	-4.398148	9.637000
0.163994	0.611203	-4.399971	9.737000
0.163956	0.606328	-4.393019	9.837000
0.164220	0.601442	-4.398869	9.937000
0.164067	0.602736	-4.382601	10.037000
0.164121	0.606677	-4.385254	10.137000
0.163990	0.605195	-4.419609	10.237000
0.163982	0.602649	-4.429996	10.337000
0.164095	0.604936	-4.422809	10.437000
0.164160	0.603158	-4.406754	10.537000
0.163915	0.601742	-4.402934	10.637000
0.163935	0.598098	-4.410756	10.737000
0.164144	0.596707	-4.393672	10.837000
0.164005	0.599464	-4.380125	10.937000
0.164103	0.603643	-4.388797	11.037000
0.164224	0.604722	-4.378236	11.137000
0.164320	0.609586	-4.383801	11.237000
0.164192	0.611959	-4.400376	11.337000
0.164121	0.611470	-4.403645	11.437000
0.164186	0.610005	-4.402068	11.537000
0.164177	0.610289	-4.396763	11.637000
0.164286	0.608736	-4.403092	11.737000
0.164226	0.610164	-4.408892	11.837000
0.164228	0.610320	-4.421332	11.937000
0.164265	0.609013	-4.428155	12.037000
0.164117	0.608914	-4.430016	12.137000
0.164162	0.604579	-4.427607	12.237000
0.164186	0.601351	-4.425951	12.337000
0.164236	0.601363	-4.407816	12.437000
0.164202	0.604919	-4.403092	12.537000
0.164172	0.607612	-4.416030	12.637000
0.200899	0.607880	-4.443849	12.737000
0.332512	0.596540	-4.468236	12.837000
0.358478	0.597436	-4.446954	12.937000
0.374010	0.603906	-4.431445	13.037000
0.382057	0.607246	-4.428809	13.137000
0.383752	0.611788	-4.431786	13.237000
0.382822	0.611919	-4.431921	13.337000
0.380249	0.611313	-4.406906	13.437000
0.376604	0.611566	-4.403386	13.537000
0.372377	0.611491	-4.405994	13.637000
0.366859	0.609203	-4.403114	13.737000
0.360734	0.606435	-4.398098	13.837000
0.354320	0.606517	-4.392111	13.937000
0.347587	0.606193	-4.408584	14.037000
0.340593	0.606196	-4.425080	14.137000
0.333462	0.604376	-4.443790	14.237000
0.325955	0.605003	-4.439858	14.337000
0.317741	0.608613	-4.419535	14.437000
0.310035	0.610425	-4.403202	14.537000
0.301823	0.611508	-4.411174	14.637000
0.293766	0.608045	-4.414060	14.737000
0.285452	0.607242	-4.395093	14.837000
0.276783	0.608605	-4.407724	14.937000
0.268058	0.606671	-4.427618	15.037000
0.259479	0.603107	-4.414061	15.137000
0.250641	0.597841	-4.385535	15.237000
0.241864	0.599886	-4.381817	15.337000
0.233020	0.603554	-4.393991	15.439000
0.223993	0.606520	-4.416409	15.537000
0.215068	0.604932	-4.436238	15.637000
0.205915	0.601941	-4.453842	15.737000
0.196755	0.599816	-4.456696	15.837000
0.192981	0.602250	-4.436282	15.937000
0.195194	0.601695	-4.426273	16.037000
0.199331	0.602632	-4.426940	16.137000
0.204307	0.606462	-4.428187	16.237000
0.210237	0.604941	-4.427888	16.337000
0.216727	0.598554	-4.426854	16.438000
0.223195	0.597267	-4.422759	16.537000
0.230548	0.598852	-4.409242	16.637000
0.237919	0.599460	-4.410140	16.737000
0.245406	0.599228	-4.422188	16.837000
0.253655	0.600789	-4.421322	16.937000
0.261507	0.605901	-4.438997	17.037000
0.269641	0.604992	-4.431698	17.137000
0.277922	0.600278	-4.425877	17.237000
0.286294	0.598897	-4.425198	17.337000
0.294884	0.597837	-4.405773	17.437000
0.303834	0.603398	-4.403011	17.537000
0.312388	0.603045	-4.410820	17.637000
0.321305	0.598563	-4.418118	17.737000
0.330362	0.594998	-4.404360	17.837000
0.339024	0.591672	-4.400567	17.937000
0.348331	0.594823	-4.401651	18.037000
0.357559	0.599207	-4.412064	18.137000
0.366436	0.601302	-4.397397	18.237000
0.375484	0.599829	-4.388112	18.337000
0.384908	0.598208	-4.377461	18.437000
0.393914	0.597497	-4.387832	18.537000
0.403525	0.596574	-4.400568	18.637000
0.413135	0.599333	-4.384025	18.737000
0.422579	0.602745	-4.368890	18.837000
0.432198	0.606030	-4.357482	18.937000
0.441948	0.604781	-4.360809	19.037000
0.451309	0.597625	-4.375459	19.137000
0.461251	0.598265	-4.389794	19.237000
0.470866	0.603792	-4.398692	19.337000
0.480288	0.603377	-4.390422	19.437000
0.490187	0.602152	-4.391188	19.537000
0.499928	0.606303	-4.399137	19.638000
0.510065	0.607667	-4.406189	19.737000
0.520060	0.612767	-4.393473	19.837000
0.530092	0.614371	-4.392230	19.937000
0.539765	0.606249	-4.390015	20.037000
0.549694	0.604027	-4.390795	20.137000
0.559610	0.605080	-4.390256	20.237000
0.569467	0.608111	-4.371501	20.337000
0.579226	0.613900	-4.357808	20.437000
0.589103	0.616222	-4.376662	20.537000
0.598953	0.614443	-4.397211	20.637000
0.609094	0.610650	-4.414236	20.737000
0.619114	0.607733	-4.408104	20.837000
0.629435	0.610153	-4.408637	20.937000
0.639343	0.611274	-4.420736	21.037000
0.649274	0.611504	-4.417811	21.137000
0.659502	0.609518	-4.408537	21.237000
0.669634	0.609131	-4.406689	21.337000
0.680108	0.605624	-4.397783	21.437000
0.690478	0.604124	-4.397291	21.537000
0.700901	0.602901	-4.397363	21.638000
0.710858	0.603943	-4.395652	21.737000
0.721315	0.606373	-4.387681	21.837000
0.731429	0.603464	-4.373046	21.937000
0.741920	0.600976	-4.352518	22.037000
0.752343	0.603189	-4.352063	22.137000
0.762568	0.603170	-4.365872	22.237000
0.772621	0.601402	-4.361144	22.337000
0.783168	0.601491	-4.359999	22.438000
0.793336	0.600062	-4.370419	22.537000
0.803747	0.601745	-4.378230	22.637000
0.814303	0.599801	-4.373200	22.737000
0.824700	0.598079	-4.369766	22.837000
0.835160	0.596598	-4.378228	22.937000
0.845463	0.597088	-4.377436	23.037000
0.855904	0.599519	-4.378224	23.137000
0.866745	0.597861	-4.376863	23.237000
0.877391	0.601293	-4.349160	23.337000
0.887860	0.607533	-4.333001	23.437000
0.898158	0.612662	-4.333274	23.537000
0.908699	0.614607	-4.353253	23.639000
0.919402	0.612420	-4.371537	23.737000
0.930120	0.607584	-4.395080	23.837000
0.940698	0.604737	-4.425181	23.937000
0.950988	0.599711	-4.420273	24.037000
0.961241	0.599849	-4.418922	24.137000
0.972173	0.605990	-4.436420	24.238000
0.983113	0.606454	-4.445640	24.337000
0.993755	0.605833	-4.421757	24.437000
1.004390	0.606959	-4.418078	24.537000
1.014781	0.607987	-4.402506	24.637000
1.025324	0.607719	-4.399279	24.737000
1.035894	0.604712	-4.401639	24.837000
1.046392	0.600058	-4.400319	24.937000
1.057104	0.599661	-4.382668	25.037000
1.067506	0.605499	-4.382417	25.137000
1.078119	0.606402	-4.399898	25.237000
1.088677	0.604489	-4.395315	25.337000
1.099236	0.603721	-4.387622	25.437000
1.109872	0.600242	-4.396897	25.537000
1.120696	0.598430	-4.413051	25.637000
1.131162	0.595901	-4.425787	25.737000
1.142110	0.596826	-4.430295	25.837000
1.152798	0.596682	-4.443645	25.937000
1.163769	0.602101	-4.416281	26.037000
1.174694	0.606721	-4.390163	26.137000
1.185525	0.605307	-4.366556	26.238000
1.196105	0.599481	-4.340206	26.337000
1.206948	0.599059	-4.347567	26.437000
1.217805	0.600575	-4.370338	26.537000
1.228715	0.602537	-4.378228	26.637000
1.239674	0.601419	-4.378239	26.737000
1.250375	0.602064	-4.379506	26.837000
1.260966	0.606498	-4.390952	26.937000
1.271634	0.606503	-4.395888	27.037000
1.282570	0.608341	-4.403807	27.137000
1.293815	0.610328	-4.414727	27.237000
1.304725	0.603275	-4.399946	27.337000
1.315641	0.601336	-4.390808	27.437000
1.326521	0.601497	-4.402196	27.537000
1.337180	0.601429	-4.405850	27.637000
1.348421	0.599239	-4.408572	27.737000
1.359334	0.597716	-4.431005	27.837000
1.369977	0.597006	-4.424399	27.937000
1.381105	0.602758	-4.419575	28.037000
1.391893	0.609903	-4.399973	28.137000
1.402942	0.616195	-4.395632	28.237000
1.414106	0.616955	-4.407190	28.337000
1.424838	0.615619	-4.411603	28.437000
1.435854	0.608979	-4.403197	28.537000
1.446669	0.604969	-4.409269	28.637000
1.457475	0.602612	-4.432161	28.737000
1.468838	0.601843	-4.423135	28.837000
1.480265	0.606263	-4.427154	28.937000
1.491132	0.608475	-4.431641	29.037000
1.501629	0.605495	-4.435983	29.137000
1.513029	0.606109	-4.422009	29.237000
1.523705	0.608321	-4.400182	29.337000
1.534636	0.607058	-4.387344	29.437000
1.545405	0.606588	-4.387629	29.537000
1.556452	0.610232	-4.375720	29.637000
1.567590	0.611159	-4.355841	29.737000
1.578462	0.609159	-4.357674	29.837000
1.589126	0.609204	-4.382442	29.938000
1.600393	0.609564	-4.382307	30.037000
1.611057	0.611625	-4.381362	30.137000
1.621823	0.610652	-4.401322	30.237000
1.632832	0.605642	-4.418439	30.337000
1.644200	0.605334	-4.406803	30.437000
1.654713	0.605856	-4.412425	30.537000
1.667198	0.601177	-4.407489	30.637000
1.677977	0.602871	-4.380419	30.737000
1.689101	0.601005	-4.378244	30.837000
1.699225	0.599825	-4.381060	30.937000
1.710888	0.602486	-4.369858	31.037000
1.721673	0.607242	-4.368322	31.137000
1.733120	0.611187	-4.368398	31.237000
1.744288	0.608752	-4.368740	31.337000
1.755215	0.605696	-4.377642	31.437000
1.766253	0.600523	-4.378244	31.537000
1.777459	0.599923	-4.373584	31.637000
1.788722	0.606722	-4.345083	31.737000
1.800188	0.613798	-4.346303	31.837000
1.811583	0.616344	-4.358085	31.937000
1.822626	0.617152	-4.364257	32.037000
1.833578	0.617983	-4.368123	32.137000
1.844730	0.615485	-4.353873	32.237000
1.855859	0.614492	-4.347832	32.337000
1.867354	0.616657	-4.358275	32.438000
1.878278	0.614345	-4.376356	32.537000
1.888867	0.614275	-4.360401	32.637000
1.899861	0.617040	-4.359065	32.737000
1.911539	0.612658	-4.372083	32.837000
1.923554	0.613795	-4.396096	32.937000
1.933930	0.616505	-4.391671	33.037000
1.945847	0.619531	-4.389993	33.137000
1.956542	0.621435	-4.417320	33.237000
1.967688	0.623209	-4.430718	33.337000
1.979153	0.620598	-4.418283	33.437000
1.990468	0.619237	-4.405720	33.537000
2.001967	0.617328	-4.405712	33.637000
2.012890	0.613754	-4.401467	33.737000
2.023924	0.611188	-4.386913	33.837000
2.035301	0.611337	-4.380849	33.937000
2.046426	0.613247	-4.376614	34.037000
2.057358	0.615087	-4.375323	34.137000
2.068702	0.615638	-4.364040	34.237000
2.079785	0.611086	-4.382496	34.337000
2.091003	0.607796	-4.418503	34.437000
2.102174	0.609739	-4.414374	34.537000
2.113124	0.611565	-4.414424	34.637000
2.124341	0.609107	-4.405636	34.737000
2.135528	0.607667	-4.403117	34.837000
2.146773	0.609597	-4.403103	34.937000
2.157890	0.615761	-4.405203	35.037000
2.169568	0.619957	-4.403122	35.137000
2.180529	0.621535	-4.406928	35.237000
2.192081	0.621013	-4.419714	35.337000
2.203303	0.618938	-4.405726	35.437000
2.214281	0.619043	-4.400153	35.537000
2.225811	0.616593	-4.391659	35.637000
2.236942	0.616987	-4.376769	35.737000
2.248265	0.620437	-4.368311	35.837000
2.259781	0.619942	-4.359026	35.937000
2.271132	0.615532	-4.358111	36.037000
2.282108	0.615895	-4.355051	36.137000
2.293480	0.616065	-4.352798	36.237000
2.304934	0.620778	-4.375964	36.337000
2.316501	0.619164	-4.391222	36.437000
2.327704	0.617568	-4.384660	36.537000
2.338916	0.616607	-4.376924	36.637000
2.350137	0.620818	-4.389889	36.737000
2.361492	0.627968	-4.411635	36.837000
2.373071	0.628572	-4.432057	36.937000
2.384450	0.630060	-4.430682	37.037000
2.395678	0.632872	-4.434510	37.137000
2.406886	0.632924	-4.430743	37.237000
2.418311	0.637009	-4.433985	37.337000
2.429717	0.640618	-4.451311	37.437000
2.441315	0.639788	-4.460421	37.537000
2.453030	0.638106	-4.464773	37.637000
2.464112	0.636714	-4.464006	37.737000
2.475323	0.642467	-4.490277	37.837000
2.486651	0.648392	-4.553048	37.937000
2.498009	0.653548	-4.603268	38.037000
2.509304	0.658951	-4.660920	38.137000
2.520433	0.669861	-4.718687	38.237000
2.531854	0.680353	-4.774448	38.337000
2.542953	0.690705	-4.854925	38.437000
2.554294	0.706278	-4.949723	38.537000
2.566090	0.722121	-5.069662	38.637000
2.577423	0.742979	-5.218216	38.737000
2.588695	0.772016	-5.398422	38.837000
2.600022	0.819150	-5.664223	38.937000
2.611198	0.905347	-6.069614	39.037000
2.622596	1.063384	-6.580537	39.137000
2.633775	1.334477	-7.076718	39.237000
2.645311	1.747336	-7.438960	39.337000
2.656516	2.423077	-7.574540	39.437000
2.667636	3.069194	-7.611468	39.537000
2.679016	3.084189	-7.620923	39.637000
2.690435	2.623566	-7.479202	39.737000
2.702384	2.069013	-7.122707	39.837000
2.713687	1.603036	-6.655991	39.937000
2.725123	1.322957	-6.199815	40.037000
2.736578	1.209463	-5.861948	40.137000
2.747911	1.183026	-5.665873	40.237000
2.760085	1.198325	-5.561432	40.337000
2.771376	1.233955	-5.500028	40.437000
2.782446	1.280590	-5.449954	40.537000
2.793785	1.319984	-5.414555	40.637000
2.805108	1.357219	-5.384661	40.737000
2.816307	1.396729	-5.364686	40.837000
2.827850	1.431709	-5.344385	40.937000
2.839090	1.458258	-5.319579	41.037000
2.850491	1.483423	-5.286375	41.137000
2.861832	1.515172	-5.253078	41.237000
2.873054	1.543740	-5.222097	41.337000
2.884335	1.569048	-5.197527	41.437000
2.896168	1.592638	-5.177764	41.537000
2.907671	1.608082	-5.153280	41.637000
2.918944	1.621668	-5.121525	41.737000
2.930298	1.636783	-5.103120	41.837000
2.941602	1.649290	-5.097632	41.937000
2.952666	1.659351	-5.086569	42.037000
2.963832	1.666405	-5.067287	42.137000
2.975481	1.668497	-5.058983	42.237000
2.986777	1.669003	-5.056966	42.337000
2.997850	1.672082	-5.054084	42.438000
3.009307	1.678651	-5.043832	42.537000
3.020790	1.690798	-5.031788	42.637000
3.032363	1.696352	-5.009258	42.737000
3.043955	1.704886	-4.997285	42.837000
3.055256	1.709418	-5.000631	42.937000
3.066280	1.708648	-4.997614	43.037000
3.077713	1.708430	-4.986282	43.137000
3.089084	1.709826	-4.983672	43.237000
3.100368	1.710671	-4.979233	43.337000
3.111995	1.713070	-4.975348	43.437000
3.123108	1.716050	-4.965498	43.537000
3.134557	1.718579	-4.950823	43.637000
3.145756	1.719582	-4.946918	43.737000
3.156875	1.722212	-4.960550	43.837000
3.168202	1.719650	-4.971701	43.937000
3.179459	1.711951	-4.957207	44.037000
3.190395	1.703586	-4.932655	44.137000
3.202082	1.707206	-4.930735	44.237000
3.213507	1.711913	-4.933623	44.337000
3.225106	1.713732	-4.934348	44.437000
3.236711	1.710731	-4.935418	44.537000
3.248060	1.709399	-4.934084	44.637000
3.259142	1.707307	-4.933843	44.737000
3.270614	1.713813	-4.939082	44.837000
3.282150	1.722048	-4.951699	44.937000
3.293756	1.727032	-4.955750	45.037000
3.305081	1.725505	-4.954153	45.137000
3.316512	1.727073	-4.951498	45.237000
3.327620	1.727290	-4.941924	45.337000
3.339126	1.729471	-4.941272	45.437000
3.350848	1.732396	-4.950175	45.537000
3.362389	1.727935	-4.951525	45.637000
3.373898	1.723388	-4.935903	45.737000
3.385426	1.726615	-4.928473	45.837000
3.396576	1.722961	-4.928460	45.937000
3.408440	1.715987	-4.923678	46.037000
3.419815	1.719300	-4.918603	46.137000
3.431539	1.728205	-4.919648	46.237000
3.442297	1.731776	-4.927101	46.337000
3.453835	1.728276	-4.923309	46.437000
3.465124	1.722575	-4.916817	46.537000
3.477179	1.719739	-4.913587	46.637000
3.487656	1.724422	-4.911242	46.737000
3.499260	1.733366	-4.909725	46.837000
3.511342	1.736999	-4.906976	46.937000
3.522776	1.738396	-4.903776	47.037000
3.533560	1.740553	-4.903901	47.137000
3.545673	1.736541	-4.906773	47.237000
3.556558	1.736049	-4.908006	47.337000
3.567972	1.740396	-4.902240	47.437000
3.579325	1.744621	-4.907760	47.537000
3.590661	1.743764	-4.906028	47.637000
3.602308	1.736197	-4.898901	47.737000
3.613339	1.732191	-4.892676	47.837000
3.624610	1.730796	-4.896444	47.937000
3.635767	1.733069	-4.888151	48.037000
3.647529	1.738906	-4.889837	48.141000
3.659199	1.742118	-4.889956	48.237000
3.670681	1.742293	-4.897185	48.337000
3.681873	1.738739	-4.905741	48.437000
3.692965	1.734794	-4.906339	48.537000
3.703954	1.733352	-4.903967	48.637000
3.714997	1.735868	-4.893087	48.737000
3.727067	1.738898	-4.884925	48.837000
3.738627	1.741552	-4.882754	48.937000
3.749894	1.744124	-4.881390	49.037000
3.761630	1.749866	-4.885242	49.137000
3.773428	1.749167	-4.888699	49.237000
3.784040	1.740236	-4.891003	49.337000
3.796035	1.738764	-4.888123	49.437000
3.807506	1.736564	-4.884366	49.537000
3.818384	1.738166	-4.885720	49.637000
3.830014	1.741523	-4.884761	49.737000
3.841631	1.745006	-4.876005	49.837000
3.852312	1.745851	-4.881500	49.937000
3.864369	1.744795	-4.878284	50.037000
3.876094	1.749687	-4.871654	50.137000
3.886998	1.753022	-4.868951	50.237000
3.898550	1.748708	-4.865944	50.337000
3.910149	1.740297	-4.858317	50.437000
3.921484	1.742265	-4.848011	50.537000
3.933072	1.748800	-4.844861	50.637000
3.944685	1.749668	-4.841426	50.737000
3.956147	1.749116	-4.847919	50.837000
3.967413	1.749422	-4.855170	50.937000
3.978691	1.750119	-4.860325	51.037000
3.990082	1.751268	-4.862736	51.137000
4.001825	1.752960	-4.864149	51.237000
4.013178	1.753849	-4.853809	51.337000
4.024796	1.754258	-4.845518	51.437000
4.035753	1.750923	-4.846102	51.537000
4.046893	1.752684	-4.842250	51.637000
4.058457	1.752403	-4.833016	51.737000
4.070071	1.753756	-4.830793	51.837000
4.081472	1.753868	-4.831216	51.937000
4.093000	1.753005	-4.830302	52.037000
4.104230	1.751753	-4.829837	52.137000
4.115372	1.746282	-4.828948	52.237000
4.126980	1.748525	-4.829266	52.337000
4.137772	1.752582	-4.828871	52.437000
4.149400	1.755157	-4.827333	52.537000
4.160591	1.757002	-4.825328	52.637000
4.171825	1.759974	-4.825458	52.737000
4.183023	1.755977	-4.826148	52.837000
4.194633	1.750438	-4.820202	52.937000
4.205779	1.752439	-4.819027	53.037000
4.216956	1.754089	-4.824730	53.137000
4.228561	1.754478	-4.824355	53.237000
4.240169	1.751304	-4.817759	53.337000
4.251400	1.748551	-4.819645	53.437000
4.263290	1.745907	-4.816291	53.537000
4.274573	1.747947	-4.821065	53.637000
4.285997	1.755206	-4.827712	53.737000
4.296863	1.759338	-4.831275	53.837000
4.308025	1.766624	-4.829227	53.937000
4.319699	1.767849	-4.824599	54.037000
4.331350	1.762574	-4.822045	54.137000
4.342494	1.761385	-4.816779	54.237000
4.353868	1.756527	-4.813627	54.337000
4.365049	1.755873	-4.819157	54.437000
4.376423	1.756677	-4.822335	54.537000
4.388220	1.757490	-4.810450	54.637000
4.399846	1.761490	-4.803931	54.737000
4.411039	1.764903	-4.799812	54.837000
4.422179	1.763600	-4.795025	54.937000
4.433503	1.760747	-4.796827	55.037000
4.444828	1.756052	-4.801431	55.137000
4.456393	1.755033	-4.799338	55.237000
4.468025	1.753590	-4.796026	55.337000
4.479354	1.751608	-4.794395	55.437000
4.490755	1.753477	-4.797294	55.537000
4.502056	1.755419	-4.800043	55.637000
4.513364	1.758284	-4.807814	55.737000
4.524818	1.761438	-4.803819	55.837000
4.536253	1.761797	-4.802106	55.937000
4.547736	1.761500	-4.794166	56.037000
4.558850	1.761594	-4.785330	56.137000
4.570057	1.767119	-4.787882	56.237000
4.581477	1.769748	-4.785841	56.337000
4.593150	1.767562	-4.787872	56.437000
4.604806	1.763605	-4.793449	56.537000
4.616165	1.758918	-4.798979	56.637000
4.627121	1.754393	-4.798212	56.737000
4.638832	1.757384	-4.790852	56.837000
4.649509	1.760844	-4.780776	56.937000
4.660476	1.761915	-4.785584	57.037000
4.671807	1.766385	-4.791715	57.137000
4.682914	1.768602	-4.794866	57.237000
4.694033	1.766741	-4.794277	57.337000
4.705629	1.766010	-4.791144	57.437000
4.716515	1.765802	-4.784522	57.537000
4.727839	1.766088	-4.780244	57.637000
4.739524	1.768456	-4.773644	57.737000
4.750239	1.768153	-4.768873	57.837000
4.761381	1.763203	-4.772234	57.937000
4.772931	1.760077	-4.774668	58.037000
4.784806	1.762011	-4.777117	58.137000
4.796340	1.763941	-4.786316	58.237000
4.807656	1.760687	-4.786337	58.337000
4.818197	1.759673	-4.780225	58.437000
4.829390	1.762219	-4.770871	58.537000
4.840989	1.764590	-4.765877	58.637000
4.851980	1.765468	-4.765365	58.737000
4.863401	1.764458	-4.773055	58.837000
4.875146	1.760390	-4.772881	58.937000
4.886396	1.763129	-4.766491	59.037000
4.897547	1.767199	-4.762438	59.137000
4.908807	1.769876	-4.762885	59.237000
4.920047	1.770188	-4.765877	59.337000
4.931741	1.769003	-4.766046	59.437000
4.943030	1.768254	-4.761513	59.537000
4.953646	1.770286	-4.763872	59.637000
4.965550	1.767183	-4.772624	59.737000
4.976999	1.758690	-4.776901	59.837000
4.988158	1.758363	-4.774395	59.937000
4.999869	1.766241	-4.769295	60.037000
5.010681	1.769761	-4.766385	60.137000
5.022012	1.769338	-4.766979	60.237000
5.033436	1.768485	-4.761330	60.337000
5.044725	1.764285	-4.757102	60.437000
5.056059	1.760830	-4.765359	60.537000
5.067577	1.761565	-4.768427	60.637000
5.078841	1.766107	-4.762239	60.737000
5.089757	1.770159	-4.753315	60.837000
5.101629	1.768117	-4.747414	60.937000
5.113043	1.770488	-4.748343	61.037000
5.124365	1.772764	-4.751948	61.137000
5.135462	1.773410	-4.754406	61.237000
5.146616	1.771154	-4.752403	61.337000
5.158115	1.769665	-4.751090	61.437000
5.169288	1.769457	-4.754083	61.539000
5.179885	1.766533	-4.750080	61.637000
5.191457	1.767514	-4.743911	61.737000
5.202096	1.766696	-4.745007	61.837000
5.213674	1.770690	-4.748997	61.937000
5.225298	1.770248	-4.748030	62.037000
5.236039	1.765889	-4.733152	62.137000
5.247134	1.767747	-4.726058	62.237000
5.258877	1.771608	-4.729635	62.337000
5.270228	1.773920	-4.732079	62.437000
5.281325	1.778860	-4.729700	62.537000
5.292648	1.782844	-4.724231	62.637000
5.304578	1.783275	-4.726149	62.737000
5.315564	1.777905	-4.739349	62.837000
5.326578	1.772237	-4.746382	62.937000
5.337316	1.767255	-4.741994	63.037000
5.348825	1.766932	-4.731999	63.137000
5.360824	1.769347	-4.726213	63.237000
5.371970	1.773273	-4.724649	63.337000
5.383115	1.775625	-4.723996	63.437000
5.394409	1.777197	-4.722505	63.537000
5.405304	1.773025	-4.727124	63.637000
5.416646	1.771957	-4.722087	63.737000
5.428292	1.774233	-4.715419	63.837000
5.439392	1.773006	-4.721470	63.937000
5.450671	1.774585	-4.729407	64.037000
5.461951	1.776680	-4.730780	64.137000
5.473025	1.773659	-4.732599	64.237000
5.484549	1.775625	-4.730780	64.337000
5.495984	1.777497	-4.728237	64.437000
5.507068	1.776387	-4.732467	64.537000
5.518759	1.772412	-4.725823	64.637000
5.529499	1.772153	-4.720695	64.737000
5.540813	1.774264	-4.710899	64.837000
5.552205	1.781430	-4.705639	64.937000
5.563288	1.782028	-4.704830	65.037000
5.574588	1.779064	-4.704020	65.137000
5.585721	1.772925	-4.708777	65.237000
5.596598	1.767005	-4.706902	65.337000
5.608041	1.767856	-4.707474	65.437000
5.619638	1.770303	-4.710742	65.537000
5.630823	1.772915	-4.707537	65.637000
5.641948	1.778135	-4.705810	65.737000
5.653235	1.785824	-4.709145	65.837000
5.659314	1.786756	-4.711549	65.937000
5.658648	1.784296	-4.711061	66.037000
5.655954	1.778001	-4.717968	66.137000
5.652356	1.770206	-4.722423	66.237000
5.647411	1.766361	-4.714544	66.337000
5.642847	1.766034	-4.711466	66.437000
5.636788	1.769864	-4.708322	66.537000
5.631316	1.777021	-4.711425	66.637000
5.624165	1.775528	-4.715310	66.737000
5.617649	1.770094	-4.722351	66.837000
5.610748	1.770800	-4.717543	66.937000
5.603820	1.771388	-4.704438	67.037000
5.596510	1.770438	-4.700131	67.137000
5.589186	1.771883	-4.705372	67.237000
5.581456	1.772066	-4.705033	67.337000
5.573625	1.774258	-4.706335	67.437000
5.565382	1.776094	-4.713505	67.537000
5.557393	1.773340	-4.716388	67.637000
5.549856	1.772512	-4.711809	67.737000
5.541264	1.772185	-4.706629	67.837000
5.533294	1.771994	-4.700178	67.937000
5.524799	1.773735	-4.706148	68.037000
5.515998	1.771552	-4.707341	68.137000
5.507961	1.774632	-4.703469	68.237000
5.499204	1.775788	-4.702159	68.337000
5.490540	1.776891	-4.698756	68.437000
5.482031	1.780598	-4.700938	68.537000
5.472813	1.776559	-4.702917	68.638000
5.464025	1.773015	-4.707317	68.737000
5.455408	1.775720	-4.712262	68.837000
5.446456	1.777670	-4.719493	68.937000
5.437567	1.776092	-4.716785	69.037000
5.428364	1.774458	-4.716673	69.137000
5.419006	1.772701	-4.721728	69.237000
5.409796	1.768903	-4.723423	69.337000
5.400883	1.764370	-4.708088	69.437000
5.391840	1.761981	-4.702747	69.537000
5.382683	1.764707	-4.705148	69.637000
5.373590	1.767533	-4.708464	69.737000
5.364000	1.766259	-4.716844	69.837000
5.354931	1.768562	-4.727516	69.937000
5.345657	1.772229	-4.730624	70.037000
5.336340	1.770030	-4.736426	70.137000
5.327005	1.767622	-4.740992	70.237000
5.317748	1.767039	-4.735290	70.337000
5.308270	1.767291	-4.731598	70.437000
5.299045	1.768312	-4.731192	70.537000
5.289618	1.776696	-4.727537	70.637000
5.279831	1.784686	-4.727330	70.737000
5.270518	1.783920	-4.734271	70.837000
5.260706	1.775544	-4.739334	70.937000
5.250963	1.772238	-4.732564	71.037000
5.241564	1.773892	-4.736436	71.137000
5.232041	1.774809	-4.744597	71.237000
5.222099	1.773187	-4.746674	71.337000
5.212380	1.770138	-4.745753	71.438000
5.202593	1.767125	-4.744036	71.537000
5.192735	1.766093	-4.742343	71.637000
5.183040	1.763005	-4.738484	71.737000
5.173668	1.767159	-4.731608	71.837000
5.163973	1.772993	-4.730869	71.937000
5.153593	1.773832	-4.730546	72.037000
5.143982	1.775604	-4.730376	72.137000
5.133953	1.774408	-4.733196	72.237000
5.124241	1.775933	-4.738994	72.337000
5.114302	1.775635	-4.748433	72.437000
5.104611	1.772090	-4.752501	72.537000
5.094198	1.769182	-4.749837	72.637000
5.084036	1.768402	-4.747659	72.737000
5.074463	1.768448	-4.751721	72.837000
5.064557	1.769410	-4.757463	72.937000
5.054534	1.771133	-4.756353	73.037000
5.044633	1.771539	-4.749056	73.137000
5.034472	1.771537	-4.743247	73.237000
5.024754	1.771298	-4.757518	73.337000
5.014828	1.771073	-4.763957	73.437000
5.004770	1.771010	-4.758585	73.537000
4.994663	1.770358	-4.762797	73.637000
4.984631	1.766744	-4.769037	73.737000
4.974237	1.765386	-4.771986	73.837000
4.964475	1.765524	-4.773321	73.937000
4.954376	1.769880	-4.772775	74.037000
4.944134	1.774659	-4.764397	74.137000
4.933944	1.775836	-4.756813	74.237000
4.924004	1.771754	-4.759302	74.337000
4.913870	1.764642	-4.765947	74.438000
4.903648	1.761599	-4.764483	74.537000
4.893805	1.763821	-4.763694	74.637000
4.883438	1.760149	-4.758213	74.737000
4.873663	1.759610	-4.765737	74.837000
4.863727	1.759382	-4.763941	74.937000
4.853292	1.760646	-4.762491	75.037000
4.843233	1.764190	-4.768635	75.137000
4.833198	1.762135	-4.772651	75.237000
4.823055	1.760786	-4.758683	75.337000
4.812621	1.763042	-4.758296	75.437000
4.802194	1.760200	-4.767972	75.537000
4.791955	1.762769	-4.770667	75.637000
4.782090	1.762566	-4.775735	75.737000
4.771672	1.764420	-4.775474	75.837000
4.761440	1.764467	-4.777777	75.937000
4.751126	1.767104	-4.786852	76.037000
4.740472	1.768876	-4.787637	76.137000
4.730332	1.770924	-4.783696	76.237000
4.719890	1.774963	-4.788373	76.337000
4.709423	1.774754	-4.791642	76.437000
4.699149	1.772301	-4.787139	76.537000
4.688271	1.771446	-4.784355	76.637000
4.677727	1.766337	-4.779380	76.737000
4.667440	1.760309	-4.777872	76.837000
4.657184	1.760248	-4.788742	76.937000
4.646858	1.766391	-4.796951	77.037000
4.636702	1.770808	-4.797577	77.137000
4.625456	1.772175	-4.800877	77.237000
4.615100	1.766304	-4.802531	77.337000
4.604684	1.761255	-4.791955	77.437000
4.594392	1.759973	-4.784600	77.537000
4.583702	1.761591	-4.779357	77.637000
4.572870	1.763576	-4.783747	77.737000
4.562149	1.760877	-4.788559	77.837000
4.551696	1.761803	-4.794567	77.937000
4.541451	1.764556	-4.806238	78.037000
4.530756	1.766678	-4.809147	78.137000
4.520499	1.767727	-4.810323	78.237000
4.509231	1.770205	-4.802585	78.337000
4.498686	1.770024	-4.792291	78.437000
4.488133	1.773253	-4.789281	78.537000
4.477803	1.770812	-4.792913	78.637000
4.467226	1.768309	-4.798325	78.737000
4.456692	1.765832	-4.802996	78.837000
4.445768	1.761831	-4.804729	78.937000
4.435068	1.762937	-4.799785	79.037000
4.424691	1.766755	-4.796805	79.137000
4.414312	1.768624	-4.796747	79.237000
4.403836	1.768346	-4.804991	79.337000
4.393334	1.766013	-4.814859	79.437000
4.382802	1.762814	-4.821411	79.537000
4.372067	1.759459	-4.826745	79.637000
4.361529	1.754538	-4.824980	79.737000
4.351318	1.753242	-4.824382	79.837000
4.340290	1.753869	-4.820079	79.937000
4.329349	1.756359	-4.810467	80.037000
4.318524	1.754362	-4.812171	80.137000
4.307737	1.757238	-4.816987	80.237000
4.297337	1.759401	-4.818516	80.337000
4.286920	1.754120	-4.819675	80.437000
4.276132	1.752359	-4.818478	80.537000
4.265139	1.757890	-4.820831	80.637000
4.254394	1.755502	-4.824930	80.737000
4.243339	1.751903	-4.828137	80.837000
4.233161	1.751253	-4.833067	80.937000
4.222085	1.750946	-4.830974	81.037000
4.211422	1.748807	-4.836620	81.137000
4.200117	1.748851	-4.836741	81.237000
4.189628	1.749127	-4.830412	81.337000
4.178940	1.750654	-4.830739	81.437000
4.167846	1.751822	-4.827881	81.538000
4.157087	1.754220	-4.830322	81.637000
4.146237	1.751827	-4.831773	81.737000
4.135045	1.746300	-4.831354	81.837000
4.124118	1.746969	-4.828257	81.937000
4.113618	1.746718	-4.821554	82.037000
4.102588	1.747725	-4.817802	82.137000
4.091982	1.747592	-4.821134	82.237000
4.080846	1.746144	-4.825106	82.337000
4.069830	1.749587	-4.838442	82.437000
4.058823	1.754013	-4.845830	82.538000
4.048188	1.754755	-4.849501	82.637000
4.037355	1.754454	-4.855761	82.737000
4.026619	1.755631	-4.854523	82.837000
4.015075	1.756185	-4.861280	82.937000
4.004159	1.756436	-4.863654	83.037000
3.993502	1.754295	-4.857189	83.137000
3.982593	1.751646	-4.852509	83.237000
3.971505	1.752224	-4.849336	83.337000
3.960803	1.752265	-4.849768	83.437000
3.949876	1.749192	-4.861473	83.537000
3.939165	1.747360	-4.865806	83.637000
3.928208	1.748066	-4.864725	83.737000
3.917436	1.750128	-4.862137	83.837000
3.906438	1.752226	-4.855531	83.937000
3.895517	1.749798	-4.843935	84.037000
3.884608	1.747974	-4.838434	84.137000
3.873702	1.746821	-4.842018	84.237000
3.862916	1.746624	-4.856767	84.337000
3.852050	1.745546	-4.870910	84.437000
3.841066	1.742456	-4.872624	84.537000
3.829484	1.745102	-4.879365	84.637000
3.818580	1.742498	-4.883116	84.737000
3.807387	1.746242	-4.888943	84.837000
3.796278	1.742707	-4.893278	84.937000
3.785385	1.738946	-4.892060	85.037000
3.774334	1.740010	-4.886897	85.137000
3.763195	1.743570	-4.886079	85.237000
3.751674	1.739259	-4.896047	85.337000
3.740634	1.737225	-4.892512	85.437000
3.730084	1.738755	-4.891791	85.537000
3.718861	1.738398	-4.890889	85.637000
3.707846	1.741382	-4.882586	85.737000
3.696266	1.746279	-4.877410	85.837000
3.685177	1.750623	-4.873456	85.937000
3.674417	1.751111	-4.876071	86.037000
3.663262	1.751648	-4.884709	86.137000
3.652315	1.744818	-4.891518	86.237000
3.640899	1.736275	-4.897319	86.337000
3.629690	1.733237	-4.896725	86.437000
3.618529	1.734079	-4.894546	86.537000
3.607528	1.737118	-4.901500	86.637000
3.596553	1.735168	-4.907773	86.737000
3.585341	1.730298	-4.903897	86.837000
3.573954	1.734323	-4.902254	86.937000
3.562774	1.739870	-4.907222	87.037000
3.551596	1.743612	-4.910357	87.137000
3.540491	1.744694	-4.905125	87.237000
3.529384	1.742879	-4.902113	87.337000
3.518295	1.735657	-4.899327	87.437000
3.506636	1.733522	-4.907693	87.537000
3.495475	1.736118	-4.916145	87.637000
3.484273	1.738089	-4.917795	87.737000
3.473088	1.738913	-4.915349	87.837000
3.462022	1.738032	-4.911846	87.937000
3.451338	1.737918	-4.910025	88.037000
3.440088	1.737321	-4.897679	88.137000
3.429153	1.734002	-4.893098	88.237000
3.417907	1.731716	-4.902439	88.337000
3.406740	1.732928	-4.907193	88.437000
3.395686	1.732923	-4.921020	88.537000
3.384827	1.733931	-4.929276	88.637000
3.373700	1.733496	-4.928380	88.737000
3.362474	1.737078	-4.933400	88.837000
3.351380	1.739824	-4.935401	88.937000
3.340277	1.742516	-4.937250	89.037000
3.328903	1.739567	-4.943284	89.138000
3.317354	1.733543	-4.946521	89.237000
3.306000	1.731274	-4.938060	89.337000
3.294750	1.726850	-4.933567	89.437000
3.284105	1.723612	-4.929781	89.537000
3.272545	1.726252	-4.935136	89.637000
3.261593	1.728394	-4.936380	89.738000
3.250289	1.726615	-4.933958	89.837000
3.239244	1.722723	-4.930361	89.937000
3.228214	1.723695	-4.934567	90.038000
3.216981	1.719853	-4.945130	90.137000
3.205741	1.719085	-4.948233	90.237000
3.194498	1.722525	-4.952290	90.337000
3.182963	1.723374	-4.960336	90.438000
3.171650	1.724765	-4.958725	90.537000
3.160423	1.722429	-4.953149	90.637000
3.149179	1.718958	-4.950032	90.737000
3.137881	1.716039	-4.949149	90.837000
3.126529	1.713784	-4.949492	90.937000
3.115074	1.708844	-4.954103	91.037000
3.103559	1.708229	-4.957717	91.137000
3.092572	1.710077	-4.960461	91.237000
3.081136	1.710104	-4.961436	91.337000
3.069990	1.709695	-4.961743	91.437000
3.058358	1.711347	-4.970531	91.537000
3.047004	1.710220	-4.977593	91.637000
3.035580	1.705962	-4.979653	91.737000
3.024261	1.699215	-4.987896	91.837000
3.013158	1.695104	-4.990216	91.937000
3.001635	1.690077	-5.005684	92.037000
2.990074	1.684742	-5.025752	92.137000
2.978645	1.685396	-5.038341	92.237000
2.967518	1.681836	-5.044119	92.337000
2.955788	1.678458	-5.046852	92.437000
2.944437	1.672074	-5.058762	92.537000
2.933190	1.662618	-5.071550	92.637000
2.921714	1.657335	-5.081972	92.737000
2.910805	1.651557	-5.095166	92.837000
2.899272	1.641824	-5.113258	92.937000
2.888190	1.630726	-5.128855	93.037000
2.876825	1.612613	-5.148331	93.137000
2.864908	1.593210	-5.181712	93.237000
2.853284	1.574978	-5.210322	93.337000
2.842012	1.553549	-5.227947	93.437000
2.830674	1.529461	-5.246914	93.537000
2.819357	1.506721	-5.279589	93.637000
2.808143	1.473946	-5.310689	93.737000
2.796666	1.436275	-5.342109	93.837000
2.785439	1.400786	-5.366303	93.937000
2.774135	1.361451	-5.393624	94.037000
2.762650	1.321209	-5.417538	94.137000
2.751346	1.280117	-5.445289	94.237000
2.739567	1.229614	-5.466732	94.337000
2.728037	1.174719	-5.490837	94.437000
2.716639	1.124145	-5.502073	94.537000
2.704674	1.072992	-5.496532	94.637000
2.694316	1.021303	-5.487974	94.737000
2.682306	0.970999	-5.481709	94.837000
2.670658	0.928842	-5.463301	94.937000
2.659243	0.892363	-5.446210	95.037000
2.648183	0.860733	-5.444280	95.137000
2.635832	0.947200	-5.811548	95.237000
2.625077	1.294042	-6.227221	95.337000
2.613278	1.501924	-6.350908	95.437000
2.601364	1.477326	-6.340866	95.537000
2.590022	1.341246	-6.239365	95.637000
2.578331	1.180856	-6.080646	95.737000
2.567081	1.051814	-5.895607	95.837000
2.555714	0.949485	-5.721735	95.937000
2.544551	0.875784	-5.536197	96.037000
2.532482	0.822703	-5.366692	96.137000
2.520882	0.779031	-5.203136	96.237000
2.509624	0.745942	-5.065422	96.337000
2.498081	0.722970	-4.945190	96.437000
2.486774	0.703603	-4.863872	96.537000
2.474769	0.682492	-4.799100	96.637000
2.463758	0.671404	-4.709349	96.737000
2.452285	0.661026	-4.654106	96.837000
2.441097	0.644313	-4.603453	96.937000
2.429049	0.638153	-4.565285	97.037000
2.417555	0.638518	-4.538724	97.137000
2.406304	0.636868	-4.499099	97.237000
2.394848	0.627267	-4.466434	97.337000
2.383331	0.624476	-4.438023	97.437000
2.372097	0.627478	-4.429217	97.537000
2.360545	0.628246	-4.438145	97.637000
2.349092	0.624257	-4.447764	97.737000
2.337618	0.621082	-4.449162	97.837000
2.326171	0.621538	-4.442608	97.937000
2.315264	0.617557	-4.446521	98.037000
2.302831	0.611032	-4.424306	98.137000
2.291583	0.606293	-4.421165	98.237000
2.280330	0.604089	-4.424992	98.337000
2.268214	0.606145	-4.415438	98.437000
2.257467	0.610395	-4.404170	98.537000
2.245348	0.608835	-4.404308	98.637000
2.233723	0.606715	-4.388887	98.737000
2.222493	0.609582	-4.373824	98.837000
2.210529	0.614816	-4.370881	98.937000
2.198755	0.613763	-4.373020	99.037000
2.187129	0.611242	-4.381248	99.137000
2.175563	0.614183	-4.380154	99.237000
2.164276	0.617574	-4.381897	99.337000
2.152542	0.620590	-4.399939	99.437000
2.141174	0.618489	-4.421559	99.537000
2.130132	0.614235	-4.423199	99.637000
2.118175	0.610169	-4.398746	99.737000
2.106932	0.606695	-4.385298	99.837000
2.095649	0.606614	-4.378388	99.937000
2.083844	0.605182	-4.394714	100.037000
2.071919	0.604567	-4.410214	100.137000
2.060305	0.606980	-4.392861	100.237000
2.049061	0.608914	-4.380597	100.337000
2.037329	0.610889	-4.370572	100.437000
2.025750	0.617226	-4.366425	100.537000
2.014244	0.614875	-4.370829	100.637000
2.002151	0.608718	-4.369181	100.737000
1.990775	0.604381	-4.370885	100.837000
1.979001	0.602333	-4.398017	100.937000
1.967528	0.600864	-4.424375	101.037000
1.956119	0.597146	-4.424139	101.137000
1.944383	0.598815	-4.407540	101.237000
1.932715	0.601953	-4.383273	101.337000
1.921198	0.604797	-4.370350	101.437000
1.909542	0.607380	-4.375312	101.537000
1.897874	0.608504	-4.391277	101.637000
1.886447	0.606700	-4.410250	101.737000
1.874865	0.608149	-4.428134	101.837000
1.863143	0.610530	-4.420527	101.937000
1.851664	0.609687	-4.403079	102.037000
1.840194	0.606880	-4.389924	102.137000
1.828605	0.607173	-4.381751	102.237000
1.817060	0.607708	-4.395051	102.337000
1.805283	0.606687	-4.403081	102.437000
1.793927	0.609072	-4.402011	102.537000
1.782256	0.610476	-4.383006	102.637000
1.770727	0.609527	-4.373811	102.737000
1.759042	0.610494	-4.370684	102.837000
1.747267	0.611547	-4.387329	102.937000
1.735508	0.608088	-4.402301	103.037000
1.723830	0.607735	-4.396403	103.137000
1.712240	0.610876	-4.393165	103.237000
1.700804	0.612910	-4.393494	103.337000
1.688951	0.610941	-4.378139	103.437000
1.677352	0.613452	-4.357191	103.537000
1.665463	0.618632	-4.376700	103.637000
1.653786	0.615009	-4.388691	103.737000
1.642232	0.611666	-4.394073	103.837000
1.630648	0.611757	-4.404194	103.937000
1.619069	0.611242	-4.407548	104.037000
1.607048	0.611404	-4.429247	104.137000
1.595517	0.607607	-4.433466	104.237000
1.583708	0.606662	-4.387674	104.337000
1.572336	0.605765	-4.385566	104.437000
1.560712	0.602323	-4.404703	104.537000
1.548799	0.602318	-4.406914	104.637000
1.537177	0.606587	-4.379060	104.737000
1.525011	0.606242	-4.348073	104.837000
1.513416	0.609637	-4.351004	104.937000
1.501983	0.613416	-4.363347	105.037000
1.490269	0.612500	-4.385465	105.137000
1.478267	0.606458	-4.400872	105.237000
1.466656	0.602704	-4.381607	105.337000
1.454995	0.599411	-4.367099	105.437000
1.443444	0.597100	-4.378239	105.537000
1.431639	0.596564	-4.378235	105.642000
1.419742	0.599123	-4.371948	105.737000
1.408075	0.600673	-4.360800	105.837000
1.396094	0.603452	-4.363540	105.937000
1.384355	0.608141	-4.394478	106.037000
1.372901	0.606581	-4.386589	106.137000
1.361337	0.606412	-4.399107	106.237000
1.349575	0.603768	-4.402718	106.337000
1.338105	0.601333	-4.391221	106.437000
1.326506	0.604236	-4.391589	106.537000
1.314703	0.606568	-4.388122	106.637000
1.303236	0.606743	-4.379715	106.737000
1.291632	0.607057	-4.378793	106.837000
1.280234	0.610622	-4.375919	106.937000
1.268565	0.611077	-4.369193	107.038000
1.257195	0.607801	-4.356962	107.137000
1.245478	0.606494	-4.366210	107.237000
1.233957	0.606177	-4.391281	107.337000
1.222471	0.606441	-4.402697	107.437000
1.210346	0.604060	-4.408052	107.537000
1.198572	0.605264	-4.415736	107.637000
1.186553	0.607573	-4.413609	107.737000
1.175000	0.611355	-4.416645	107.837000
1.163640	0.611386	-4.433806	107.937000
1.152022	0.609113	-4.450641	108.037000
1.139930	0.610108	-4.443765	108.137000
1.128271	0.611437	-4.428315	108.237000
1.116740	0.611516	-4.424996	108.337000
1.105078	0.609776	-4.436962	108.437000
1.093619	0.604523	-4.422987	108.537000
1.081738	0.602032	-4.408522	108.637000
1.069736	0.603573	-4.404671	108.737000
1.057834	0.601410	-4.397735	108.837000
1.046235	0.599052	-4.372737	108.937000
1.034647	0.601337	-4.355522	109.037000
1.023092	0.605772	-4.374246	109.137000
1.011274	0.606791	-4.400072	109.238000
0.999412	0.609957	-4.402546	109.337000
0.987474	0.611825	-4.415546	109.437000
0.975663	0.607173	-4.442567	109.537000
0.964307	0.602680	-4.436210	109.637000
0.952380	0.604042	-4.424252	109.737000
0.940688	0.601906	-4.415744	109.837000
0.929025	0.601405	-4.409240	109.937000
0.917784	0.602228	-4.390526	110.037000
0.906303	0.603709	-4.391185	110.137000
0.894796	0.601488	-4.388065	110.237000
0.883039	0.601478	-4.419050	110.337000
0.870574	0.599631	-4.447914	110.439000
0.859026	0.605906	-4.429868	110.537000
0.847472	0.611426	-4.408719	110.637000
0.835905	0.608391	-4.403109	110.737000
0.824459	0.606566	-4.429727	110.837000
0.812332	0.607610	-4.450636	110.937000
0.800887	0.606635	-4.450640	111.037000
0.789121	0.604461	-4.447974	111.137000
0.777532	0.604390	-4.432234	111.237000
0.766113	0.606469	-4.423484	111.337000
0.754478	0.603886	-4.425651	111.437000
0.742964	0.600881	-4.404757	111.537000
0.731465	0.599258	-4.391772	111.637000
0.719790	0.602051	-4.383909	111.737000
0.708514	0.604077	-4.378637	111.837000
0.696877	0.600359	-4.357486	111.937000
0.685323	0.599743	-4.345170	112.037000
0.673173	0.602278	-4.344311	112.137000
0.661470	0.606674	-4.356941	112.237000
0.649843	0.608842	-4.374052	112.337000
0.638110	0.610068	-4.398954	112.437000
0.626896	0.610221	-4.428095	112.537000
0.614950	0.603946	-4.416134	112.637000
0.603154	0.599862	-4.393428	112.737000
0.591387	0.598301	-4.389234	112.838000
0.579915	0.602718	-4.407553	112.937000
0.568408	0.602390	-4.393463	113.037000
0.559147	0.603955	-4.378238	113.137000
0.553838	0.603431	-4.395419	113.237000
0.549353	0.601309	-4.403488	113.338000
0.546024	0.601374	-4.397488	113.437000
0.542919	0.605456	-4.378965	113.537000
0.540342	0.609139	-4.378886	113.637000
0.537835	0.612284	-4.381254	113.737000
0.535785	0.613821	-4.392653	113.837000
0.533626	0.611239	-4.384105	113.937000
0.531823	0.612591	-4.369177	114.037000
0.530174	0.612424	-4.372434	114.137000
0.528678	0.610402	-4.391537	114.237000
0.527129	0.607816	-4.416471	114.337000
0.525721	0.600561	-4.425983	114.437000
0.524502	0.599236	-4.419392	114.537000
0.523429	0.601370	-4.403162	114.637000
0.522105	0.601628	-4.403104	114.737000
0.521074	0.601461	-4.414741	114.837000
0.520230	0.601491	-4.419007	114.937000
0.519151	0.606944	-4.448342	115.037000
0.518271	0.608918	-4.458178	115.137000
0.517399	0.607344	-4.435058	115.237000
0.516549	0.605157	-4.392741	115.337000
0.515794	0.603016	-4.377531	115.437000
0.515031	0.602617	-4.384097	115.537000
0.514237	0.601857	-4.388510	115.637000
0.513477	0.600553	-4.388089	115.738000
0.512875	0.597343	-4.393662	115.837000
0.512263	0.598942	-4.393517	115.937000
0.511690	0.599660	-4.382962	116.037000
0.511185	0.601606	-4.375388	116.137000
0.510698	0.602814	-4.375074	116.237000
0.510186	0.599151	-4.386861	116.337000
0.509495	0.600457	-4.390816	116.437000
0.508989	0.605334	-4.383272	116.537000
0.508521	0.608459	-4.380306	116.637000
0.507926	0.606602	-4.384408	116.737000
0.507588	0.606437	-4.386968	116.837000
0.507153	0.606522	-4.378406	116.937000
0.507044	0.604669	-4.390098	117.037000
0.506552	0.599720	-4.408098	117.137000
0.505943	0.600794	-4.424186	117.237000
0.505739	0.606518	-4.423785	117.337000
0.505121	0.606610	-4.424132	117.437000
0.504902	0.606212	-4.414191	117.537000
0.504573	0.607395	-4.422117	117.637000
0.504320	0.607015	-4.428477	117.737000
0.503821	0.606461	-4.427826	117.837000
0.503567	0.608507	-4.407453	117.937000
0.503202	0.611473	-4.391588	118.037000
0.503062	0.611331	-4.382808	118.137000
0.502765	0.611638	-4.399242	118.237000
0.502503	0.608757	-4.411175	118.337000
0.502296	0.604677	-4.428153	118.437000
0.502024	0.606469	-4.442043	118.537000
0.501831	0.603288	-4.457418	118.637000
0.501409	0.599545	-4.438013	118.737000
0.501243	0.599852	-4.401341	118.837000
0.501065	0.605360	-4.395127	118.937000
0.500794	0.603119	-4.395042	119.037000
0.500572	0.598790	-4.382173	119.138000
0.500453	0.598887	-4.376546	119.237000
0.500283	0.596840	-4.365853	119.337000
0.500018	0.597880	-4.376203	119.437000
0.499696	0.598943	-4.376211	119.537000
0.499576	0.599389	-4.365068	119.637000
0.499488	0.603835	-4.381449	119.737000
0.499251	0.606297	-4.417297	119.837000
0.499058	0.604396	-4.412597	119.937000
0.498853	0.601053	-4.390421	120.037000
0.498789	0.597223	-4.364561	120.137000
0.498532	0.597082	-4.355227	120.237000
0.498237	0.599938	-4.375828	120.337000
0.498410	0.598525	-4.402618	120.437000
0.498166	0.596700	-4.425553	120.537000
0.498092	0.597142	-4.417834	120.637000
0.497906	0.600835	-4.394990	120.737000
0.497870	0.602646	-4.390815	120.837000
0.497730	0.599656	-4.392616	120.937000
0.497561	0.598692	-4.408572	121.037000
0.497290	0.602586	-4.410973	121.137000
0.497325	0.606514	-4.397666	121.237000
0.497136	0.605764	-4.391760	121.337000
0.497004	0.605041	-4.378321	121.437000
0.496794	0.607621	-4.379557	121.537000
0.496778	0.608512	-4.389543	121.637000
0.496595	0.603512	-4.397561	121.738000
0.496521	0.599147	-4.400901	121.837000
0.496352	0.596981	-4.394379	121.937000
0.496180	0.600094	-4.383278	122.037000
0.496090	0.605619	-4.407109	122.137000
0.496195	0.606749	-4.410514	122.237000
0.496142	0.608570	-4.392964	122.337000
0.495835	0.609224	-4.384670	122.437000
0.495792	0.606242	-4.399403	122.537000
0.495725	0.599455	-4.413485	122.637000
0.495685	0.595130	-4.405719	122.737000
0.495682	0.596442	-4.393963	122.837000
0.495479	0.600030	-4.388583	122.937000
0.495344	0.599045	-4.386383	123.037000
0.495198	0.597699	-4.395114	123.141000
0.495230	0.598788	-4.415226	123.237000
0.495162	0.602118	-4.423671	123.337000
0.494831	0.601277	-4.420161	123.437000
0.494808	0.600666	-4.415755	123.537000
0.494835	0.600907	-4.416062	123.637000
0.494683	0.599508	-4.417277	123.737000
0.494723	0.602232	-4.418870	123.837000
0.494672	0.606647	-4.428173	123.937000
0.494558	0.611261	-4.427774	124.037000
0.494435	0.607902	-4.429003	124.137000
