-0.112561	0.640065	-4.092517	31.568000
-0.112221	0.632708	-4.145727	31.668000
-0.112216	0.631392	-4.149486	31.768000
-0.112193	0.628427	-4.124116	31.868000
-0.112202	0.632735	-4.099730	31.968000
-0.112203	0.635758	-4.090580	32.068000
-0.112277	0.628803	-4.106742	32.168000
-0.112252	0.627483	-4.111920	32.268000
-0.112093	0.632360	-4.103282	32.368000
-0.112339	0.633750	-4.103481	32.468000
-0.112247	0.631278	-4.112185	32.568000
-0.112168	0.628520	-4.115604	32.668000
-0.112224	0.635702	-4.133913	32.768000
-0.112062	0.637100	-4.123803	32.868000
-0.112219	0.633340	-4.104552	32.968000
-0.112222	0.625295	-4.130749	33.068000
-0.112175	0.623320	-4.168518	33.171000
-0.112141	0.626020	-4.182640	33.269000
-0.112279	0.630419	-4.170468	33.368000
-0.112116	0.632251	-4.156387	33.468000
-0.112184	0.633085	-4.111762	33.568000
-0.112367	0.635009	-4.107599	33.668000
-0.112191	0.634619	-4.125313	33.768000
-0.110131	0.637004	-4.123463	33.868000
-0.104522	0.637751	-4.145160	33.969000
-0.097824	0.637452	-4.160341	34.068000
-0.091005	0.636368	-4.148224	34.168000
-0.083487	0.634870	-4.144240	34.268000
-0.075515	0.636594	-4.143195	34.368000
-0.067784	0.637173	-4.147945	34.468000
-0.059504	0.637587	-4.133842	34.569000
-0.051207	0.637942	-4.115645	34.668000
-0.042472	0.636323	-4.114875	34.769000
-0.033411	0.629584	-4.137261	34.868000
-0.024646	0.629544	-4.154930	34.968000
-0.016023	0.635596	-4.146002	35.068000
-0.006934	0.637746	-4.128782	35.168000
0.001961	0.635522	-4.116939	35.268000
0.011258	0.633401	-4.107216	35.368000
0.020432	0.634327	-4.089973	35.469000
0.029730	0.636454	-4.095611	35.568000
0.038748	0.636884	-4.115030	35.668000
0.048001	0.634810	-4.130114	35.768000
0.057450	0.632819	-4.129273	35.868000
0.067245	0.629426	-4.132014	35.968000
0.076789	0.631529	-4.129423	36.069000
0.086302	0.630719	-4.131126	36.168000
0.095805	0.629429	-4.150881	36.268000
0.105229	0.628026	-4.154279	36.368000
0.114786	0.628217	-4.128367	36.468000
0.124617	0.628692	-4.095584	36.568000
0.134336	0.626549	-4.085673	36.668000
0.144044	0.621847	-4.112352	36.768000
0.153618	0.620403	-4.127167	36.868000
0.163492	0.623952	-4.130096	36.968000
0.173148	0.627615	-4.114037	37.068000
0.183161	0.630463	-4.095494	37.169000
0.192920	0.634048	-4.095812	37.268000
0.202742	0.633583	-4.123075	37.368000
0.212613	0.633631	-4.142120	37.468000
0.222228	0.633381	-4.140088	37.568000
0.232400	0.633362	-4.135438	37.668000
0.242557	0.635988	-4.133436	37.768000
0.252435	0.639823	-4.142773	37.868000
0.262345	0.647462	-4.138589	37.968000
0.272182	0.650184	-4.126531	38.068000
0.281903	0.645567	-4.106276	38.168000
0.291973	0.643195	-4.092618	38.269000
0.302032	0.635807	-4.094955	38.369000
0.312034	0.629615	-4.084040	38.469000
0.321824	0.631306	-4.104951	38.568000
0.331778	0.637165	-4.118585	38.668000
0.342035	0.638419	-4.107905	38.769000
0.352059	0.637975	-4.108483	38.869000
0.362215	0.641834	-4.135260	38.969000
0.372218	0.644263	-4.142861	39.069000
0.382449	0.642357	-4.142969	39.168000
0.392382	0.640668	-4.156920	39.268000
0.402712	0.639593	-4.153138	39.368000
0.413302	0.639783	-4.143780	39.468000
0.423378	0.639424	-4.134437	39.568000
0.433585	0.641060	-4.124657	39.668000
0.443980	0.642689	-4.128914	39.768000
0.454167	0.647080	-4.143659	39.868000
0.464650	0.659910	-4.168889	39.969000
0.474892	0.694166	-4.268206	40.068000
0.485021	0.751572	-4.484841	40.168000
0.495326	0.885491	-4.892725	40.268000
0.505548	1.430199	-5.609204	40.368000
0.515974	2.726445	-6.204107	40.469000
0.526311	2.834026	-6.368008	40.568000
0.537180	2.136496	-6.279034	40.668000
0.547134	1.550128	-5.996723	40.768000
0.557724	1.217649	-5.648853	40.868000
0.568183	1.056446	-5.370298	40.968000
0.578755	0.983091	-5.200845	41.068000
0.589450	0.953625	-5.091630	41.168000
0.600019	0.948531	-4.999084	41.268000
0.610292	0.952838	-4.932688	41.368000
0.620827	0.954161	-4.900783	41.468000
0.631105	0.962520	-4.887454	41.568000
0.641803	0.983162	-4.866287	41.668000
0.652471	1.020862	-4.836778	41.768000
0.662967	1.071224	-4.821820	41.868000
0.673290	1.137022	-4.814612	41.969000
0.683898	1.220915	-4.806495	42.068000
0.694619	1.310406	-4.786285	42.168000
0.705476	1.412241	-4.760400	42.268000
0.716266	1.507294	-4.717861	42.369000
0.726993	1.583738	-4.659955	42.469000
0.737138	1.643602	-4.609808	42.568000
0.747920	1.689279	-4.551393	42.668000
0.758280	1.725118	-4.490484	42.768000
0.768696	1.746737	-4.450545	42.868000
0.779419	1.764701	-4.416768	42.969000
0.789878	1.781237	-4.388919	43.068000
0.800163	1.788766	-4.379363	43.168000
0.810924	1.790876	-4.375792	43.268000
0.821709	1.794352	-4.366756	43.369000
0.832152	1.795698	-4.361074	43.468000
0.842731	1.795855	-4.354924	43.568000
0.853216	1.793155	-4.342042	43.669000
0.863896	1.795814	-4.335624	43.768000
0.874604	1.799437	-4.328101	43.868000
0.885595	1.794083	-4.327634	43.968000
0.896621	1.793337	-4.327910	44.068000
0.907228	1.796682	-4.326836	44.168000
0.917764	1.800767	-4.332196	44.268000
0.928369	1.804592	-4.332184	44.368000
0.939024	1.802304	-4.327706	44.468000
0.950033	1.798504	-4.318860	44.569000
0.961040	1.798106	-4.310657	44.669000
0.971556	1.800032	-4.309478	44.768000
0.982379	1.808082	-4.320633	44.868000
0.993205	1.806891	-4.327252	44.968000
1.003843	1.801714	-4.318444	45.068000
1.015433	1.803686	-4.309838	45.168000
1.026083	1.810562	-4.314483	45.268000
1.036927	1.812909	-4.328508	45.368000
1.047721	1.812318	-4.333683	45.468000
1.058403	1.808220	-4.326927	45.568000
1.069372	1.806230	-4.321261	45.668000
1.080505	1.806145	-4.312836	45.768000
1.091495	1.809182	-4.310414	45.868000
1.102475	1.809815	-4.309538	45.968000
1.113145	1.809057	-4.305062	46.068000
1.124293	1.809735	-4.300428	46.168000
1.135413	1.806551	-4.295133	46.268000
1.146212	1.799937	-4.296225	46.368000
1.157042	1.797328	-4.307175	46.468000
1.168412	1.793176	-4.310133	46.568000
1.179081	1.795184	-4.308561	46.668000
1.189965	1.795301	-4.316003	46.768000
1.201003	1.792881	-4.317281	46.868000
1.212343	1.797624	-4.316009	46.968000
1.222740	1.798137	-4.323451	47.068000
1.233646	1.800821	-4.328835	47.168000
1.244591	1.798883	-4.316543	47.268000
1.255567	1.799135	-4.303376	47.369000
1.266426	1.805593	-4.297155	47.468000
1.277522	1.807469	-4.307898	47.568000
1.288061	1.799085	-4.318267	47.668000
1.298950	1.792292	-4.321166	47.768000
1.310268	1.795588	-4.319738	47.869000
1.321123	1.800572	-4.322044	47.969000
1.332089	1.802457	-4.318578	48.068000
1.343300	1.802815	-4.317788	48.168000
1.353288	1.807728	-4.316316	48.268000
1.364449	1.805604	-4.315425	48.368000
1.376345	1.798392	-4.313679	48.468000
1.387047	1.799008	-4.316963	48.569000
1.398057	1.800214	-4.327978	48.668000
1.409134	1.801771	-4.330396	48.768000
1.420339	1.801517	-4.326354	48.868000
1.431141	1.801796	-4.323646	48.968000
1.441998	1.802704	-4.321612	49.068000
1.453452	1.797635	-4.318074	49.168000
1.464617	1.796993	-4.322092	49.268000
1.475687	1.799165	-4.328540	49.368000
1.486584	1.798110	-4.318758	49.468000
1.497659	1.801180	-4.318006	49.568000
1.508885	1.799781	-4.323368	49.668000
1.520449	1.802655	-4.322595	49.769000
1.531616	1.804081	-4.323002	49.869000
1.542714	1.809216	-4.329518	49.969000
1.553892	1.808901	-4.331299	50.068000
1.565142	1.808755	-4.326376	50.168000
1.575947	1.805559	-4.314878	50.268000
1.586885	1.803236	-4.312000	50.369000
1.598053	1.803981	-4.313338	50.468000
1.608935	1.805634	-4.310510	50.568000
1.620062	1.802539	-4.308438	50.668000
1.631032	1.803644	-4.306341	50.768000
1.642877	1.803122	-4.311571	50.868000
1.653619	1.806406	-4.315459	50.969000
1.665470	1.806370	-4.311109	51.068000
1.676508	1.810672	-4.301386	51.168000
1.687928	1.816908	-4.307392	51.268000
1.698774	1.815240	-4.309124	51.369000
1.710592	1.812224	-4.312015	51.468000
1.721751	1.809403	-4.319660	51.569000
1.732819	1.807452	-4.318452	51.668000
1.743715	1.806197	-4.314977	51.768000
1.754826	1.805328	-4.314038	51.868000
1.765960	1.805310	-4.314062	51.968000
1.777438	1.803190	-4.309662	52.068000
1.788605	1.805623	-4.308855	52.168000
1.799849	1.810544	-4.312265	52.269000
1.810795	1.806365	-4.316321	52.368000
1.821923	1.798635	-4.318559	52.468000
1.833205	1.795748	-4.322105	52.568000
1.843921	1.799392	-4.329020	52.668000
1.855426	1.800044	-4.330556	52.768000
1.866644	1.800223	-4.327665	52.868000
1.877685	1.798205	-4.320744	52.968000
1.889056	1.793976	-4.313820	53.069000
1.900539	1.797898	-4.309603	53.169000
1.911834	1.801719	-4.307162	53.268000
1.922983	1.802508	-4.306154	53.368000
1.934053	1.802098	-4.309531	53.469000
1.945351	1.802512	-4.311996	53.568000
1.956514	1.800613	-4.310585	53.669000
1.968044	1.802816	-4.312351	53.768000
1.979639	1.802572	-4.314758	53.869000
1.990707	1.801291	-4.317199	53.968000
2.001650	1.798222	-4.322842	54.068000
2.013131	1.796672	-4.321203	54.168000
2.024800	1.796778	-4.315218	54.268000
2.036401	1.798899	-4.312959	54.368000
2.047748	1.802535	-4.314648	54.468000
2.058704	1.804569	-4.313939	54.568000
2.070040	1.803482	-4.315519	54.668000
2.081479	1.804479	-4.311166	54.768000
2.093258	1.804182	-4.307188	54.868000
2.104540	1.802319	-4.307826	54.968000
2.115679	1.802112	-4.301197	55.068000
2.126986	1.804348	-4.294748	55.168000
2.138351	1.803225	-4.295630	55.268000
2.149495	1.803561	-4.305241	55.369000
2.160989	1.801344	-4.307883	55.468000
2.172318	1.805220	-4.301236	55.568000
2.183558	1.805080	-4.298277	55.668000
2.194982	1.774845	-4.296195	55.768000
2.206259	1.739789	-4.292061	55.868000
2.217566	1.750598	-4.293092	55.968000
2.229046	1.769140	-4.298619	56.068000
2.240338	1.786432	-4.308687	56.168000
2.251715	1.796151	-4.321019	56.268000
2.262874	1.803392	-4.323068	56.368000
2.274534	1.807601	-4.317942	56.468000
2.285986	1.804684	-4.315594	56.568000
2.297466	1.797690	-4.312356	56.668000
2.308714	1.790796	-4.302304	56.768000
2.320070	1.791107	-4.290830	56.868000
2.331462	1.793942	-4.287195	56.969000
2.342866	1.802158	-4.290136	57.069000
2.354132	1.807273	-4.307120	57.169000
2.365609	1.809227	-4.316483	57.269000
2.376749	1.804663	-4.313163	57.368000
2.388277	1.802694	-4.307959	57.468000
2.399430	1.800993	-4.306677	57.568000
2.411159	1.799739	-4.310806	57.668000
2.422837	1.796312	-4.317321	57.768000
2.434286	1.800540	-4.322068	57.868000
2.445423	1.804399	-4.320797	57.968000
2.456617	1.802389	-4.322760	58.068000
2.468077	1.797050	-4.314791	58.168000
2.479901	1.798352	-4.301115	58.268000
2.491449	1.798556	-4.298448	58.369000
2.502761	1.800943	-4.298441	58.468000
2.514146	1.802314	-4.300999	58.568000
2.525494	1.800117	-4.303407	58.669000
2.537023	1.802883	-4.296207	58.768000
2.548394	1.804606	-4.289837	58.868000
2.559676	1.802752	-4.286561	58.968000
2.571330	1.802506	-4.289880	59.068000
2.582381	1.804358	-4.291304	59.168000
2.593786	1.805875	-4.294932	59.268000
2.604927	1.804719	-4.299678	59.368000
2.616953	1.802369	-4.299352	59.469000
2.628411	1.800627	-4.297399	59.568000
2.639451	1.800796	-4.287888	59.668000
2.650909	1.800824	-4.287197	59.768000
2.662536	1.798696	-4.287720	59.868000
2.673693	1.798455	-4.279115	59.969000
2.684880	1.799821	-4.269990	60.069000
2.696114	1.799312	-4.272666	60.168000
2.707522	1.798653	-4.287371	60.268000
2.718875	1.805002	-4.306915	60.368000
2.730223	1.812791	-4.314224	60.468000
2.741846	1.808599	-4.308568	60.568000
2.753792	1.801192	-4.297831	60.668000
2.765193	1.798947	-4.301273	60.768000
2.776463	1.801169	-4.301234	60.868000
2.787773	1.801883	-4.297618	60.968000
2.799027	1.796542	-4.303931	61.068000
2.809911	1.790675	-4.303492	61.169000
2.821527	1.790886	-4.301157	61.268000
2.832737	1.791908	-4.299516	61.368000
2.844147	1.794018	-4.304611	61.468000
2.855394	1.798359	-4.310337	61.568000
2.866926	1.801411	-4.308806	61.669000
2.878031	1.797531	-4.296856	61.768000
2.889454	1.796119	-4.285762	61.869000
2.900722	1.797329	-4.267157	61.969000
2.911980	1.795303	-4.275200	62.068000
2.923187	1.789620	-4.288219	62.168000
2.935109	1.785759	-4.302222	62.268000
2.946734	1.792305	-4.301340	62.368000
2.957765	1.796701	-4.307315	62.468000
2.969549	1.798044	-4.305485	62.568000
2.980582	1.800199	-4.299590	62.668000
2.991858	1.802109	-4.294929	62.768000
3.003799	1.802778	-4.297790	62.868000
3.015120	1.802950	-4.297505	62.968000
3.026938	1.800522	-4.305539	63.068000
3.038003	1.798550	-4.310425	63.168000
3.049121	1.796139	-4.312975	63.268000
3.061173	1.796612	-4.312004	63.368000
3.072792	1.793160	-4.312436	63.468000
3.084132	1.786554	-4.315182	63.568000
3.095742	1.785366	-4.300267	63.669000
3.107278	1.791754	-4.285361	63.768000
3.118281	1.793043	-4.276109	63.868000
3.130259	1.794982	-4.283963	63.968000
3.141779	1.795970	-4.296619	64.069000
3.153445	1.799476	-4.306503	64.168000
3.164864	1.802326	-4.301901	64.268000
3.175912	1.803005	-4.296722	64.368000
3.187332	1.801933	-4.303435	64.468000
3.198897	1.796435	-4.306231	64.568000
3.210743	1.793000	-4.303098	64.669000
3.222112	1.791220	-4.305031	64.768000
3.233409	1.795687	-4.307569	64.868000
3.244457	1.797139	-4.310689	64.968000
3.255712	1.796136	-4.301680	65.068000
3.268107	1.795371	-4.304527	65.168000
3.279068	1.796203	-4.311197	65.268000
3.290716	1.794829	-4.315402	65.368000
3.302120	1.794915	-4.309614	65.468000
3.313395	1.794162	-4.311329	65.568000
3.325046	1.789883	-4.309220	65.668000
3.336207	1.789779	-4.302956	65.768000
3.347791	1.790900	-4.296381	65.868000
3.359544	1.790259	-4.295062	65.968000
3.370326	1.789776	-4.297775	66.068000
3.381586	1.789327	-4.302318	66.168000
3.393241	1.791556	-4.307040	66.268000
3.404381	1.793099	-4.307399	66.368000
3.415951	1.791199	-4.308947	66.468000
3.427578	1.789859	-4.307791	66.569000
3.438862	1.789551	-4.305450	66.668000
3.450100	1.792179	-4.304664	66.768000
3.461429	1.790579	-4.306615	66.868000
3.472987	1.789000	-4.317287	66.968000
3.484614	1.787115	-4.324148	67.068000
3.496328	1.789668	-4.321716	67.168000
3.507373	1.793369	-4.314319	67.268000
3.518538	1.791848	-4.302884	67.368000
3.530388	1.793814	-4.306526	67.468000
3.542010	1.788842	-4.312664	67.568000
3.553420	1.788425	-4.307296	67.668000
3.564556	1.788110	-4.301634	67.768000
3.576348	1.785705	-4.299939	67.868000
3.587365	1.790758	-4.304468	67.969000
3.599460	1.789434	-4.309038	68.068000
3.610664	1.787000	-4.315003	68.169000
3.622289	1.788063	-4.311701	68.269000
3.633150	1.790862	-4.305195	68.368000
3.644724	1.788702	-4.298888	68.468000
3.656443	1.785848	-4.294644	68.569000
3.668307	1.790551	-4.295333	68.668000
3.679580	1.795707	-4.294202	68.768000
3.690974	1.796785	-4.298599	68.868000
3.702380	1.794356	-4.296440	68.968000
3.713907	1.792091	-4.292004	69.068000
3.725321	1.788998	-4.297112	69.168000
3.736634	1.785512	-4.304894	69.268000
3.748173	1.785753	-4.307322	69.368000
3.759557	1.789777	-4.298941	69.468000
3.770723	1.794108	-4.290253	69.568000
3.782461	1.795760	-4.291081	69.668000
3.794330	1.793869	-4.291655	69.769000
3.805669	1.789803	-4.290731	69.869000
3.817134	1.787997	-4.302382	69.968000
3.828425	1.794552	-4.310986	70.068000
3.839137	1.791954	-4.311041	70.168000
3.850880	1.783177	-4.308921	70.268000
3.862276	1.781850	-4.311651	70.368000
3.873359	1.786845	-4.313654	70.468000
3.884954	1.790947	-4.314969	70.568000
3.896151	1.790823	-4.315212	70.668000
3.907665	1.788764	-4.313362	70.768000
3.918737	1.784414	-4.308804	70.868000
3.930649	1.784132	-4.306948	70.969000
3.941343	1.784211	-4.307906	71.068000
3.953506	1.787655	-4.307032	71.168000
3.963711	1.788329	-4.305712	71.268000
3.975636	1.788100	-4.305906	71.368000
3.987163	1.790013	-4.301123	71.469000
3.998866	1.793870	-4.307838	71.568000
4.010090	1.792700	-4.317051	71.668000
4.021293	1.789482	-4.319390	71.768000
4.032431	1.788578	-4.310748	71.868000
4.044451	1.787308	-4.297900	71.968000
4.055954	1.792339	-4.287998	72.068000
4.067307	1.795216	-4.290077	72.168000
4.078832	1.794673	-4.293687	72.268000
4.089920	1.790733	-4.296794	72.368000
4.101337	1.786113	-4.296237	72.468000
4.112970	1.784328	-4.303068	72.568000
4.124620	1.785281	-4.302667	72.668000
4.135845	1.790315	-4.296342	72.768000
4.147488	1.790577	-4.306291	72.868000
4.158422	1.786540	-4.310446	72.968000
4.169910	1.791781	-4.300911	73.069000
4.181804	1.794971	-4.290047	73.169000
4.192924	1.794739	-4.288994	73.268000
4.204190	1.791320	-4.301588	73.368000
4.215800	1.791123	-4.307216	73.469000
4.227197	1.788058	-4.312628	73.568000
4.238408	1.778685	-4.306783	73.668000
4.250101	1.779636	-4.306391	73.768000
4.261533	1.787812	-4.309212	73.869000
4.272965	1.793134	-4.312753	73.968000
4.284284	1.791281	-4.311739	74.068000
4.295628	1.789607	-4.309275	74.168000
4.307030	1.790355	-4.309486	74.268000
4.318373	1.783209	-4.314205	74.368000
4.329830	1.783452	-4.315149	74.468000
4.341229	1.784792	-4.306114	74.568000
4.352490	1.783645	-4.295261	74.668000
4.363866	1.779712	-4.296811	74.768000
4.375175	1.782327	-4.299818	74.868000
4.386228	1.788436	-4.305568	74.968000
4.397354	1.794157	-4.315566	75.068000
4.408644	1.794813	-4.327010	75.169000
4.419843	1.791833	-4.330200	75.268000
4.431000	1.786832	-4.321546	75.368000
4.442503	1.783925	-4.301785	75.468000
4.453736	1.784191	-4.301372	75.568000
4.465022	1.789674	-4.308885	75.668000
4.476268	1.791739	-4.317649	75.768000
4.487548	1.790381	-4.312871	75.868000
4.499146	1.790085	-4.304401	75.969000
4.510734	1.788593	-4.304417	76.069000
4.522026	1.782564	-4.308343	76.168000
4.533266	1.777150	-4.304830	76.268000
4.544550	1.777799	-4.288715	76.369000
4.556019	1.784207	-4.284487	76.468000
4.567398	1.786450	-4.296317	76.568000
4.578383	1.789073	-4.308140	76.668000
4.589876	1.790685	-4.314694	76.768000
4.601122	1.791727	-4.313966	76.868000
4.612392	1.790307	-4.316330	76.968000
4.623652	1.785946	-4.324413	77.068000
4.635360	1.785041	-4.317945	77.168000
4.646644	1.783995	-4.310968	77.268000
4.657956	1.776827	-4.305180	77.368000
4.669453	1.780636	-4.298150	77.469000
4.680701	1.785797	-4.298824	77.568000
4.691926	1.786250	-4.304214	77.668000
4.703704	1.781931	-4.312025	77.768000
4.715039	1.783331	-4.310011	77.868000
4.726350	1.784980	-4.302923	77.968000
4.737473	1.781962	-4.306288	78.068000
4.748619	1.781646	-4.309440	78.168000
4.760326	1.784706	-4.306779	78.268000
4.771573	1.784878	-4.307375	78.368000
4.782850	1.783634	-4.307164	78.468000
4.794225	1.786368	-4.300972	78.568000
4.805314	1.789659	-4.295762	78.668000
4.816765	1.787189	-4.295521	78.768000
4.828757	1.787895	-4.288969	78.869000
4.839870	1.790695	-4.287699	78.968000
4.851091	1.786200	-4.283295	79.068000
4.862568	1.783541	-4.283211	79.169000
4.873623	1.782015	-4.297381	79.268000
4.884850	1.783684	-4.313635	79.368000
4.896314	1.787055	-4.320107	79.468000
4.907117	1.789204	-4.321195	79.568000
4.918642	1.785683	-4.327509	79.669000
4.929749	1.781447	-4.320552	79.768000
4.940941	1.780030	-4.309415	79.869000
4.952236	1.783430	-4.295134	79.968000
4.963366	1.783790	-4.280341	80.068000
4.974421	1.781636	-4.271483	80.168000
4.985893	1.777079	-4.279924	80.268000
4.996943	1.774815	-4.286713	80.368000
5.008083	1.779010	-4.289494	80.468000
5.019616	1.782739	-4.294754	80.568000
5.031297	1.783130	-4.296267	80.668000
5.042668	1.783391	-4.295866	80.768000
5.054273	1.780876	-4.297552	80.868000
5.064752	1.780215	-4.295735	80.968000
5.076004	1.782051	-4.301357	81.068000
5.088176	1.785565	-4.307951	81.168000
5.099047	1.784071	-4.307402	81.268000
5.110402	1.782028	-4.302923	81.368000
5.121726	1.785233	-4.298774	81.468000
5.132659	1.785977	-4.300161	81.569000
5.144397	1.786599	-4.296227	81.668000
5.155589	1.787337	-4.295967	81.768000
5.166782	1.789599	-4.292074	81.868000
5.178596	1.791208	-4.290865	81.968000
5.189436	1.792215	-4.292018	82.068000
5.200631	1.786829	-4.294039	82.168000
5.211715	1.782398	-4.297807	82.269000
5.223216	1.782338	-4.294286	82.368000
5.234393	1.783446	-4.288529	82.468000
5.245747	1.786436	-4.291731	82.569000
5.256873	1.785332	-4.295180	82.668000
5.267967	1.792156	-4.299556	82.768000
5.279515	1.795871	-4.311626	82.868000
5.290666	1.791110	-4.313502	82.968000
5.301663	1.789978	-4.310629	83.068000
5.313186	1.786549	-4.306750	83.168000
5.324210	1.787001	-4.299928	83.268000
5.335314	1.784637	-4.305646	83.368000
5.347110	1.780438	-4.304515	83.468000
5.358217	1.780941	-4.299859	83.568000
5.369402	1.783303	-4.294342	83.669000
5.380473	1.788768	-4.292877	83.768000
5.387050	1.789326	-4.302270	83.868000
5.386553	1.788263	-4.312809	83.969000
5.384011	1.781992	-4.308763	84.068000
5.380308	1.781581	-4.301595	84.168000
5.375365	1.778863	-4.305869	84.268000
5.370185	1.778464	-4.307359	84.368000
5.364785	1.774276	-4.308592	84.468000
5.358858	1.773690	-4.310415	84.568000
5.352520	1.770755	-4.312130	84.668000
5.345954	1.769524	-4.310523	84.768000
5.338906	1.773551	-4.307236	84.868000
5.331905	1.773955	-4.304752	84.968000
5.324713	1.781159	-4.302417	85.068000
5.317291	1.788832	-4.295805	85.169000
5.309816	1.785866	-4.295183	85.268000
5.302018	1.782621	-4.294877	85.368000
5.293959	1.783405	-4.294999	85.468000
5.285495	1.783078	-4.286852	85.568000
5.277696	1.782439	-4.274993	85.668000
5.269312	1.784792	-4.277608	85.769000
5.261485	1.784785	-4.290051	85.868000
5.253078	1.782858	-4.297488	85.968000
5.244377	1.779565	-4.305800	86.068000
5.235595	1.781966	-4.305904	86.168000
5.227048	1.785395	-4.306053	86.269000
5.218278	1.784868	-4.298450	86.368000
5.209847	1.786857	-4.295989	86.468000
5.201103	1.789396	-4.291186	86.568000
5.191997	1.789975	-4.303090	86.669000
5.183259	1.785989	-4.314912	86.768000
5.174563	1.777932	-4.310194	86.869000
5.165041	1.773426	-4.300019	86.968000
5.156153	1.779371	-4.294020	87.068000
5.146985	1.782062	-4.293378	87.168000
5.137442	1.782098	-4.288818	87.268000
5.128700	1.783036	-4.295237	87.369000
5.119371	1.783049	-4.305134	87.468000
5.110053	1.780646	-4.303588	87.568000
5.100865	1.780354	-4.305863	87.668000
5.091749	1.783066	-4.311061	87.768000
5.082126	1.779229	-4.315019	87.868000
5.073118	1.775096	-4.314324	87.969000
5.063542	1.776578	-4.311580	88.068000
5.054327	1.780118	-4.306595	88.168000
5.045089	1.786775	-4.305775	88.268000
5.035532	1.792169	-4.302057	88.368000
5.026029	1.789251	-4.305100	88.468000
5.016611	1.782341	-4.299855	88.569000
5.007035	1.782269	-4.296625	88.668000
4.997410	1.782040	-4.298246	88.768000
4.987459	1.784321	-4.300850	88.868000
4.977824	1.788874	-4.311831	88.969000
4.968376	1.790402	-4.315075	89.068000
4.959022	1.790828	-4.317333	89.169000
4.949098	1.791457	-4.316260	89.269000
4.939471	1.789902	-4.314746	89.368000
4.929476	1.789362	-4.301625	89.469000
4.919788	1.788746	-4.289566	89.568000
4.910322	1.784327	-4.285795	89.669000
4.900465	1.788567	-4.282847	89.768000
4.890440	1.794668	-4.292639	89.868000
4.880547	1.792641	-4.313117	89.968000
4.870203	1.788265	-4.328160	90.068000
4.860561	1.785731	-4.323114	90.168000
4.850670	1.784575	-4.313801	90.268000
4.840687	1.786794	-4.311817	90.369000
4.831061	1.789478	-4.309602	90.468000
4.820755	1.789303	-4.308892	90.568000
4.810750	1.789020	-4.305655	90.668000
4.801078	1.785136	-4.304046	90.769000
4.791232	1.785414	-4.303557	90.868000
4.781083	1.787393	-4.309519	90.969000
4.771294	1.790260	-4.317653	91.068000
4.761297	1.789812	-4.318043	91.168000
4.751169	1.787516	-4.321732	91.268000
4.741579	1.792951	-4.314666	91.368000
4.731294	1.798145	-4.298116	91.468000
4.721333	1.797899	-4.284296	91.568000
4.711175	1.795517	-4.286161	91.669000
4.700572	1.793009	-4.293049	91.768000
4.690702	1.788522	-4.299495	91.868000
4.680568	1.787214	-4.295272	91.968000
4.670370	1.783203	-4.295716	92.068000
4.660328	1.775631	-4.293010	92.168000
4.650302	1.780958	-4.292312	92.268000
4.639946	1.785235	-4.293871	92.368000
4.629790	1.783328	-4.297012	92.468000
4.619883	1.783407	-4.300956	92.568000
4.609617	1.782556	-4.300336	92.669000
4.599422	1.784246	-4.296750	92.768000
4.589650	1.785807	-4.298986	92.868000
4.579201	1.784823	-4.297905	92.968000
4.569195	1.784978	-4.303330	93.068000
4.559050	1.784824	-4.305883	93.168000
4.548886	1.780664	-4.305440	93.268000
4.538571	1.781724	-4.296817	93.368000
4.527848	1.782362	-4.298025	93.468000
4.517748	1.785744	-4.306187	93.568000
4.507423	1.788498	-4.310620	93.668000
4.497051	1.789161	-4.308082	93.768000
4.486733	1.790457	-4.307670	93.868000
4.476192	1.788948	-4.311235	93.969000
4.465574	1.786975	-4.313361	94.068000
4.455308	1.787507	-4.307314	94.168000
4.444982	1.792547	-4.312939	94.268000
4.434469	1.794852	-4.315553	94.368000
4.424318	1.795811	-4.318283	94.468000
4.413683	1.798722	-4.315053	94.568000
4.402767	1.800994	-4.308454	94.668000
4.392559	1.803382	-4.310365	94.769000
4.382415	1.796142	-4.308308	94.868000
4.371668	1.786867	-4.305107	94.968000
4.361224	1.787194	-4.301983	95.068000
4.350150	1.795367	-4.292544	95.169000
4.339637	1.796683	-4.285750	95.268000
4.329173	1.792641	-4.286381	95.368000
4.318787	1.792478	-4.289367	95.469000
4.308392	1.791164	-4.294510	95.569000
4.297666	1.788393	-4.303185	95.669000
4.286714	1.785062	-4.305719	95.768000
4.276284	1.785518	-4.301085	95.868000
4.266367	1.784791	-4.302541	95.968000
4.255249	1.779155	-4.307443	96.068000
4.244696	1.774209	-4.309270	96.168000
4.234260	1.772117	-4.315092	96.268000
4.223087	1.774595	-4.316313	96.368000
4.212768	1.779891	-4.309110	96.468000
4.202016	1.782409	-4.303772	96.568000
4.191547	1.783749	-4.301140	96.668000
4.181032	1.784873	-4.301157	96.768000
4.170518	1.789847	-4.289341	96.868000
4.159805	1.786429	-4.288126	96.969000
4.149248	1.785482	-4.294058	97.068000
4.138700	1.785116	-4.307826	97.168000
4.128014	1.788403	-4.312960	97.269000
4.117508	1.786281	-4.317664	97.369000
4.106891	1.785743	-4.309848	97.468000
4.096281	1.788713	-4.296187	97.568000
4.085760	1.785615	-4.295488	97.668000
4.075132	1.783902	-4.295797	97.768000
4.064373	1.790739	-4.298985	97.868000
4.053748	1.797635	-4.303835	97.968000
4.042719	1.796719	-4.306152	98.068000
4.031849	1.794153	-4.312229	98.168000
4.021633	1.790953	-4.309762	98.268000
4.010831	1.790429	-4.300987	98.368000
3.999978	1.789831	-4.295809	98.468000
3.989039	1.790968	-4.295022	98.569000
3.977966	1.792587	-4.299418	98.668000
3.967266	1.795332	-4.305634	98.768000
3.956818	1.793417	-4.300842	98.868000
3.946002	1.791393	-4.295721	98.968000
3.935263	1.789089	-4.295796	99.068000
3.924093	1.786739	-4.295852	99.168000
3.913167	1.784599	-4.296116	99.269000
3.902192	1.784534	-4.289584	99.368000
3.891458	1.785167	-4.288568	99.468000
3.880856	1.784356	-4.294644	99.568000
3.869927	1.792804	-4.301055	99.668000
3.858431	1.799507	-4.308922	99.768000
3.847585	1.799637	-4.308362	99.868000
3.836879	1.798631	-4.299919	99.968000
3.825912	1.799256	-4.298677	100.068000
3.815059	1.799955	-4.306135	100.168000
3.804322	1.801217	-4.307605	100.268000
3.793060	1.797569	-4.310504	100.368000
3.782208	1.793548	-4.313512	100.468000
3.771220	1.794771	-4.303600	100.568000
3.760261	1.796179	-4.296020	100.668000
3.749533	1.796055	-4.298896	100.769000
3.738134	1.794522	-4.304530	100.868000
3.727008	1.788797	-4.309491	100.968000
3.716401	1.788754	-4.310640	101.068000
3.705404	1.793251	-4.307080	101.168000
3.694458	1.795688	-4.305366	101.268000
3.683478	1.792766	-4.305868	101.368000
3.672294	1.789891	-4.306087	101.468000
3.661253	1.790434	-4.306741	101.568000
3.650410	1.794602	-4.306487	101.668000
3.639701	1.793217	-4.302514	101.769000
3.628730	1.786907	-4.303780	101.868000
3.617924	1.789741	-4.309229	101.968000
3.606992	1.794028	-4.308558	102.068000
3.596096	1.790267	-4.299436	102.168000
3.585137	1.791949	-4.300009	102.268000
3.573943	1.791390	-4.308041	102.369000
3.563032	1.790208	-4.318510	102.468000
3.551780	1.789224	-4.332082	102.568000
3.540412	1.795076	-4.332728	102.668000
3.529570	1.799902	-4.331275	102.768000
3.518623	1.802436	-4.325083	102.868000
3.507707	1.801826	-4.314923	102.968000
3.496570	1.800570	-4.311605	103.069000
3.485277	1.796546	-4.317571	103.168000
3.473940	1.794058	-4.322720	103.268000
3.463148	1.793135	-4.321764	103.368000
3.452092	1.794852	-4.316937	103.468000
3.441207	1.795493	-4.311116	103.568000
3.429987	1.796499	-4.310179	103.668000
3.418570	1.797703	-4.308511	103.768000
3.407412	1.799788	-4.303412	103.868000
3.396403	1.798411	-4.295091	103.968000
3.384987	1.794901	-4.300930	104.069000
3.374135	1.794352	-4.308489	104.168000
3.362903	1.797518	-4.312133	104.268000
3.351759	1.799190	-4.320133	104.369000
3.340453	1.795006	-4.319303	104.469000
3.329476	1.791122	-4.313402	104.568000
3.318264	1.790087	-4.304725	104.668000
3.307068	1.791829	-4.291256	104.769000
3.295693	1.792173	-4.287310	104.869000
3.284564	1.790314	-4.294783	104.968000
3.273393	1.789486	-4.307881	105.068000
3.262378	1.792151	-4.310733	105.168000
3.251160	1.794194	-4.305870	105.268000
3.240253	1.795028	-4.299584	105.368000
3.228165	1.801867	-4.295501	105.468000
3.217136	1.808441	-4.291086	105.568000
3.206139	1.814330	-4.287771	105.668000
3.194514	1.806568	-4.289728	105.768000
3.183904	1.803116	-4.293851	105.868000
3.172584	1.799469	-4.305731	105.969000
3.161436	1.800047	-4.311725	106.068000
3.150486	1.798799	-4.312719	106.168000
3.139466	1.793770	-4.310529	106.269000
3.128451	1.790691	-4.302457	106.368000
3.117373	1.789368	-4.302103	106.468000
3.106273	1.791118	-4.305750	106.568000
3.094727	1.797123	-4.306493	106.668000
3.083435	1.795648	-4.306305	106.768000
3.072630	1.795509	-4.299952	106.868000
3.061326	1.793120	-4.306042	106.968000
3.049863	1.789770	-4.318565	107.068000
3.038692	1.790233	-4.323860	107.168000
3.026982	1.791004	-4.320308	107.268000
3.015870	1.793537	-4.313481	107.368000
3.004612	1.793560	-4.310523	107.468000
2.993692	1.792602	-4.299998	107.568000
2.982397	1.794831	-4.294119	107.668000
2.971266	1.791445	-4.295109	107.768000
2.960060	1.794758	-4.295022	107.868000
2.948966	1.796617	-4.296115	107.968000
2.938001	1.796416	-4.298688	108.068000
2.926466	1.798726	-4.308419	108.168000
2.915152	1.796017	-4.317322	108.268000
2.903690	1.791849	-4.326031	108.368000
2.892443	1.789931	-4.321920	108.468000
2.881079	1.789846	-4.320244	108.568000
2.869861	1.791303	-4.319848	108.668000
2.858477	1.793866	-4.329318	108.769000
2.846883	1.789902	-4.330487	108.868000
2.835407	1.792579	-4.314029	108.968000
2.824271	1.797416	-4.309192	109.068000
2.813335	1.797911	-4.313041	109.168000
2.801650	1.798849	-4.312915	109.269000
2.790497	1.799015	-4.304941	109.368000
2.778598	1.802700	-4.298866	109.468000
2.767044	1.804771	-4.297981	109.568000
2.755899	1.801236	-4.305997	109.669000
2.744631	1.800143	-4.312514	109.768000
2.733346	1.799912	-4.310804	109.868000
2.721977	1.801680	-4.304486	109.969000
2.710221	1.802236	-4.307403	110.068000
2.699217	1.803894	-4.310748	110.168000
2.687951	1.802959	-4.308092	110.268000
2.676496	1.805721	-4.302770	110.368000
2.665006	1.805751	-4.301478	110.468000
2.653257	1.803281	-4.311527	110.568000
2.642216	1.797240	-4.318352	110.668000
2.630512	1.791787	-4.321601	110.768000
2.619270	1.793238	-4.319870	110.868000
2.608199	1.796831	-4.310947	110.968000
2.596942	1.801553	-4.311024	111.068000
2.585013	1.801691	-4.317802	111.169000
2.573463	1.798581	-4.304832	111.268000
2.562134	1.800359	-4.297262	111.368000
2.550682	1.803242	-4.292553	111.468000
2.539531	1.802431	-4.297101	111.568000
2.527977	1.797974	-4.299734	111.668000
2.516486	1.794969	-4.304453	111.769000
2.505008	1.795505	-4.310070	111.868000
2.494116	1.793651	-4.313192	111.968000
2.482481	1.790226	-4.308941	112.068000
2.471034	1.792192	-4.299319	112.168000
2.459843	1.801196	-4.297600	112.268000
2.447645	1.805158	-4.295020	112.368000
2.436316	1.809200	-4.300546	112.469000
2.424481	1.808496	-4.308327	112.568000
2.413801	1.804858	-4.309215	112.668000
2.402023	1.806403	-4.306123	112.768000
2.390190	1.806624	-4.305397	112.868000
2.378512	1.805926	-4.297602	112.968000
2.367204	1.805241	-4.299097	113.068000
2.355852	1.802849	-4.307422	113.168000
2.344396	1.799579	-4.313223	113.268000
2.332877	1.794316	-4.310784	113.368000
2.320853	1.793655	-4.301859	113.469000
2.309552	1.794698	-4.299996	113.568000
2.297971	1.798854	-4.310134	113.668000
2.286727	1.799365	-4.309260	113.768000
2.275025	1.800706	-4.310571	113.869000
2.263329	1.798675	-4.314369	113.969000
2.251993	1.796228	-4.307007	114.068000
2.240013	1.797466	-4.301148	114.169000
2.228950	1.797944	-4.309413	114.268000
2.217266	1.800083	-4.317088	114.368000
2.206085	1.803179	-4.328575	114.468000
2.194078	1.802026	-4.331571	114.569000
2.182618	1.796055	-4.335983	114.668000
2.170963	1.794475	-4.330392	114.769000
2.159576	1.796173	-4.319672	114.868000
2.148181	1.800033	-4.309191	114.968000
2.136500	1.801145	-4.309048	115.068000
2.125359	1.806266	-4.303007	115.168000
2.113834	1.813197	-4.299735	115.268000
2.102349	1.818370	-4.305434	115.368000
2.090929	1.818323	-4.304068	115.468000
2.079564	1.816524	-4.305876	115.568000
2.068101	1.811524	-4.306237	115.668000
2.056357	1.806123	-4.311208	115.768000
2.045942	1.804934	-4.320601	115.868000
2.034123	1.804577	-4.321287	115.968000
2.022084	1.805849	-4.322480	116.068000
2.011304	1.803592	-4.320882	116.169000
1.999563	1.804219	-4.315486	116.268000
1.987527	1.805314	-4.312392	116.368000
1.976162	1.807869	-4.309115	116.468000
1.964698	1.810595	-4.307134	116.568000
1.952895	1.811440	-4.314979	116.668000
1.941443	1.807644	-4.318176	116.768000
1.929767	1.803208	-4.317348	116.868000
1.918035	1.801218	-4.316553	116.968000
1.906271	1.803820	-4.313863	117.068000
1.894975	1.805902	-4.301068	117.168000
1.883291	1.802134	-4.299064	117.268000
1.871855	1.798040	-4.297516	117.368000
1.860378	1.795574	-4.299854	117.468000
1.849047	1.795511	-4.307778	117.568000
1.837230	1.796161	-4.318212	117.668000
1.825992	1.798111	-4.325548	117.768000
1.814229	1.798609	-4.330631	117.868000
1.802040	1.797864	-4.324667	117.968000
1.791046	1.797115	-4.322757	118.068000
1.779084	1.795315	-4.318837	118.168000
1.767438	1.794558	-4.311570	118.268000
1.755643	1.798868	-4.302278	118.369000
1.744324	1.804517	-4.301618	118.468000
1.732550	1.805779	-4.308097	118.568000
1.720708	1.804751	-4.312885	118.669000
1.709167	1.807509	-4.315419	118.768000
1.697860	1.804987	-4.311304	118.869000
1.686190	1.801752	-4.310257	118.968000
1.674603	1.800355	-4.313133	119.069000
1.662375	1.805481	-4.314714	119.168000
1.650913	1.810063	-4.315926	119.268000
1.639301	1.808345	-4.310344	119.368000
1.627707	1.808924	-4.308559	119.468000
1.616161	1.810763	-4.307568	119.568000
1.604826	1.806107	-4.302489	119.668000
1.593440	1.802743	-4.297508	119.768000
1.581732	1.804474	-4.299635	119.868000
1.570232	1.812468	-4.305136	119.968000
1.558263	1.814930	-4.316915	120.068000
1.546978	1.809736	-4.326771	120.168000
1.535304	1.808943	-4.329320	120.268000
1.523814	1.809380	-4.315549	120.368000
1.512627	1.808078	-4.305257	120.468000
1.500978	1.804906	-4.301634	120.568000
1.489494	1.801957	-4.299077	120.668000
1.477914	1.801033	-4.299179	120.769000
1.466089	1.803004	-4.300336	120.868000
1.454509	1.807169	-4.304172	120.969000
1.443002	1.807835	-4.311366	121.068000
1.431496	1.804414	-4.313779	121.168000
1.420060	1.805160	-4.310889	121.268000
1.408366	1.812030	-4.303794	121.369000
1.396371	1.815425	-4.301678	121.469000
1.385000	1.808262	-4.308381	121.568000
1.373159	1.802795	-4.316419	121.669000
1.361642	1.801260	-4.319386	121.768000
1.350200	1.801897	-4.318697	121.869000
1.338451	1.801515	-4.323902	121.968000
1.326277	1.798924	-4.325127	122.068000
1.314633	1.801683	-4.318802	122.168000
1.302929	1.800934	-4.321943	122.268000
1.291469	1.798605	-4.325228	122.369000
1.279687	1.803119	-4.318416	122.469000
1.268118	1.808585	-4.312310	122.568000
1.256083	1.806960	-4.309580	122.668000
1.244462	1.801944	-4.303413	122.768000
1.232979	1.804300	-4.305509	122.868000
1.221226	1.803728	-4.310953	122.968000
1.209751	1.802051	-4.314613	123.068000
1.197980	1.797324	-4.308190	123.168000
1.186339	1.793783	-4.305903	123.268000
1.174462	1.796778	-4.305707	123.368000
1.162948	1.797622	-4.310518	123.468000
1.151105	1.796524	-4.315172	123.568000
1.139466	1.799085	-4.319454	123.668000
1.127421	1.800608	-4.313998	123.768000
1.115656	1.802256	-4.313222	123.868000
1.104032	1.805458	-4.313399	123.968000
1.092319	1.803519	-4.320805	124.068000
1.080765	1.800742	-4.327829	124.168000
1.068949	1.799395	-4.326657	124.268000
1.057566	1.799154	-4.322591	124.368000
1.045972	1.802924	-4.320414	124.468000
1.034287	1.807533	-4.318528	124.568000
1.022849	1.807860	-4.311021	124.668000
1.011334	1.809150	-4.313219	124.768000
0.999413	1.813253	-4.309472	124.868000
0.988055	1.811568	-4.309726	124.968000
0.976445	1.804114	-4.316440	125.068000
0.964926	1.797944	-4.316720	125.168000
0.953447	1.794344	-4.309414	125.268000
0.941916	1.794440	-4.305919	125.368000
0.929771	1.797451	-4.304213	125.468000
0.918002	1.803123	-4.307661	125.568000
0.906456	1.803165	-4.308655	125.668000
0.894681	1.802756	-4.312724	125.768000
0.883122	1.802461	-4.318339	125.868000
0.871572	1.799060	-4.321922	125.968000
0.859824	1.794526	-4.322719	126.068000
0.848131	1.795147	-4.329322	126.168000
0.836383	1.801071	-4.331898	126.268000
0.824717	1.808191	-4.338412	126.368000
0.813117	1.809948	-4.352974	126.468000
0.801243	1.804418	-4.354440	126.568000
0.789197	1.801994	-4.346008	126.668000
0.777676	1.799273	-4.348763	126.768000
0.765871	1.798329	-4.358265	126.869000
0.754643	1.794342	-4.371813	126.968000
0.743059	1.789899	-4.395887	127.068000
0.730922	1.776173	-4.428794	127.168000
0.719173	1.752825	-4.466789	127.268000
0.707375	1.718051	-4.517280	127.368000
0.695691	1.664304	-4.582349	127.469000
0.684155	1.591836	-4.657539	127.568000
0.672457	1.504380	-4.716713	127.668000
0.660722	1.406553	-4.755785	127.769000
0.649062	1.295908	-4.771279	127.868000
0.637176	1.195123	-4.770238	127.969000
0.625844	1.114397	-4.760671	128.068000
0.614376	1.050905	-4.752802	128.169000
0.602624	1.001675	-4.763545	128.268000
0.590520	0.965160	-4.780862	128.368000
0.578929	0.942642	-4.799105	128.468000
0.567343	0.922409	-4.822377	128.568000
0.555656	0.897974	-4.831761	128.669000
0.544268	0.875897	-4.822221	128.768000
0.532361	0.863860	-4.803332	128.868000
0.520998	0.857398	-4.795832	128.968000
0.509328	0.848579	-4.787306	129.068000
0.497835	0.835559	-4.776403	129.168000
0.486297	0.829755	-4.769841	129.268000
0.474460	0.823895	-4.746328	129.368000
0.463044	0.815337	-4.718605	129.468000
0.451702	0.814121	-4.710434	129.568000
0.439892	0.865540	-4.895210	129.670000
0.428439	0.980757	-5.336309	129.768000
0.417013	1.068007	-5.629867	129.868000
0.405389	1.101052	-5.722966	129.968000
0.393363	1.101907	-5.700474	130.068000
0.381744	1.077340	-5.638726	130.168000
0.370106	1.033232	-5.571673	130.268000
0.358441	0.990345	-5.493287	130.368000
0.347033	0.934271	-5.380370	130.468000
0.335322	0.882540	-5.250503	130.568000
0.323387	0.852794	-5.158021	130.668000
0.312062	0.822005	-5.050606	130.768000
0.300289	0.796660	-4.938971	130.868000
0.288733	0.784117	-4.840970	130.968000
0.277254	0.765647	-4.764594	131.068000
0.265464	0.749861	-4.709427	131.168000
0.253760	0.734358	-4.659231	131.268000
0.242128	0.728125	-4.608492	131.368000
0.230744	0.729509	-4.536164	131.469000
0.219272	0.738887	-4.471563	131.568000
0.207461	0.745052	-4.451222	131.668000
0.195483	0.748935	-4.435964	131.768000
0.183911	0.741283	-4.414877	131.868000
0.171910	0.733500	-4.418664	131.969000
0.160554	0.722089	-4.426048	132.068000
0.149156	0.712864	-4.406646	132.169000
0.137276	0.707590	-4.385379	132.268000
0.125464	0.697206	-4.375511	132.369000
0.113867	0.696142	-4.357779	132.468000
0.102119	0.692952	-4.353312	132.568000
0.090802	0.690432	-4.332138	132.669000
0.079401	0.686663	-4.317460	132.768000
0.067602	0.687250	-4.297479	132.868000
0.055659	0.688482	-4.262978	132.968000
0.043992	0.688663	-4.258889	133.068000
0.032602	0.684170	-4.257633	133.168000
0.020960	0.681467	-4.243910	133.268000
0.009289	0.678687	-4.270221	133.368000
-0.002230	0.671936	-4.283307	133.468000
-0.013742	0.675677	-4.266118	133.568000
-0.025362	0.677646	-4.263730	133.668000
-0.036624	0.671696	-4.244124	133.769000
-0.045076	0.671153	-4.232773	133.868000
-0.050385	0.670008	-4.210741	133.968000
-0.054565	0.662255	-4.177900	134.068000
-0.057745	0.655388	-4.145533	134.169000
-0.061048	0.654737	-4.141662	134.268000
-0.063372	0.650189	-4.134460	134.368000
-0.065753	0.643667	-4.138881	134.468000
-0.068084	0.641293	-4.118252	134.568000
-0.070351	0.644505	-4.106444	134.668000
-0.071992	0.647414	-4.099732	134.768000
-0.073333	0.651325	-4.101050	134.869000
-0.074908	0.651185	-4.098310	134.968000
-0.076351	0.647147	-4.073113	135.068000
-0.077676	0.646227	-4.073766	135.168000
-0.078973	0.649806	-4.067737	135.268000
-0.079961	0.653803	-4.052069	135.368000
-0.081356	0.656023	-4.061764	135.468000
-0.082325	0.655861	-4.070264	135.568000
-0.083381	0.655222	-4.069895	135.669000
-0.084337	0.657034	-4.079499	135.768000
-0.085369	0.658205	-4.092355	135.868000
-0.086197	0.653629	-4.099753	135.969000
-0.086863	0.650348	-4.106178	136.068000
-0.087524	0.649704	-4.103981	136.168000
-0.088554	0.647651	-4.097955	136.268000
-0.089253	0.645510	-4.075390	136.368000
-0.089967	0.644467	-4.061878	136.469000
-0.090438	0.645067	-4.068173	136.568000
-0.091108	0.646138	-4.074448	136.668000
-0.091901	0.646191	-4.056124	136.768000
-0.092398	0.648944	-4.038698	136.868000
-0.093020	0.651526	-4.066695	136.968000
-0.093674	0.648983	-4.094502	137.068000
-0.094146	0.650679	-4.110351	137.168000
-0.094683	0.646659	-4.092111	137.268000
-0.094980	0.650297	-4.083217	137.368000
-0.095370	0.652495	-4.075832	137.468000
-0.095878	0.654699	-4.068085	137.568000
-0.096444	0.659655	-4.076223	137.668000
-0.096849	0.655305	-4.112141	137.768000
-0.097354	0.651400	-4.133910	137.868000
-0.097658	0.650460	-4.129670	137.968000
-0.098073	0.648666	-4.095062	138.068000
-0.098347	0.648086	-4.075120	138.168000
-0.098700	0.644086	-4.074340	138.268000
-0.099059	0.637969	-4.090681	138.368000
-0.099348	0.637809	-4.109260	138.468000
-0.099699	0.638499	-4.094709	138.568000
-0.100032	0.640294	-4.068647	138.668000
-0.100250	0.640634	-4.048192	138.768000
-0.100397	0.643883	-4.056396	138.868000
-0.100755	0.649454	-4.072792	138.968000
-0.101125	0.653827	-4.080165	139.068000
-0.101506	0.653698	-4.079567	139.168000
-0.101865	0.645918	-4.071781	139.268000
-0.101839	0.639465	-4.065380	139.368000
-0.102104	0.642936	-4.042519	139.468000
-0.102412	0.646299	-4.044660	139.568000
-0.102542	0.651137	-4.059374	139.669000
-0.102894	0.653712	-4.078893	139.768000
-0.102972	0.649355	-4.096164	139.868000
-0.103204	0.649877	-4.096537	139.968000
-0.103454	0.654317	-4.083362	140.068000
-0.103558	0.655416	-4.085053	140.169000
-0.103990	0.649876	-4.088695	140.268000
-0.103937	0.646264	-4.076678	140.369000
-0.104052	0.647278	-4.069028	140.468000
-0.104269	0.652509	-4.068823	140.568000
-0.104414	0.655856	-4.069869	140.668000
-0.104648	0.653336	-4.051941	140.768000
-0.104782	0.651948	-4.035995	140.868000
-0.104712	0.653782	-4.037954	140.968000
-0.105131	0.649533	-4.050767	141.068000
-0.105254	0.643330	-4.059036	141.168000
-0.105354	0.640585	-4.070302	141.268000
-0.105558	0.641150	-4.070745	141.368000
-0.105824	0.645895	-4.075034	141.468000
-0.105732	0.649292	-4.080471	141.568000
-0.105973	0.651243	-4.109267	141.668000
-0.106025	0.652462	-4.128228	141.768000
-0.106198	0.652019	-4.105907	141.868000
-0.106320	0.647798	-4.070628	141.969000
-0.106376	0.646433	-4.063715	142.068000
-0.106542	0.649892	-4.062509	142.168000
-0.106625	0.651232	-4.055958	142.268000
-0.106933	0.648438	-4.069693	142.368000
-0.106716	0.646066	-4.073182	142.468000
-0.107046	0.645973	-4.073106	142.569000
-0.107187	0.647773	-4.054208	142.668000
-0.107215	0.648749	-4.044650	142.768000
-0.107431	0.647208	-4.052799	142.868000
-0.107658	0.651917	-4.066544	142.968000
-0.107535	0.650849	-4.104661	143.069000
-0.107545	0.649770	-4.105215	143.168000
-0.107567	0.648405	-4.095457	143.268000
-0.107764	0.646465	-4.072784	143.368000
-0.107857	0.645767	-4.048581	143.468000
-0.107973	0.642633	-4.038985	143.568000
-0.108185	0.641881	-4.050054	143.669000
-0.108215	0.642098	-4.041039	143.768000
-0.108526	0.637007	-4.043277	143.868000
-0.108317	0.633975	-4.061887	143.968000
-0.108480	0.635547	-4.080189	144.068000
-0.108497	0.639521	-4.076641	144.168000
-0.108619	0.642995	-4.083193	144.268000
-0.108658	0.645415	-4.086810	144.368000
-0.108661	0.643812	-4.075807	144.469000
-0.108738	0.644065	-4.075637	144.569000
-0.108844	0.640172	-4.090486	144.668000
-0.109021	0.639355	-4.076830	144.769000
-0.109101	0.642081	-4.091872	144.868000
-0.109298	0.644466	-4.095741	144.968000
-0.109136	0.644940	-4.099216	145.068000
-0.109337	0.646051	-4.109130	145.168000
-0.109433	0.646324	-4.093046	145.269000
-0.109397	0.645688	-4.090856	145.368000
-0.109354	0.646071	-4.078297	145.469000
-0.109380	0.653035	-4.078931	145.568000
-0.109392	0.658014	-4.106622	145.668000
-0.109587	0.661360	-4.125209	145.768000
-0.109528	0.659783	-4.120760	145.868000
-0.109607	0.656719	-4.118736	145.968000
-0.109717	0.651627	-4.122692	146.068000
-0.109716	0.647068	-4.121014	146.168000
-0.109855	0.644410	-4.119187	146.268000
-0.109970	0.645588	-4.098895	146.368000
-0.109856	0.645879	-4.069639	146.468000
-0.109783	0.646043	-4.068548	146.569000
-0.109861	0.647823	-4.074541	146.668000
-0.109925	0.650605	-4.065972	146.768000
-0.109951	0.647666	-4.062899	146.868000
-0.110045	0.642221	-4.076496	146.968000
-0.109982	0.641338	-4.073968	147.069000
-0.110169	0.643752	-4.083924	147.168000
-0.110129	0.647622	-4.097621	147.268000
-0.110130	0.652500	-4.087380	147.369000
-0.110189	0.653202	-4.055051	147.468000
-0.110178	0.649070	-4.040549	147.569000
-0.110257	0.650538	-4.054605	147.669000
-0.110317	0.651226	-4.063203	147.769000
-0.110271	0.653599	-4.049051	147.868000
-0.110327	0.657622	-4.057765	147.968000
-0.110398	0.652671	-4.068912	148.069000
-0.110378	0.645097	-4.082817	148.168000
-0.110339	0.645663	-4.071521	148.268000
-0.110457	0.642756	-4.058813	148.369000
-0.110469	0.639478	-4.046928	148.469000
-0.110547	0.638241	-4.057420	148.568000
-0.110442	0.637025	-4.076430	148.668000
-0.110579	0.642870	-4.061627	148.769000
-0.110458	0.651970	-4.045682	148.868000
-0.110597	0.650144	-4.054569	148.969000
-0.110595	0.645287	-4.065521	149.069000
-0.110581	0.641506	-4.081348	149.168000
-0.110585	0.645687	-4.072093	149.268000
-0.111026	0.648191	-4.065136	149.368000
-0.110809	0.653622	-4.062204	149.468000
-0.110879	0.654580	-4.060535	149.568000
-0.110923	0.656257	-4.069622	149.668000
-0.111172	0.651243	-4.068357	149.768000
-0.110853	0.646162	-4.078912	149.868000
-0.111011	0.648339	-4.098263	149.968000
-0.111078	0.647825	-4.097490	150.068000
-0.110833	0.642725	-4.095773	150.168000
-0.110784	0.640402	-4.100885	150.268000
-0.110731	0.644952	-4.092450	150.368000
-0.110878	0.654293	-4.076015	150.468000
-0.110752	0.656476	-4.043072	150.568000
-0.110900	0.655946	-4.037371	150.668000
-0.110948	0.647601	-4.031064	150.768000
-0.110922	0.640706	-4.046361	150.868000
-0.111167	0.637390	-4.080405	150.969000
-0.111199	0.639567	-4.086590	151.068000
-0.111242	0.646668	-4.069386	151.168000
-0.111237	0.654994	-4.058030	151.268000
-0.111367	0.661483	-4.068640	151.368000
-0.111274	0.662956	-4.085338	151.468000
-0.111403	0.654780	-4.096162	151.568000
-0.111388	0.646766	-4.095967	151.668000
-0.111470	0.641954	-4.082268	151.768000
-0.111288	0.642981	-4.063844	151.868000
-0.111137	0.644503	-4.052580	151.968000
-0.111306	0.648191	-4.052934	152.068000
-0.111197	0.652320	-4.055201	152.169000
-0.111243	0.656069	-4.043765	152.268000
-0.111401	0.662035	-4.054653	152.368000
-0.111346	0.655981	-4.066481	152.468000
-0.111171	0.644996	-4.076874	152.568000
-0.111282	0.644951	-4.059093	152.668000
-0.111353	0.643997	-4.056397	152.768000
-0.111231	0.646241	-4.067494	152.868000
-0.111224	0.648317	-4.070063	152.968000
-0.111329	0.648290	-4.051875	153.068000
-0.111394	0.645832	-4.033230	153.168000
-0.111342	0.649348	-4.032124	153.268000
-0.111500	0.656192	-4.043454	153.368000
-0.111422	0.655472	-4.058948	153.468000
-0.111515	0.649052	-4.056202	153.568000
-0.111529	0.641633	-4.048699	153.668000
-0.111528	0.636238	-4.052264	153.769000
-0.111372	0.635986	-4.047541	153.868000
-0.111556	0.639045	-4.043899	153.968000
-0.111575	0.646551	-4.048242	154.068000
-0.111409	0.650760	-4.042486	154.168000
-0.111464	0.646971	-4.035044	154.268000
-0.111573	0.646807	-4.048122	154.369000
-0.111499	0.646728	-4.041446	154.468000
-0.111479	0.651273	-4.036199	154.568000
-0.111503	0.653912	-4.026331	154.668000
-0.111482	0.654236	-4.032966	154.768000
-0.111541	0.657426	-4.026851	154.869000
-0.111644	0.652414	-4.024269	154.969000
-0.111644	0.650545	-4.046020	155.068000
-0.111590	0.647617	-4.056056	155.168000
-0.111544	0.645983	-4.072031	155.268000
-0.111645	0.651989	-4.076392	155.368000
-0.111427	0.658681	-4.077061	155.469000
-0.111646	0.656475	-4.082791	155.568000
-0.111689	0.653372	-4.090946	155.668000
-0.111512	0.651989	-4.083266	155.769000
-0.111688	0.653380	-4.080067	155.869000
-0.111554	0.652484	-4.084155	155.968000
-0.111657	0.645913	-4.091936	156.068000
