NaN	NaN	NaN	14.856000
0.050172	0.286270	-4.837966	14.956000
0.050023	0.286278	-4.843645	15.056000
0.050021	0.287008	-4.816575	15.156000
0.050017	0.289470	-4.806843	15.256000
0.050006	0.288457	-4.829903	15.356000
0.050077	0.287476	-4.839335	15.456000
0.050183	0.287919	-4.813244	15.556000
0.050204	0.286126	-4.804756	15.656000
0.050208	0.286218	-4.803658	15.756000
0.050238	0.286136	-4.806396	15.856000
0.050233	0.285687	-4.825063	15.956000
0.050171	0.285999	-4.843475	16.056000
0.050144	0.288860	-4.862620	16.156000
0.049970	0.289995	-4.866398	16.257000
0.050010	0.290460	-4.873534	16.356000
0.049900	0.288852	-4.881209	16.456000
0.049900	0.287525	-4.843832	16.556000
0.049825	0.290520	-4.811117	16.656000
0.049876	0.291527	-4.800969	16.756000
0.050098	0.293823	-4.779934	16.856000
0.050333	0.290856	-4.789783	16.956000
0.055163	0.285757	-4.803476	17.056000
0.060893	0.284897	-4.811076	17.157000
0.067993	0.288536	-4.822221	17.256000
0.075319	0.290204	-4.821316	17.356000
0.083218	0.287266	-4.834828	17.456000
0.091207	0.283954	-4.879193	17.556000
0.099268	0.283091	-4.905888	17.656000
0.107913	0.281709	-4.901720	17.756000
0.116151	0.282548	-4.881157	17.856000
0.125029	0.285496	-4.876591	17.956000
0.134002	0.291952	-4.885689	18.056000
0.142756	0.295042	-4.898760	18.156000
0.151491	0.292407	-4.875030	18.256000
0.160808	0.290580	-4.839871	18.356000
0.169640	0.290572	-4.842239	18.456000
0.178864	0.288170	-4.870413	18.556000
0.188308	0.287185	-4.874297	18.656000
0.197239	0.285499	-4.878230	18.756000
0.206596	0.282880	-4.861658	18.856000
0.215924	0.284625	-4.827027	18.956000
0.225515	0.289148	-4.830243	19.056000
0.235367	0.291119	-4.833492	19.156000
0.244881	0.291249	-4.833331	19.256000
0.253929	0.292023	-4.862315	19.356000
0.263625	0.293366	-4.883385	19.456000
0.273306	0.292944	-4.890540	19.556000
0.283032	0.289838	-4.873345	19.656000
0.292594	0.291981	-4.842373	19.756000
0.302300	0.295041	-4.829370	19.856000
0.312032	0.295611	-4.814994	19.956000
0.321656	0.293859	-4.798032	20.056000
0.331428	0.294042	-4.790722	20.156000
0.341573	0.291603	-4.810144	20.257000
0.351568	0.290358	-4.841091	20.356000
0.361176	0.286874	-4.867500	20.457000
0.370961	0.286397	-4.856655	20.556000
0.380735	0.291276	-4.883790	20.656000
0.390696	0.291291	-4.896238	20.757000
0.401013	0.293268	-4.890908	20.856000
0.410757	0.298344	-4.879438	20.956000
0.420780	0.297821	-4.876122	21.057000
0.430750	0.296609	-4.887455	21.156000
0.440726	0.295464	-4.880400	21.256000
0.450418	0.291663	-4.864568	21.357000
0.460665	0.291265	-4.857227	21.456000
0.470624	0.294030	-4.867278	21.556000
0.480562	0.294670	-4.892821	21.656000
0.490520	0.291492	-4.910506	21.756000
0.500352	0.293109	-4.891067	21.856000
0.510569	0.292299	-4.889344	21.957000
0.520747	0.286798	-4.861813	22.056000
0.530844	0.285007	-4.821040	22.157000
0.540942	0.283982	-4.802164	22.256000
0.551087	0.286050	-4.813343	22.356000
0.561276	0.289306	-4.826724	22.456000
0.571883	0.291500	-4.842780	22.556000
0.582126	0.295555	-4.822493	22.656000
0.592126	0.294886	-4.828958	22.756000
0.602283	0.293846	-4.837012	22.856000
0.612533	0.293862	-4.829757	22.956000
0.622870	0.294949	-4.815675	23.056000
0.633265	0.295603	-4.816642	23.156000
0.643708	0.296582	-4.814864	23.256000
0.653823	0.298151	-4.813250	23.356000
0.664117	0.296456	-4.818437	23.456000
0.674360	0.294679	-4.853931	23.557000
0.685084	0.293369	-4.847285	23.657000
0.695362	0.291304	-4.805617	23.756000
0.706005	0.290582	-4.800484	23.856000
0.716401	0.288926	-4.838091	23.956000
0.726800	0.287661	-4.840278	24.056000
0.736907	0.288410	-4.826904	24.156000
0.748038	0.290768	-4.820736	24.256000
0.758193	0.291284	-4.812428	24.356000
0.768352	0.290650	-4.789160	24.456000
0.778756	0.292577	-4.783715	24.556000
0.789438	0.295674	-4.824781	24.656000
0.799626	0.294681	-4.853988	24.756000
0.810485	0.291432	-4.869365	24.856000
0.821171	0.290391	-4.842835	24.956000
0.831695	0.291519	-4.840274	25.056000
0.841892	0.294341	-4.885711	25.156000
0.852619	0.295426	-4.912948	25.256000
0.863333	0.295558	-4.895400	25.356000
0.874172	0.292792	-4.839865	25.456000
0.884814	0.291382	-4.812887	25.556000
0.895592	0.292592	-4.775183	25.656000
0.905802	0.296601	-4.782315	25.756000
0.916466	0.300501	-4.823099	25.856000
0.926771	0.298096	-4.828584	25.956000
0.937326	0.292375	-4.833377	26.056000
0.947832	0.291143	-4.828231	26.156000
0.958463	0.293395	-4.818049	26.256000
0.968839	0.293468	-4.836061	26.356000
0.979162	0.293102	-4.843780	26.457000
0.990037	0.295470	-4.852231	26.556000
1.001041	0.298683	-4.872288	26.657000
1.011303	0.295700	-4.904058	26.756000
1.022092	0.293884	-4.900074	26.857000
1.032431	0.293374	-4.886040	26.956000
1.043179	0.293841	-4.875466	27.056000
1.054307	0.296370	-4.877699	27.156000
1.065123	0.293116	-4.837423	27.256000
1.075820	0.289690	-4.824284	27.357000
1.086306	0.286753	-4.853601	27.456000
1.097411	0.286346	-4.875152	27.556000
1.107843	0.287121	-4.855626	27.656000
1.118912	0.288968	-4.844675	27.756000
1.129798	0.289342	-4.836365	27.856000
1.140534	0.292245	-4.827251	27.956000
1.151294	0.297167	-4.816411	28.056000
1.162741	0.298705	-4.813443	28.156000
1.173360	0.296389	-4.796691	28.256000
1.184442	0.293615	-4.815477	28.356000
1.194887	0.290395	-4.821160	28.456000
1.205951	0.289715	-4.858062	28.556000
1.216622	0.291897	-4.892287	28.656000
1.227636	0.290317	-4.869960	28.756000
1.238980	0.288492	-4.830981	28.857000
1.249848	0.293533	-4.817981	28.956000
1.260601	0.296877	-4.824574	29.057000
1.271385	0.296343	-4.834167	29.156000
1.282118	0.293456	-4.815126	29.256000
1.293085	0.291575	-4.796605	29.356000
1.304693	0.291983	-4.819455	29.456000
1.314693	0.295486	-4.819619	29.557000
1.327116	0.294694	-4.833941	29.656000
1.337219	0.291309	-4.836622	29.756000
1.348176	0.293289	-4.837060	29.856000
1.359064	0.295316	-4.875899	29.956000
1.370083	0.294648	-4.895834	30.056000
1.380988	0.291263	-4.896481	30.156000
1.391955	0.289754	-4.879485	30.257000
1.403157	0.290785	-4.842173	30.356000
1.413780	0.294434	-4.818657	30.457000
1.424731	0.294774	-4.822225	30.557000
1.435523	0.291095	-4.838439	30.656000
1.446390	0.291322	-4.860597	30.756000
1.457179	0.292206	-4.869167	30.856000
1.468320	0.294345	-4.869784	30.956000
1.479302	0.294066	-4.885084	31.056000
1.490025	0.293819	-4.841132	31.156000
1.501119	0.293341	-4.828425	31.256000
1.512112	0.290069	-4.813186	31.356000
1.523007	0.290931	-4.779824	31.456000
1.533889	0.291392	-4.761117	31.556000
1.545265	0.290493	-4.751214	31.657000
1.556655	0.289211	-4.770657	31.756000
1.567869	0.291845	-4.769488	31.856000
1.577802	0.293281	-4.776354	31.956000
1.589208	0.292717	-4.774928	32.056000
1.600078	0.292936	-4.782268	32.156000
1.611199	0.291497	-4.781742	32.256000
1.622884	0.290020	-4.790624	32.356000
1.633345	0.289793	-4.791118	32.456000
1.644651	0.289643	-4.799868	32.557000
1.655914	0.287074	-4.816061	32.656000
1.667312	0.286826	-4.801476	32.756000
1.678661	0.290405	-4.813273	32.856000
1.689708	0.290285	-4.787627	32.956000
1.700847	0.288923	-4.779044	33.057000
1.711829	0.289003	-4.797322	33.156000
1.722455	0.287231	-4.824382	33.256000
1.733524	0.288933	-4.828404	33.356000
1.744648	0.289391	-4.845559	33.457000
1.755172	0.288306	-4.852702	33.556000
1.768661	0.289929	-4.814128	33.656000
1.777831	0.291273	-4.773799	33.756000
1.789920	0.291446	-4.783042	33.856000
1.800952	0.292488	-4.801663	33.956000
1.811948	0.293854	-4.792642	34.056000
1.822836	0.291868	-4.772669	34.156000
1.835086	0.290499	-4.776185	34.256000
1.845929	0.290009	-4.791563	34.356000
1.856788	0.290767	-4.795450	34.456000
1.868199	0.291297	-4.819199	34.556000
1.879580	0.293313	-4.806339	34.656000
1.891065	0.293546	-4.792031	34.756000
1.902278	0.291631	-4.795407	34.856000
1.913113	0.291368	-4.798108	34.956000
1.924225	0.288261	-4.812296	35.056000
1.935399	0.286051	-4.842770	35.156000
1.946447	0.287733	-4.840432	35.259000
1.957405	0.291480	-4.820054	35.356000
1.968935	0.291609	-4.785566	35.456000
1.980386	0.291469	-4.770401	35.556000
1.991300	0.291283	-4.770764	35.656000
2.001350	0.291308	-4.784976	35.757000
2.014865	0.291224	-4.785249	35.856000
2.022587	0.291371	-4.787591	35.956000
2.033841	0.291457	-4.786546	36.056000
2.048117	0.291384	-4.772048	36.156000
2.060630	0.293518	-4.763692	36.256000
2.069005	0.292395	-4.757516	36.356000
2.079490	0.293960	-4.776345	36.456000
2.093385	0.293756	-4.791273	36.556000
2.102242	0.289838	-4.797112	36.656000
2.114006	0.285266	-4.794772	36.756000
2.125918	0.285578	-4.779238	36.856000
2.136841	0.286992	-4.789186	36.956000
2.148473	0.288320	-4.795605	37.056000
2.159477	0.286461	-4.830857	37.156000
2.170740	0.288218	-4.852089	37.256000
2.181104	0.291023	-4.864652	37.356000
2.193045	0.291471	-4.849149	37.456000
2.204491	0.291393	-4.805479	37.556000
2.216507	0.290760	-4.806172	37.657000
2.226906	0.288879	-4.829814	37.757000
2.239036	0.291103	-4.832413	37.857000
2.249797	0.290589	-4.832684	37.956000
2.261182	0.284753	-4.860310	38.056000
2.273488	0.283857	-4.875209	38.156000
2.283666	0.286297	-4.832449	38.256000
2.295117	0.286558	-4.828242	38.356000
2.307037	0.286392	-4.841869	38.456000
2.318784	0.289217	-4.841967	38.557000
2.328802	0.291800	-4.800552	38.656000
2.340293	0.291406	-4.772807	38.756000
2.352571	0.290711	-4.750937	38.857000
2.365529	0.289054	-4.775435	38.956000
2.373937	0.289009	-4.794034	39.056000
2.384023	0.288371	-4.818054	39.156000
2.399372	0.286400	-4.831700	39.257000
2.412336	0.285537	-4.838124	39.356000
2.423289	0.287175	-4.841683	39.456000
2.434555	0.289921	-4.847686	39.556000
2.445665	0.288510	-4.831785	39.656000
2.453432	0.284343	-4.797352	39.756000
2.462953	0.283825	-4.784045	39.856000
2.473177	0.286747	-4.793259	39.956000
2.484689	0.290170	-4.827971	40.056000
2.495826	0.290307	-4.832611	40.156000
2.507473	0.287777	-4.838764	40.256000
2.520280	0.286416	-4.825319	40.357000
2.535907	0.287936	-4.842324	40.457000
2.545020	0.287673	-4.864803	40.556000
2.556064	0.285070	-4.857329	40.656000
2.565325	0.283890	-4.855294	40.756000
2.582085	0.285099	-4.876844	40.856000
2.588797	0.283352	-4.835584	40.956000
2.601509	0.282084	-4.802255	41.056000
2.613195	0.285822	-4.827010	41.156000
2.625697	0.286878	-4.839015	41.256000
2.635050	0.290405	-4.859037	41.356000
2.646823	0.291472	-4.862180	41.456000
2.659273	0.289397	-4.854448	41.556000
2.670232	0.286404	-4.828457	41.656000
2.681663	0.285200	-4.826488	41.756000
2.692581	0.286016	-4.799933	41.856000
2.703816	0.287974	-4.774659	41.956000
2.715652	0.288396	-4.761130	42.057000
2.726781	0.291101	-4.746441	42.157000
2.736977	0.290482	-4.767519	42.256000
2.749426	0.289079	-4.772862	42.356000
2.760235	0.289018	-4.756897	42.456000
2.772030	0.286956	-4.763326	42.556000
2.783988	0.286496	-4.777533	42.656000
2.794194	0.286877	-4.801523	42.756000
2.806833	0.290281	-4.801185	42.856000
2.817342	0.294754	-4.796396	42.956000
2.828887	0.297214	-4.814377	43.056000
2.840140	0.293916	-4.790126	43.156000
2.850627	0.288884	-4.753061	43.256000
2.862446	0.287501	-4.738344	43.356000
2.873321	0.286566	-4.747452	43.456000
2.885131	0.284686	-4.777019	43.557000
2.896712	0.286348	-4.775480	43.656000
2.908594	0.287287	-4.774588	43.756000
2.919749	0.290338	-4.787920	43.856000
2.930233	0.291432	-4.795647	43.956000
2.942867	0.289295	-4.788675	44.056000
2.953532	0.287775	-4.769329	44.156000
2.963727	0.290615	-4.772166	44.256000
2.975552	0.291489	-4.813112	44.356000
2.987131	0.291422	-4.798087	44.456000
2.998493	0.291556	-4.809737	44.556000
3.010102	0.294837	-4.785401	44.656000
3.021619	0.292727	-4.747683	44.756000
3.032113	0.289475	-4.744827	44.856000
3.042902	0.286433	-4.786350	44.956000
3.054547	0.286727	-4.791034	45.056000
3.066053	0.289199	-4.798586	45.156000
3.077062	0.291365	-4.833437	45.256000
3.088711	0.292998	-4.839626	45.356000
3.100419	0.291651	-4.824711	45.460000
3.112353	0.291365	-4.834695	45.556000
3.123322	0.290285	-4.832270	45.656000
3.133812	0.289072	-4.822829	45.756000
3.145813	0.293217	-4.818435	45.856000
3.156948	0.297000	-4.808572	45.957000
3.168980	0.296382	-4.798937	46.056000
3.181164	0.294073	-4.811938	46.156000
3.190882	0.291682	-4.819978	46.256000
3.201198	0.290535	-4.805907	46.356000
3.213346	0.289323	-4.758852	46.456000
3.226902	0.290354	-4.722306	46.556000
3.239063	0.287057	-4.756163	46.656000
3.247978	0.286300	-4.767708	46.756000
3.259086	0.286384	-4.762452	46.856000
3.272532	0.286538	-4.810466	46.956000
3.283673	0.283731	-4.828480	47.056000
3.292932	0.284008	-4.847507	47.156000
3.306724	0.287001	-4.828155	47.256000
3.317318	0.290007	-4.793191	47.356000
3.327237	0.290465	-4.780194	47.456000
3.340941	0.291145	-4.776974	47.556000
3.350786	0.291450	-4.790629	47.656000
3.362342	0.291373	-4.793354	47.756000
3.374995	0.290161	-4.823640	47.856000
3.386139	0.287911	-4.832747	47.956000
3.396452	0.289003	-4.834053	48.056000
3.407565	0.289163	-4.837431	48.156000
3.420003	0.290716	-4.851232	48.256000
3.431444	0.291464	-4.848949	48.356000
3.442599	0.289232	-4.848245	48.456000
3.454256	0.286063	-4.824653	48.556000
3.465652	0.285355	-4.801458	48.656000
3.477103	0.286460	-4.854877	48.756000
3.487861	0.287351	-4.876685	48.856000
3.499232	0.287173	-4.894496	48.956000
3.510381	0.286455	-4.852913	49.056000
3.521474	0.286475	-4.826482	49.156000
3.532967	0.286558	-4.791421	49.257000
3.544854	0.286313	-4.764771	49.356000
3.555804	0.284377	-4.753375	49.456000
3.566949	0.281703	-4.747307	49.556000
3.578470	0.281452	-4.717152	49.656000
3.589524	0.283868	-4.714041	49.756000
3.600651	0.286392	-4.740735	49.856000
3.612596	0.286371	-4.775374	49.956000
3.623856	0.286481	-4.757665	50.056000
3.635555	0.286492	-4.767382	50.156000
3.646783	0.286563	-4.790760	50.256000
3.657866	0.288972	-4.788894	50.357000
3.668997	0.294377	-4.786661	50.456000
3.680934	0.295747	-4.809157	50.556000
3.692582	0.293179	-4.812910	50.656000
3.703909	0.288430	-4.823354	50.756000
3.715203	0.287883	-4.825503	50.856000
3.726626	0.289971	-4.845422	50.956000
3.737281	0.287461	-4.838575	51.056000
3.749381	0.286172	-4.824369	51.156000
3.760728	0.286578	-4.782173	51.256000
3.771838	0.288558	-4.786061	51.356000
3.783378	0.286932	-4.793735	51.456000
3.794876	0.287463	-4.791430	51.556000
3.806480	0.289606	-4.795856	51.657000
3.818140	0.290528	-4.790507	51.756000
3.829521	0.286682	-4.791891	51.856000
3.840940	0.284831	-4.792365	51.956000
3.851905	0.286149	-4.787488	52.056000
3.863383	0.289073	-4.802512	52.156000
3.874843	0.289094	-4.811493	52.256000
3.886320	0.286129	-4.801052	52.356000
3.897775	0.285209	-4.793413	52.457000
3.909080	0.286820	-4.777859	52.556000
3.920215	0.290799	-4.780831	52.656000
3.931895	0.291654	-4.812720	52.756000
3.943175	0.290125	-4.846811	52.856000
3.954991	0.287942	-4.861406	52.956000
3.965772	0.286434	-4.832592	53.056000
3.976909	0.286522	-4.801860	53.156000
3.988235	0.286430	-4.799935	53.256000
3.999640	0.287960	-4.798342	53.356000
4.011080	0.288239	-4.818458	53.456000
4.022039	0.287331	-4.832748	53.556000
4.034144	0.288586	-4.821712	53.656000
4.045312	0.291016	-4.789794	53.756000
4.055904	0.289235	-4.752214	53.857000
4.065916	0.286599	-4.739601	53.956000
4.080057	0.286579	-4.732747	54.056000
4.089087	0.283611	-4.757422	54.156000
4.101913	0.281874	-4.780624	54.256000
4.111596	0.286139	-4.771688	54.356000
4.125594	0.285356	-4.805676	54.456000
4.135665	0.284851	-4.801561	54.557000
4.144837	0.287745	-4.825186	54.656000
4.155940	0.290008	-4.832293	54.756000
4.169693	0.287529	-4.849002	54.856000
4.182540	0.286121	-4.840844	54.956000
4.191835	0.286119	-4.825725	55.056000
4.204041	0.286641	-4.824461	55.156000
4.214139	0.286734	-4.825883	55.256000
4.225358	0.289004	-4.822850	55.357000
4.236029	0.291612	-4.807679	55.457000
4.246928	0.289468	-4.789710	55.557000
4.258326	0.291465	-4.774414	55.657000
4.269979	0.291856	-4.754152	55.756000
4.281858	0.292218	-4.728096	55.856000
4.292646	0.292277	-4.735948	55.956000
4.304148	0.289921	-4.770938	56.056000
4.314958	0.288369	-4.745646	56.156000
4.327150	0.290176	-4.736582	56.256000
4.340320	0.291599	-4.757565	56.356000
4.352983	0.291302	-4.764760	56.456000
4.361978	0.291452	-4.731160	56.556000
4.372922	0.291785	-4.734468	56.657000
4.387146	0.291677	-4.791893	56.756000
4.396131	0.294130	-4.832903	56.856000
4.406377	0.293380	-4.858534	56.956000
4.421546	0.290094	-4.829390	57.056000
4.430576	0.289866	-4.774313	57.156000
4.441247	0.288880	-4.776044	57.257000
4.454503	0.287101	-4.810808	57.356000
4.464795	0.287431	-4.823668	57.456000
4.476553	0.289527	-4.831406	57.556000
4.488026	0.289023	-4.823285	57.656000
4.497881	0.286796	-4.820178	57.756000
4.511562	0.287820	-4.833566	57.856000
4.519879	0.289731	-4.830898	57.956000
4.532382	0.290781	-4.808285	58.056000
4.544345	0.293805	-4.803531	58.156000
4.554903	0.293581	-4.797147	58.256000
4.566027	0.292768	-4.787627	58.356000
4.577063	0.295705	-4.788420	58.456000
4.587957	0.295331	-4.811119	58.556000
4.598702	0.294870	-4.812696	58.656000
4.610443	0.295912	-4.806876	58.756000
4.622050	0.295112	-4.791947	58.856000
4.632708	0.291909	-4.803815	58.956000
4.644015	0.290358	-4.801940	59.056000
4.656221	0.285650	-4.814317	59.156000
4.666363	0.284116	-4.800012	59.256000
4.678078	0.286840	-4.795755	59.356000
4.690078	0.292458	-4.800426	59.456000
4.700206	0.293866	-4.792711	59.556000
4.711872	0.291559	-4.802997	59.656000
4.723396	0.291229	-4.796789	59.756000
4.734052	0.287514	-4.822242	59.856000
4.745929	0.285313	-4.829641	59.956000
4.757114	0.284516	-4.865955	60.056000
4.768224	0.284117	-4.842124	60.156000
4.779064	0.284996	-4.847280	60.256000
4.791177	0.286387	-4.833600	60.357000
4.801631	0.285829	-4.862777	60.456000
4.812670	0.285762	-4.878059	60.556000
4.824024	0.286644	-4.834806	60.656000
4.835755	0.288873	-4.788981	60.756000
4.846793	0.290849	-4.771250	60.856000
4.858303	0.291406	-4.770679	60.956000
4.869709	0.290363	-4.771724	61.057000
4.880909	0.286590	-4.763524	61.156000
4.892408	0.286565	-4.809579	61.256000
4.903162	0.287901	-4.874184	61.356000
4.914820	0.290123	-4.905491	61.456000
4.925823	0.289782	-4.865302	61.556000
4.937132	0.288595	-4.811251	61.656000
4.948586	0.285892	-4.795218	61.756000
4.959348	0.281936	-4.827925	61.857000
4.971011	0.280122	-4.846146	61.956000
4.982220	0.285051	-4.831266	62.056000
4.993710	0.286631	-4.815368	62.157000
5.005240	0.286406	-4.793031	62.256000
5.015873	0.286651	-4.795983	62.356000
5.027383	0.288348	-4.793236	62.456000
5.037990	0.292070	-4.772348	62.557000
5.049997	0.291568	-4.772106	62.656000
5.060243	0.289999	-4.785123	62.756000
5.072246	0.287424	-4.790828	62.856000
5.082445	0.289422	-4.754806	62.956000
5.093987	0.292421	-4.740517	63.056000
5.105564	0.294977	-4.726020	63.156000
5.116589	0.291962	-4.756881	63.257000
5.127796	0.287429	-4.810328	63.357000
5.139468	0.287103	-4.826832	63.456000
5.149907	0.288888	-4.844321	63.556000
5.160761	0.289921	-4.866406	63.656000
5.172965	0.286047	-4.889874	63.756000
5.183939	0.282109	-4.881425	63.856000
5.195237	0.280042	-4.886321	63.956000
5.206329	0.283283	-4.865425	64.056000
5.217547	0.286584	-4.827733	64.156000
5.228801	0.286649	-4.787203	64.256000
5.240414	0.289503	-4.770180	64.356000
5.250999	0.291569	-4.770537	64.456000
5.262727	0.289711	-4.782335	64.556000
5.273226	0.289164	-4.750930	64.656000
5.284662	0.290136	-4.737503	64.756000
5.295871	0.291185	-4.742744	64.856000
5.307608	0.291293	-4.721448	64.962000
5.318959	0.289621	-4.732619	65.056000
5.329697	0.290044	-4.738177	65.156000
5.340560	0.290323	-4.736481	65.256000
5.351799	0.291006	-4.771526	65.356000
5.363272	0.291270	-4.787646	65.456000
5.374734	0.290473	-4.813214	65.557000
5.385407	0.287837	-4.823255	65.656000
5.396727	0.288402	-4.817809	65.756000
5.407594	0.286946	-4.824162	65.856000
5.418526	0.285325	-4.806055	65.956000
5.430285	0.281408	-4.838117	66.056000
5.440921	0.284119	-4.844879	66.156000
5.452329	0.286335	-4.871094	66.256000
5.462871	0.287481	-4.869730	66.356000
5.473581	0.288760	-4.831971	66.456000
5.484986	0.289794	-4.804120	66.556000
5.496609	0.291656	-4.789338	66.656000
5.507538	0.291572	-4.770551	66.756000
5.519015	0.291004	-4.756909	66.856000
5.527182	0.288889	-4.772504	66.956000
5.530061	0.288856	-4.774049	67.056000
5.528119	0.288859	-4.801387	67.156000
5.524655	0.286700	-4.825237	67.256000
5.520416	0.286338	-4.825599	67.356000
5.515481	0.290441	-4.821449	67.456000
5.510027	0.292897	-4.787485	67.556000
5.504393	0.290420	-4.769350	67.656000
5.498247	0.287131	-4.790390	67.756000
5.491548	0.286512	-4.792461	67.856000
5.484679	0.288346	-4.776494	67.956000
5.478481	0.288783	-4.764118	68.056000
5.470945	0.286430	-4.744752	68.156000
5.462624	0.284418	-4.757295	68.256000
5.457067	0.284077	-4.794825	68.357000
5.447097	0.286042	-4.823560	68.456000
5.440506	0.283879	-4.792214	68.556000
5.433309	0.281389	-4.765261	68.656000
5.424690	0.279637	-4.744910	68.756000
5.415097	0.279182	-4.742569	68.856000
5.407889	0.282464	-4.760668	68.956000
5.400871	0.284360	-4.793258	69.056000
5.392588	0.286756	-4.776018	69.156000
5.384348	0.290606	-4.737191	69.256000
5.375114	0.292392	-4.776802	69.356000
5.365578	0.291673	-4.788055	69.457000
5.356097	0.294017	-4.742012	69.556000
5.347160	0.292984	-4.745530	69.657000
5.338234	0.289644	-4.785013	69.756000
5.329423	0.287394	-4.791345	69.857000
5.322203	0.286857	-4.802076	69.956000
5.314501	0.285657	-4.783286	70.056000
5.304259	0.284718	-4.774103	70.157000
5.295487	0.283007	-4.790138	70.256000
5.286194	0.281901	-4.783291	70.356000
5.276109	0.283089	-4.778747	70.456000
5.266811	0.288121	-4.773968	70.556000
5.259686	0.290493	-4.750267	70.656000
5.249240	0.286529	-4.733500	70.757000
5.239944	0.286522	-4.756034	70.856000
5.231574	0.286425	-4.767110	70.957000
5.220962	0.287750	-4.774309	71.056000
5.213507	0.286767	-4.793500	71.156000
5.202478	0.287525	-4.799674	71.256000
5.195106	0.287392	-4.819887	71.356000
5.184268	0.287968	-4.839733	71.456000
5.175374	0.291034	-4.808670	71.556000
5.166450	0.291206	-4.772067	71.656000
5.156660	0.292410	-4.769710	71.756000
5.146824	0.293208	-4.769671	71.856000
5.137390	0.291520	-4.771358	71.956000
5.127358	0.289559	-4.798632	72.056000
5.118391	0.288780	-4.810595	72.156000
5.108963	0.286624	-4.799835	72.256000
5.098869	0.287619	-4.822874	72.356000
5.089081	0.290625	-4.814456	72.456000
5.079717	0.293487	-4.793120	72.556000
5.069666	0.293738	-4.777322	72.656000
5.059895	0.290610	-4.761630	72.756000
5.050339	0.286681	-4.752649	72.856000
5.040838	0.287997	-4.774070	72.956000
5.030939	0.291067	-4.771842	73.056000
5.020735	0.291586	-4.772858	73.156000
5.010663	0.291346	-4.773120	73.256000
5.001326	0.291421	-4.762004	73.356000
4.990952	0.291600	-4.736157	73.456000
4.981364	0.291508	-4.725166	73.556000
4.971855	0.291396	-4.760924	73.656000
4.961269	0.291421	-4.749669	73.756000
4.952056	0.291242	-4.733807	73.856000
4.941633	0.289260	-4.737768	73.956000
4.931622	0.288619	-4.748549	74.056000
4.922098	0.288954	-4.771801	74.156000
4.912250	0.287936	-4.767443	74.256000
4.902083	0.286445	-4.751423	74.356000
4.892316	0.287583	-4.770482	74.456000
4.882133	0.289269	-4.772853	74.556000
4.872140	0.289339	-4.761388	74.656000
4.862370	0.287232	-4.742760	74.756000
4.851652	0.288318	-4.777379	74.856000
4.841690	0.291361	-4.816472	74.956000
4.831687	0.291442	-4.791565	75.056000
4.822002	0.290823	-4.744359	75.156000
4.811568	0.291747	-4.729083	75.256000
4.802060	0.291508	-4.762555	75.356000
4.791614	0.287387	-4.757284	75.456000
4.781571	0.283835	-4.758652	75.556000
4.771602	0.283142	-4.805249	75.656000
4.761833	0.285758	-4.833312	75.756000
4.751193	0.286849	-4.817750	75.856000
4.741919	0.288633	-4.782490	75.956000
4.731577	0.286583	-4.754937	76.056000
4.721127	0.286590	-4.788285	76.156000
4.711392	0.286429	-4.784800	76.256000
4.701450	0.290028	-4.772065	76.356000
4.690450	0.294743	-4.783518	76.456000
4.680714	0.292218	-4.785112	76.556000
4.670191	0.289290	-4.792443	76.656000
4.659544	0.287080	-4.809011	76.756000
4.649887	0.282608	-4.814743	76.856000
4.639533	0.282484	-4.795334	76.956000
4.629865	0.287350	-4.792361	77.057000
4.618280	0.291175	-4.803871	77.156000
4.607363	0.293586	-4.832768	77.256000
4.598123	0.298579	-4.856049	77.356000
4.588928	0.294635	-4.845380	77.456000
4.575931	0.290667	-4.823871	77.556000
4.568149	0.291120	-4.793012	77.657000
4.554580	0.290689	-4.788757	77.756000
4.546596	0.290015	-4.786311	77.856000
4.535414	0.291632	-4.783627	77.956000
4.527138	0.291811	-4.770281	78.057000
4.513358	0.294065	-4.767309	78.156000
4.502492	0.292148	-4.745531	78.256000
4.493111	0.288850	-4.739480	78.356000
4.483577	0.287052	-4.769905	78.456000
4.475024	0.285358	-4.762505	78.556000
4.464372	0.282998	-4.785263	78.656000
4.453434	0.281617	-4.804796	78.756000
4.443019	0.281522	-4.803374	78.856000
4.432541	0.283406	-4.796137	78.956000
4.420671	0.285558	-4.798620	79.056000
4.408242	0.288741	-4.777325	79.156000
4.398663	0.291578	-4.753287	79.256000
4.389310	0.291572	-4.752061	79.357000
4.378326	0.288891	-4.782505	79.456000
4.364825	0.286604	-4.776145	79.556000
4.356369	0.286673	-4.780602	79.657000
4.347578	0.286591	-4.795217	79.757000
4.335309	0.286673	-4.795937	79.856000
4.323367	0.286664	-4.792989	79.956000
4.313829	0.289708	-4.793255	80.056000
4.305802	0.293457	-4.769378	80.156000
4.292820	0.294696	-4.799664	80.256000
4.282957	0.292057	-4.819701	80.356000
4.274047	0.288068	-4.805818	80.456000
4.259708	0.285523	-4.790067	80.557000
4.250310	0.283797	-4.799487	80.656000
4.242564	0.282723	-4.803807	80.756000
4.229142	0.286251	-4.796127	80.856000
4.220147	0.286331	-4.772425	80.957000
4.208100	0.281971	-4.754862	81.056000
4.199100	0.281159	-4.778749	81.156000
4.186276	0.284073	-4.800326	81.256000
4.175813	0.282795	-4.830091	81.356000
4.166725	0.282121	-4.798959	81.456000
4.155903	0.285290	-4.755581	81.556000
4.144004	0.288460	-4.771984	81.656000
4.134497	0.289245	-4.793956	81.757000
4.122437	0.288501	-4.803830	81.856000
4.112428	0.287833	-4.823237	81.956000
4.101527	0.288058	-4.830991	82.056000
4.090888	0.286676	-4.838540	82.156000
4.080290	0.287050	-4.833597	82.257000
4.069057	0.286490	-4.806191	82.356000
4.058343	0.284550	-4.778097	82.457000
4.047480	0.284146	-4.787160	82.556000
4.036980	0.287416	-4.806780	82.656000
4.025841	0.288836	-4.791351	82.756000
4.015458	0.286574	-4.767185	82.856000
4.004106	0.286651	-4.753867	82.956000
3.993327	0.286659	-4.765237	83.056000
3.982486	0.289816	-4.773443	83.156000
3.971851	0.290679	-4.787630	83.256000
3.961068	0.289151	-4.805966	83.356000
3.949884	0.289749	-4.818869	83.457000
3.939033	0.290823	-4.823385	83.556000
3.928519	0.287510	-4.824350	83.656000
3.917606	0.282142	-4.830124	83.756000
3.906769	0.279934	-4.805483	83.856000
3.895461	0.283676	-4.778110	83.956000
3.884505	0.286559	-4.780175	84.056000
3.873241	0.286890	-4.788510	84.156000
3.862486	0.286554	-4.795038	84.256000
3.851998	0.286482	-4.790650	84.356000
3.841046	0.286645	-4.786626	84.456000
3.829953	0.285564	-4.817132	84.556000
3.819065	0.286481	-4.799955	84.656000
3.808392	0.286312	-4.803120	84.756000
3.797696	0.285671	-4.755071	84.856000
3.786999	0.286383	-4.726419	84.956000
3.776021	0.287860	-4.724155	85.056000
3.765197	0.286713	-4.725307	85.156000
3.754028	0.287317	-4.739943	85.256000
3.743204	0.290211	-4.751699	85.357000
3.732220	0.293706	-4.768300	85.456000
3.721554	0.295157	-4.765403	85.556000
3.710583	0.296332	-4.785581	85.656000
3.699395	0.294115	-4.793624	85.756000
3.688467	0.296727	-4.782084	85.856000
3.677436	0.298932	-4.797364	85.956000
3.666420	0.296223	-4.787281	86.056000
3.655598	0.292579	-4.801842	86.157000
3.644196	0.291295	-4.791251	86.256000
3.632796	0.291605	-4.786085	86.357000
3.621933	0.293797	-4.756923	86.456000
3.611197	0.292566	-4.752569	86.557000
3.599769	0.289890	-4.772909	86.656000
3.588941	0.290576	-4.761268	86.756000
3.578015	0.290851	-4.730538	86.856000
3.566825	0.286875	-4.750723	86.956000
3.555497	0.286978	-4.782911	87.056000
3.544502	0.290919	-4.790093	87.156000
3.533452	0.291713	-4.788588	87.256000
3.522542	0.292899	-4.770627	87.356000
3.511180	0.293196	-4.764293	87.456000
3.499912	0.290761	-4.758127	87.556000
3.489471	0.289193	-4.772833	87.656000
3.477894	0.289253	-4.772770	87.756000
3.466829	0.289410	-4.757621	87.856000
3.455667	0.290835	-4.776260	87.956000
3.444595	0.289333	-4.819199	88.056000
3.433460	0.286355	-4.845906	88.156000
3.422052	0.287399	-4.825302	88.256000
3.411413	0.286136	-4.825680	88.356000
3.399837	0.284169	-4.821801	88.456000
3.388896	0.287234	-4.796170	88.556000
3.377643	0.288558	-4.775779	88.656000
3.366308	0.287033	-4.764484	88.756000
3.355345	0.286632	-4.753870	88.856000
3.344110	0.286767	-4.787386	88.956000
3.333216	0.287495	-4.803570	89.056000
3.322207	0.288010	-4.805124	89.156000
3.310970	0.289491	-4.820654	89.256000
3.300093	0.291325	-4.820400	89.356000
3.288763	0.290885	-4.822542	89.456000
3.277887	0.289559	-4.837881	89.556000
3.267170	0.288217	-4.811805	89.656000
3.255887	0.286514	-4.789559	89.756000
3.244546	0.286705	-4.777537	89.856000
3.233524	0.289020	-4.772902	89.956000
3.222387	0.291090	-4.777466	90.056000
3.211465	0.293989	-4.802365	90.157000
3.200626	0.292339	-4.819331	90.256000
3.188341	0.291582	-4.823620	90.356000
3.177390	0.291573	-4.838822	90.456000
3.165934	0.292400	-4.802564	90.556000
3.155172	0.291803	-4.786036	90.656000
3.144006	0.291552	-4.787088	90.756000
3.133105	0.292722	-4.807462	90.856000
3.120881	0.291502	-4.821837	90.956000
3.110603	0.291808	-4.800201	91.056000
3.099217	0.293092	-4.797957	91.157000
3.086940	0.293819	-4.814443	91.256000
3.075873	0.291621	-4.812236	91.356000
3.065445	0.289489	-4.822295	91.456000
3.055122	0.291260	-4.820439	91.556000
3.042537	0.292634	-4.819035	91.656000
3.031553	0.293892	-4.799284	91.756000
3.021475	0.291575	-4.757464	91.856000
3.008384	0.291328	-4.744381	91.956000
2.998867	0.291489	-4.792851	92.056000
2.985609	0.292692	-4.808119	92.157000
2.976796	0.294081	-4.791613	92.256000
2.964168	0.290136	-4.796894	92.356000
2.952354	0.290267	-4.814864	92.456000
2.941989	0.290812	-4.842002	92.556000
2.930422	0.287676	-4.846870	92.656000
2.918573	0.284982	-4.824468	92.756000
2.907323	0.288166	-4.821429	92.856000
2.896131	0.291861	-4.864557	92.956000
2.884972	0.288576	-4.884428	93.056000
2.874000	0.286429	-4.841825	93.156000
2.861501	0.289188	-4.785735	93.256000
2.850449	0.291628	-4.753986	93.356000
2.839542	0.291404	-4.759636	93.457000
2.828094	0.287363	-4.790719	93.556000
2.816372	0.286463	-4.786221	93.656000
2.805457	0.285735	-4.774533	93.756000
2.793809	0.288795	-4.774723	93.856000
2.784979	0.294071	-4.767878	93.956000
2.771476	0.294672	-4.768005	94.056000
2.759625	0.296559	-4.750515	94.156000
2.749748	0.296464	-4.742236	94.256000
2.739094	0.296955	-4.766000	94.356000
2.724608	0.298943	-4.799303	94.456000
2.715520	0.295577	-4.836109	94.556000
2.703355	0.291007	-4.838358	94.656000
2.691568	0.287638	-4.824137	94.756000
2.680392	0.285155	-4.805766	94.856000
2.668973	0.280097	-4.795449	94.956000
2.657900	0.281771	-4.779884	95.056000
2.646566	0.286536	-4.773006	95.156000
2.635530	0.290012	-4.741026	95.256000
2.623613	0.291542	-4.738327	95.356000
2.612292	0.291459	-4.759006	95.456000
2.601367	0.291448	-4.783246	95.556000
2.589954	0.289148	-4.778571	95.656000
2.577693	0.289968	-4.772001	95.756000
2.566539	0.291290	-4.771453	95.856000
2.556703	0.291443	-4.728964	95.956000
2.545956	0.291368	-4.695774	96.056000
2.534536	0.289695	-4.715347	96.156000
2.520114	0.290769	-4.733125	96.256000
2.509012	0.291366	-4.745744	96.356000
2.497903	0.290988	-4.758122	96.456000
2.487012	0.289149	-4.772807	96.556000
2.475489	0.288876	-4.769224	96.657000
2.463061	0.286551	-4.753591	96.756000
2.452094	0.287708	-4.768530	96.856000
2.440596	0.289110	-4.780383	96.956000
2.429461	0.289198	-4.796242	97.056000
2.417560	0.289058	-4.779513	97.156000
2.406321	0.289214	-4.769748	97.256000
2.394901	0.291285	-4.763807	97.356000
2.383247	0.291987	-4.746545	97.456000
2.370563	0.291424	-4.746543	97.556000
2.361222	0.289969	-4.764521	97.656000
2.349332	0.288746	-4.776929	97.757000
2.335959	0.290355	-4.785069	97.857000
2.325812	0.291426	-4.782185	97.956000
2.314968	0.291425	-4.770489	98.056000
2.302378	0.291517	-4.770807	98.156000
2.291845	0.290898	-4.789234	98.256000
2.278939	0.287162	-4.797510	98.356000
2.267625	0.284393	-4.802555	98.456000
2.256007	0.284435	-4.817869	98.556000
2.245569	0.287353	-4.816913	98.656000
2.234781	0.287549	-4.792513	98.756000
2.222882	0.289006	-4.789166	98.856000
2.211520	0.289906	-4.805405	98.956000
2.200142	0.287718	-4.814544	99.057000
2.188610	0.285389	-4.828717	99.156000
2.177293	0.284005	-4.826019	99.256000
2.165929	0.281439	-4.808148	99.356000
2.153678	0.279600	-4.790649	99.456000
2.141624	0.281044	-4.792973	99.556000
2.130768	0.283908	-4.777745	99.656000
2.119078	0.286214	-4.767079	99.756000
2.107648	0.286423	-4.747368	99.856000
2.096835	0.286521	-4.740039	99.956000
2.084473	0.289756	-4.722164	100.056000
2.073336	0.293427	-4.734978	100.157000
2.061487	0.290895	-4.770293	100.256000
2.050411	0.288953	-4.765920	100.356000
2.038678	0.286507	-4.755682	100.456000
2.027204	0.286488	-4.772069	100.556000
2.015654	0.288557	-4.768211	100.656000
2.003965	0.289161	-4.745458	100.756000
1.992879	0.289002	-4.760285	100.856000
1.981443	0.289330	-4.780470	100.956000
1.969649	0.289290	-4.790862	101.056000
1.957800	0.291136	-4.773006	101.156000
1.945457	0.291578	-4.758027	101.256000
1.934563	0.291511	-4.752324	101.356000
1.923878	0.295822	-4.776141	101.456000
1.911201	0.296509	-4.774039	101.556000
1.900830	0.295729	-4.757939	101.656000
1.889209	0.293997	-4.746177	101.756000
1.877599	0.293994	-4.773743	101.856000
1.865372	0.295048	-4.791392	101.956000
1.853910	0.294210	-4.817644	102.056000
1.841575	0.294016	-4.842811	102.156000
1.830483	0.291654	-4.861344	102.256000
1.818712	0.290077	-4.869602	102.356000
1.807081	0.289054	-4.865840	102.456000
1.795198	0.288980	-4.856349	102.556000
1.783840	0.290502	-4.821346	102.656000
1.772210	0.291234	-4.789026	102.757000
1.760564	0.291238	-4.770673	102.856000
1.748971	0.290314	-4.750545	102.956000
1.738191	0.286728	-4.775061	103.056000
1.725651	0.285757	-4.788693	103.156000
1.714774	0.287808	-4.790472	103.257000
1.703297	0.287419	-4.793785	103.356000
1.691595	0.286405	-4.762681	103.456000
1.679500	0.286973	-4.752335	103.556000
1.668511	0.288583	-4.778558	103.656000
1.656585	0.289089	-4.785487	103.758000
1.645849	0.292274	-4.770414	103.856000
1.633673	0.296125	-4.789671	103.956000
1.622284	0.296645	-4.811722	104.057000
1.610563	0.296434	-4.817556	104.156000
1.599062	0.296181	-4.821537	104.256000
1.587612	0.292764	-4.813410	104.356000
1.576117	0.289362	-4.826993	104.456000
1.564322	0.291122	-4.828910	104.557000
1.552259	0.289857	-4.812943	104.656000
1.540820	0.289120	-4.783860	104.756000
1.529053	0.289112	-4.773150	104.856000
1.517719	0.288969	-4.787310	104.956000
1.506080	0.289306	-4.804351	105.056000
1.494004	0.289286	-4.835517	105.156000
1.482330	0.289108	-4.826718	105.256000
1.470635	0.287757	-4.796841	105.356000
1.459269	0.286407	-4.797492	105.456000
1.447746	0.287823	-4.795149	105.556000
1.436115	0.288944	-4.773662	105.656000
1.424109	0.289552	-4.777384	105.757000
1.412605	0.291377	-4.796463	105.856000
1.400965	0.291540	-4.778488	105.956000
1.389252	0.293155	-4.762934	106.056000
1.377717	0.291470	-4.786914	106.156000
1.366009	0.291533	-4.794700	106.256000
1.353961	0.291791	-4.787617	106.356000
1.342895	0.295468	-4.818875	106.456000
1.331008	0.296301	-4.830710	106.556000
1.319365	0.295383	-4.826876	106.657000
1.307470	0.291542	-4.826397	106.756000
1.295850	0.291584	-4.831708	106.856000
1.283924	0.295125	-4.851211	106.956000
1.272609	0.297749	-4.880999	107.057000
1.260931	0.292761	-4.873746	107.156000
1.249225	0.289707	-4.845847	107.256000
1.237591	0.288921	-4.823500	107.356000
1.225844	0.288850	-4.822821	107.456000
1.214616	0.288939	-4.800866	107.556000
1.202906	0.288406	-4.821277	107.657000
1.191373	0.286757	-4.814981	107.756000
1.179658	0.286330	-4.795365	107.856000
1.168270	0.286098	-4.789154	107.956000
1.156779	0.286273	-4.789144	108.056000
1.145537	0.287931	-4.773866	108.156000
1.133918	0.292009	-4.764509	108.256000
1.122163	0.293979	-4.789673	108.356000
1.110463	0.294054	-4.841392	108.456000
1.098517	0.295446	-4.880178	108.556000
1.086691	0.293893	-4.863054	108.657000
1.074780	0.293170	-4.834899	108.756000
1.063276	0.291325	-4.831225	108.856000
1.051848	0.288321	-4.836087	108.956000
1.039803	0.287052	-4.836504	109.056000
1.028099	0.289256	-4.842293	109.156000
1.016474	0.292055	-4.820977	109.256000
1.004797	0.295498	-4.797291	109.356000
0.993162	0.296101	-4.781898	109.456000
0.981761	0.295001	-4.806639	109.556000
0.970134	0.291624	-4.842157	109.656000
0.957915	0.294340	-4.846519	109.757000
0.946181	0.298713	-4.838407	109.856000
0.934562	0.300285	-4.863210	109.956000
0.923029	0.298453	-4.858133	110.057000
0.911309	0.293469	-4.837677	110.157000
0.899438	0.291395	-4.810839	110.256000
0.887912	0.293466	-4.782626	110.356000
0.875894	0.294579	-4.748715	110.456000
0.864280	0.295946	-4.726782	110.556000
0.852777	0.292962	-4.745597	110.656000
0.840968	0.291226	-4.752099	110.756000
0.829388	0.291066	-4.775296	110.856000
0.817669	0.292399	-4.799619	110.956000
0.805775	0.293556	-4.823410	111.056000
0.794148	0.291431	-4.835270	111.156000
0.782569	0.291307	-4.834265	111.256000
0.770949	0.291302	-4.823593	111.356000
0.759113	0.292421	-4.799330	111.457000
0.747395	0.292448	-4.807849	111.556000
0.735804	0.292031	-4.824563	111.657000
0.724137	0.291379	-4.845979	111.756000
0.712639	0.288667	-4.836182	111.856000
0.701114	0.287277	-4.826675	111.957000
0.689125	0.289669	-4.805026	112.057000
0.677643	0.292293	-4.818407	112.157000
0.666287	0.295919	-4.791957	112.256000
0.654632	0.296304	-4.794495	112.356000
0.642962	0.292166	-4.832207	112.457000
0.631280	0.288702	-4.840813	112.557000
0.620081	0.287823	-4.826031	112.656000
0.608561	0.286524	-4.818974	112.756000
0.596829	0.288945	-4.818130	112.856000
0.585599	0.288868	-4.828278	112.956000
0.574201	0.290367	-4.814398	113.056000
0.561982	0.291340	-4.788014	113.156000
0.550318	0.291220	-4.789618	113.256000
0.538686	0.291598	-4.811188	113.356000
0.527141	0.290709	-4.818443	113.456000
0.515701	0.287063	-4.800301	113.556000
0.504123	0.287807	-4.799062	113.656000
0.491973	0.290207	-4.822714	113.756000
0.480184	0.292129	-4.825691	113.856000
0.468608	0.291127	-4.843077	113.956000
0.456985	0.288633	-4.830121	114.056000
0.445529	0.286304	-4.782553	114.156000
0.433660	0.286272	-4.775403	114.256000
0.421588	0.286310	-4.784354	114.357000
0.410040	0.286762	-4.793197	114.456000
0.398374	0.290111	-4.792983	114.556000
0.387060	0.291319	-4.819389	114.656000
0.375563	0.289767	-4.864202	114.756000
0.363712	0.285105	-4.899984	114.856000
0.351813	0.281659	-4.867817	114.956000
0.339982	0.282458	-4.812529	115.057000
0.328254	0.285724	-4.791087	115.156000
0.317014	0.287080	-4.779024	115.256000
0.305424	0.290567	-4.767509	115.356000
0.293389	0.293100	-4.751439	115.456000
0.281582	0.293857	-4.767880	115.556000
0.269882	0.294164	-4.772197	115.656000
0.258537	0.296212	-4.785533	115.756000
0.247170	0.296134	-4.804040	115.856000
0.235333	0.294098	-4.834198	115.956000
0.223220	0.291525	-4.815757	116.057000
0.211946	0.291117	-4.806636	116.156000
0.200165	0.292762	-4.818699	116.256000
0.188568	0.295564	-4.815876	116.356000
0.177213	0.293897	-4.794187	116.456000
0.165544	0.293722	-4.799828	116.556000
0.153942	0.291573	-4.825391	116.656000
0.142256	0.291273	-4.787191	116.756000
0.130646	0.292576	-4.769183	116.856000
0.120507	0.297233	-4.776295	116.956000
0.114298	0.300889	-4.810312	117.057000
0.109941	0.301586	-4.837607	117.157000
0.106059	0.299386	-4.862307	117.257000
0.102982	0.293061	-4.873736	117.356000
0.100364	0.291105	-4.863030	117.456000
0.097588	0.290150	-4.845710	117.556000
0.095440	0.287446	-4.827791	117.656000
0.093505	0.286192	-4.824626	117.756000
0.091578	0.284161	-4.851584	117.856000
0.089792	0.285694	-4.832898	117.956000
0.088046	0.288460	-4.820018	118.056000
0.086580	0.289149	-4.793133	118.156000
0.085069	0.290882	-4.772297	118.257000
0.083618	0.291268	-4.800684	118.356000
0.082395	0.293148	-4.818295	118.456000
0.081366	0.293531	-4.817893	118.556000
0.080391	0.292597	-4.821266	118.656000
0.079108	0.293834	-4.828730	118.756000
0.078456	0.290593	-4.826453	118.857000
0.077498	0.289259	-4.803390	118.956000
0.076594	0.291266	-4.791921	119.056000
0.075614	0.292730	-4.791189	119.156000
0.074910	0.295981	-4.787999	119.256000
0.074144	0.292761	-4.802844	119.356000
0.073107	0.289569	-4.785577	119.456000
