NaN	NaN	NaN	15.191000
-0.141767	0.884255	-3.602829	15.291000
-0.141644	0.886385	-3.608450	15.391000
-0.141767	0.884326	-3.582425	15.491000
-0.141729	0.886661	-3.558171	15.591000
-0.141734	0.893331	-3.547913	15.691000
-0.141635	0.890810	-3.559617	15.791000
-0.141810	0.887161	-3.558789	15.892000
-0.141603	0.882427	-3.571742	15.992000
-0.141657	0.883148	-3.567997	16.092000
-0.141622	0.892346	-3.551575	16.191000
-0.141577	0.900240	-3.557509	16.291000
-0.141624	0.895474	-3.583378	16.392000
-0.141810	0.878812	-3.560438	16.491000
-0.141933	0.867037	-3.521461	16.591000
-0.141875	0.873211	-3.516582	16.691000
-0.141661	0.883831	-3.528455	16.791000
-0.141807	0.887440	-3.546083	16.891000
-0.141308	0.887113	-3.554968	16.992000
-0.137122	0.886579	-3.572635	17.092000
-0.130727	0.884312	-3.577634	17.191000
-0.123980	0.884357	-3.576598	17.291000
-0.116691	0.893931	-3.596703	17.391000
-0.109033	0.897343	-3.593960	17.491000
-0.101039	0.894405	-3.566882	17.591000
-0.093233	0.897531	-3.556927	17.691000
-0.084473	0.899536	-3.557780	17.791000
-0.076226	0.903206	-3.566296	17.891000
-0.067429	0.907295	-3.583377	17.991000
-0.058718	0.901935	-3.599819	18.091000
-0.050180	0.900245	-3.614672	18.191000
-0.041288	0.901027	-3.600610	18.291000
-0.032349	0.900404	-3.594548	18.391000
-0.023384	0.897368	-3.586571	18.491000
-0.013921	0.894306	-3.587285	18.591000
-0.004812	0.885239	-3.590793	18.691000
0.004267	0.884691	-3.602755	18.791000
0.013388	0.889895	-3.602978	18.891000
0.022615	0.895603	-3.616082	18.991000
0.032427	0.889780	-3.636984	19.091000
0.041855	0.895432	-3.652541	19.191000
0.051393	0.893028	-3.661435	19.291000
0.060817	0.889906	-3.629603	19.391000
0.070442	0.893765	-3.604104	19.491000
0.080026	0.904971	-3.584961	19.591000
0.089975	0.902761	-3.556839	19.692000
0.099664	0.895501	-3.521434	19.791000
0.109259	0.894790	-3.529736	19.892000
0.118635	0.891479	-3.575897	19.991000
0.128436	0.882746	-3.603026	20.091000
0.138045	0.873499	-3.611846	20.191000
0.148096	0.880157	-3.606785	20.291000
0.157686	0.887123	-3.602568	20.391000
0.167480	0.885089	-3.612264	20.491000
0.177339	0.889392	-3.610716	20.591000
0.187103	0.900851	-3.627023	20.691000
0.196983	0.911446	-3.636451	20.792000
0.207231	0.908913	-3.613576	20.891000
0.217120	0.901364	-3.594269	20.991000
0.226745	0.895977	-3.597537	21.091000
0.236679	0.898747	-3.604889	21.191000
0.246648	0.895772	-3.592336	21.292000
0.256251	0.899855	-3.574678	21.391000
0.266277	0.904771	-3.547161	21.491000
0.276134	0.901309	-3.547875	21.591000
0.285990	0.905059	-3.575405	21.692000
0.295900	0.900292	-3.598495	21.791000
0.305956	0.895140	-3.628205	21.891000
0.315753	0.889985	-3.661682	21.991000
0.326152	0.891576	-3.682636	22.091000
0.335899	0.886204	-3.670215	22.191000
0.346177	0.885132	-3.639868	22.291000
0.356218	0.890067	-3.604490	22.392000
0.366475	0.901550	-3.579881	22.491000
0.376874	0.902642	-3.585359	22.591000
0.387247	0.894647	-3.596413	22.691000
0.397150	0.890592	-3.615461	22.791000
0.407422	0.894486	-3.619675	22.891000
0.417449	0.897658	-3.612427	22.991000
0.427906	0.894256	-3.584559	23.092000
0.438402	0.891060	-3.569335	23.191000
0.448445	0.889264	-3.549221	23.291000
0.458650	0.899159	-3.558410	23.391000
0.469064	0.903091	-3.589906	23.491000
0.479218	0.896620	-3.568399	23.591000
0.489774	0.891558	-3.554970	23.691000
0.500287	0.895285	-3.584372	23.791000
0.510890	0.899725	-3.606703	23.891000
0.521159	0.900450	-3.615769	23.991000
0.531575	0.891634	-3.619816	24.091000
0.541910	0.886683	-3.631275	24.191000
0.552895	0.886949	-3.612671	24.291000
0.562978	0.886660	-3.587528	24.391000
0.573370	0.886146	-3.576809	24.491000
0.583544	0.885590	-3.574429	24.591000
0.593983	0.890261	-3.571016	24.691000
0.604369	0.892379	-3.551032	24.791000
0.615111	0.895918	-3.572508	24.891000
0.625676	0.901190	-3.590246	24.991000
0.635895	0.897478	-3.576773	25.091000
0.646419	0.897691	-3.551749	25.191000
0.656861	0.900699	-3.548637	25.291000
0.667777	0.906302	-3.591000	25.391000
0.678474	0.904315	-3.635789	25.491000
0.689400	0.896654	-3.644781	25.591000
0.699421	0.893813	-3.621862	25.691000
0.710164	0.890944	-3.611406	25.792000
0.720833	0.889493	-3.626358	25.891000
0.731029	0.891535	-3.630234	25.991000
0.741639	0.895235	-3.629633	26.091000
0.752272	0.891284	-3.606546	26.191000
0.762778	0.885505	-3.578857	26.291000
0.773271	0.883463	-3.554049	26.391000
0.783741	0.884117	-3.542995	26.491000
0.794319	0.888269	-3.569005	26.591000
0.804807	0.894618	-3.595661	26.691000
0.815514	0.900029	-3.590884	26.791000
0.826022	0.897927	-3.599041	26.891000
0.836831	0.896655	-3.614926	26.991000
0.847246	0.898771	-3.621064	27.091000
0.858393	0.901007	-3.598824	27.192000
0.869288	0.901608	-3.576401	27.291000
0.879690	0.901639	-3.583066	27.391000
0.890390	0.901673	-3.605535	27.491000
0.900904	0.902000	-3.625278	27.591000
0.912112	0.898748	-3.604997	27.691000
0.923003	0.894153	-3.590171	27.791000
0.933462	0.894084	-3.569347	27.891000
0.944110	0.898234	-3.545084	27.991000
0.954979	0.900443	-3.567735	28.091000
0.965598	0.905487	-3.583382	28.191000
0.976704	0.898837	-3.602926	28.291000
0.987628	0.897057	-3.628097	28.391000
0.998269	0.897227	-3.632023	28.491000
1.009277	0.890218	-3.606059	28.591000
1.019798	0.889266	-3.586512	28.691000
1.030939	0.901287	-3.586594	28.791000
1.042033	0.905883	-3.580591	28.891000
1.052493	0.899480	-3.609477	28.991000
1.063904	0.892219	-3.632472	29.091000
1.074505	0.897143	-3.613678	29.191000
1.085010	0.903340	-3.607319	29.292000
1.096288	0.904111	-3.595469	29.391000
1.107056	0.909059	-3.604181	29.491000
1.118129	0.908153	-3.585138	29.592000
1.128854	0.901004	-3.578152	29.691000
1.139910	0.894893	-3.571489	29.791000
1.150775	0.890763	-3.566659	29.891000
1.161546	0.893707	-3.566259	29.991000
1.173093	0.904072	-3.559886	30.092000
1.183836	0.910722	-3.565340	30.192000
1.194521	0.911220	-3.564835	30.291000
1.205329	0.898321	-3.589803	30.391000
1.216618	0.892607	-3.616943	30.491000
1.226319	0.890791	-3.617573	30.591000
1.237333	0.888159	-3.615604	30.691000
1.248799	0.885293	-3.603630	30.791000
1.259432	0.882324	-3.564162	30.892000
1.270582	0.888213	-3.531053	30.991000
1.281671	0.896489	-3.542586	31.091000
1.292481	0.896637	-3.563062	31.191000
1.303289	0.898305	-3.576216	31.291000
1.314172	0.901869	-3.594272	31.392000
1.325311	0.905256	-3.591067	31.491000
1.335657	0.909902	-3.593995	31.591000
1.347099	0.902447	-3.621970	31.691000
1.358449	0.891877	-3.632752	31.791000
1.369731	0.886343	-3.610960	31.891000
1.379933	0.890292	-3.591381	31.991000
1.391992	0.898457	-3.590595	32.091000
1.401396	0.896223	-3.580375	32.191000
1.412798	0.889870	-3.562965	32.292000
1.425231	0.890514	-3.567291	32.392000
1.435938	0.895653	-3.608183	32.491000
1.446263	0.898156	-3.605121	32.591000
1.457280	0.899606	-3.593599	32.691000
1.468972	0.897631	-3.579503	32.791000
1.480409	0.892493	-3.596419	32.891000
1.491260	0.886268	-3.617296	32.991000
1.502589	0.880982	-3.597441	33.091000
1.513251	0.885181	-3.562491	33.191000
1.524601	0.893610	-3.569480	33.291000
1.535347	0.900172	-3.595083	33.391000
1.546480	0.897547	-3.609803	33.491000
1.557584	0.891410	-3.611091	33.591000
1.568609	0.897372	-3.601885	33.691000
1.580133	0.899658	-3.594919	33.791000
1.590652	0.899833	-3.595150	33.891000
1.602613	0.899610	-3.578492	33.991000
1.614022	0.899567	-3.559455	34.091000
1.625296	0.899471	-3.584093	34.192000
1.635305	0.891173	-3.626334	34.291000
1.647453	0.885185	-3.627404	34.391000
1.658344	0.886032	-3.619007	34.491000
1.669638	0.890858	-3.622638	34.591000
1.680293	0.890520	-3.608677	34.691000
1.692028	0.887100	-3.605442	34.791000
1.702972	0.887310	-3.606294	34.891000
1.713873	0.880599	-3.627760	34.991000
1.725460	0.878017	-3.624784	35.091000
1.736063	0.885156	-3.620168	35.191000
1.747486	0.886965	-3.640480	35.291000
1.758623	0.890969	-3.659235	35.391000
1.769870	0.886037	-3.682466	35.491000
1.780959	0.892187	-3.662965	35.592000
1.791774	0.893653	-3.658949	35.691000
1.804624	0.893930	-3.654184	35.792000
1.814775	0.890052	-3.626883	35.891000
1.826473	0.895276	-3.594697	35.991000
1.835852	0.897081	-3.591285	36.091000
1.846983	0.891395	-3.581864	36.191000
1.858555	0.892995	-3.560774	36.291000
1.870511	0.900520	-3.565535	36.392000
1.882472	0.897471	-3.575347	36.491000
1.892185	0.893672	-3.606231	36.591000
1.903967	0.887722	-3.631240	36.691000
1.914980	0.885811	-3.632042	36.791000
1.926712	0.886401	-3.610496	36.892000
1.937969	0.905186	-3.595044	36.991000
1.948729	0.917135	-3.611018	37.091000
1.960194	0.912621	-3.596636	37.192000
1.971400	0.908325	-3.606533	37.291000
1.983071	0.901808	-3.616153	37.392000
1.993606	0.905513	-3.618159	37.491000
2.006112	0.902371	-3.621676	37.591000
2.016416	0.903167	-3.614287	37.692000
2.028079	0.896420	-3.629466	37.791000
2.039205	0.890006	-3.644558	37.891000
2.051632	0.889094	-3.655432	37.991000
2.063169	0.890875	-3.648286	38.092000
2.073959	0.895066	-3.609915	38.191000
2.085575	0.903684	-3.605455	38.291000
2.097893	0.901524	-3.623957	38.392000
2.105857	0.899636	-3.603955	38.491000
2.119726	0.897977	-3.576827	38.591000
2.128389	0.895468	-3.565334	38.691000
2.141769	0.900798	-3.564805	38.792000
2.152964	0.909342	-3.576554	38.891000
2.164018	0.911740	-3.575054	38.991000
2.174687	0.911956	-3.585508	39.091000
2.186474	0.910516	-3.598021	39.192000
2.198079	0.903918	-3.609066	39.291000
2.209360	0.895194	-3.625733	39.391000
2.220330	0.889469	-3.624684	39.491000
2.231055	0.882423	-3.628865	39.591000
2.243067	0.879980	-3.649202	39.691000
2.254381	0.887094	-3.648886	39.791000
2.266142	0.896651	-3.624616	39.891000
2.277148	0.897370	-3.623559	39.991000
2.287937	0.896944	-3.621274	40.091000
2.299597	0.898227	-3.625807	40.191000
2.310920	0.900481	-3.614080	40.291000
2.321593	0.901021	-3.601158	40.392000
2.333463	0.905623	-3.598617	40.491000
2.344228	0.910840	-3.612394	40.591000
2.356288	0.912462	-3.631715	40.691000
2.366621	0.909470	-3.643678	40.791000
2.378569	0.902986	-3.639758	40.891000
2.389921	0.896163	-3.624513	40.991000
2.402606	0.897085	-3.626754	41.091000
2.413838	0.898777	-3.622739	41.191000
2.425767	0.897348	-3.609258	41.291000
2.432659	0.900083	-3.595031	41.391000
2.448575	0.900464	-3.595967	41.491000
2.459292	0.895192	-3.581715	41.591000
2.470051	0.893562	-3.558453	41.691000
2.477982	0.888401	-3.574503	41.791000
2.491511	0.883539	-3.585198	41.891000
2.502357	0.884609	-3.588502	41.991000
2.511660	0.888812	-3.591700	42.091000
2.529024	0.895019	-3.594501	42.191000
2.538797	0.894494	-3.610465	42.291000
2.550172	0.894715	-3.595841	42.391000
2.559227	0.889920	-3.601819	42.491000
2.572426	0.888352	-3.626943	42.591000
2.585312	0.896419	-3.646535	42.692000
2.594681	0.903752	-3.643096	42.791000
2.605486	0.900987	-3.623867	42.891000
2.615889	0.899832	-3.613018	42.991000
2.629488	0.892606	-3.601942	43.091000
2.639959	0.891626	-3.592254	43.191000
2.651822	0.889434	-3.609248	43.291000
2.663731	0.895803	-3.626676	43.391000
2.674275	0.897431	-3.628155	43.491000
2.685809	0.896295	-3.643060	43.591000
2.697137	0.900290	-3.619060	43.691000
2.708892	0.901228	-3.594858	43.791000
2.719634	0.906637	-3.590198	43.891000
2.730835	0.903044	-3.609268	43.991000
2.743005	0.897232	-3.641881	44.092000
2.753961	0.888052	-3.627700	44.191000
2.764996	0.887100	-3.584223	44.291000
2.776727	0.889736	-3.563014	44.391000
2.788395	0.886403	-3.560389	44.491000
2.799412	0.884141	-3.570557	44.591000
2.810945	0.883580	-3.584278	44.692000
2.822057	0.879029	-3.612608	44.792000
2.833856	0.878905	-3.626544	44.892000
2.844237	0.879285	-3.625702	44.991000
2.855612	0.887874	-3.606894	45.091000
2.866989	0.897125	-3.629978	45.191000
2.877750	0.895609	-3.652213	45.291000
2.889044	0.891076	-3.666672	45.391000
2.900992	0.885140	-3.638833	45.491000
2.912886	0.887405	-3.581140	45.591000
2.924492	0.884331	-3.538186	45.691000
2.935446	0.893718	-3.531719	45.791000
2.947337	0.905771	-3.562284	45.891000
2.958261	0.909948	-3.558456	45.991000
2.969151	0.909825	-3.550429	46.091000
2.980644	0.905400	-3.556924	46.191000
2.992056	0.902385	-3.581804	46.292000
3.003701	0.898364	-3.597410	46.391000
3.014453	0.893075	-3.600164	46.491000
3.026450	0.884299	-3.623024	46.591000
3.038101	0.877613	-3.642942	46.691000
3.049771	0.875922	-3.641652	46.791000
3.061141	0.870870	-3.633738	46.891000
3.072858	0.872886	-3.609764	46.991000
3.083525	0.874132	-3.608024	47.091000
3.095040	0.875031	-3.606247	47.191000
3.106361	0.875963	-3.581196	47.292000
3.117892	0.880926	-3.560386	47.392000
3.129463	0.890439	-3.544322	47.491000
3.140850	0.891429	-3.557660	47.591000
3.152462	0.891075	-3.578471	47.691000
3.164390	0.890786	-3.593821	47.791000
3.176307	0.888694	-3.613877	47.891000
3.187262	0.889270	-3.626482	47.992000
3.197647	0.891157	-3.630507	48.091000
3.209396	0.893193	-3.621011	48.191000
3.221790	0.895689	-3.603033	48.291000
3.232856	0.894722	-3.589988	48.391000
3.244408	0.893558	-3.581010	48.491000
3.255616	0.880201	-3.571801	48.591000
3.266689	0.872594	-3.567846	48.691000
3.277721	0.874717	-3.553099	48.791000
3.289811	0.880214	-3.548277	48.891000
3.301362	0.889937	-3.527710	48.991000
3.311802	0.899609	-3.533587	49.091000
3.322944	0.903010	-3.549503	49.191000
3.336692	0.895977	-3.582832	49.291000
3.347061	0.894360	-3.611867	49.391000
3.356840	0.893226	-3.642560	49.492000
3.366930	0.891144	-3.651502	49.591000
3.379052	0.895323	-3.602497	49.692000
3.391451	0.907682	-3.576661	49.791000
3.403993	0.913795	-3.576443	49.891000
3.413208	0.906992	-3.587836	49.991000
3.426547	0.898438	-3.590934	50.091000
3.437107	0.889976	-3.572025	50.191000
3.448248	0.883831	-3.579405	50.291000
3.461147	0.883113	-3.586595	50.392000
3.470269	0.882253	-3.586473	50.491000
3.483089	0.885579	-3.600447	50.591000
3.494841	0.884818	-3.614039	50.692000
3.504739	0.883618	-3.599036	50.791000
3.518098	0.885147	-3.591190	50.891000
3.527737	0.893933	-3.600295	50.991000
3.539358	0.897959	-3.590655	51.091000
3.552372	0.895689	-3.572000	51.191000
3.562957	0.892018	-3.592217	51.292000
3.573689	0.895464	-3.596244	51.391000
3.585258	0.897605	-3.572965	51.491000
3.596346	0.897129	-3.567472	51.591000
3.608553	0.900691	-3.589966	51.691000
3.620130	0.901318	-3.608614	51.791000
3.631705	0.897531	-3.620427	51.891000
3.643068	0.888493	-3.631996	51.991000
3.654022	0.877169	-3.648249	52.091000
3.665370	0.868303	-3.622280	52.191000
3.677264	0.876137	-3.593023	52.291000
3.688527	0.886679	-3.584779	52.392000
3.699885	0.887474	-3.585833	52.491000
3.711029	0.889406	-3.576697	52.591000
3.722455	0.892481	-3.594263	52.691000
3.733664	0.889697	-3.611232	52.791000
3.745255	0.891442	-3.620275	52.892000
3.757086	0.893973	-3.623281	52.991000
3.767964	0.897540	-3.616460	53.091000
3.779615	0.897192	-3.604049	53.191000
3.790635	0.894368	-3.602371	53.291000
3.802348	0.890539	-3.595616	53.391000
3.813596	0.882781	-3.613995	53.491000
3.824513	0.874231	-3.596985	53.591000
3.835838	0.876288	-3.604481	53.691000
3.847148	0.876256	-3.631324	53.791000
3.858192	0.881744	-3.620096	53.891000
3.869840	0.882637	-3.600801	53.991000
3.881186	0.876723	-3.579515	54.091000
3.892324	0.875654	-3.578365	54.191000
3.903328	0.878061	-3.574226	54.291000
3.915022	0.885085	-3.566702	54.391000
3.926210	0.891551	-3.585877	54.491000
3.937784	0.897837	-3.578018	54.592000
3.949446	0.895189	-3.618567	54.691000
3.960754	0.890447	-3.633094	54.791000
3.971958	0.891561	-3.628277	54.891000
3.982800	0.898215	-3.608396	54.991000
3.994401	0.899680	-3.604622	55.091000
4.005945	0.901917	-3.609700	55.191000
4.017465	0.911863	-3.605792	55.291000
4.029095	0.916059	-3.606333	55.391000
4.039974	0.911262	-3.604192	55.491000
4.051647	0.902044	-3.589063	55.591000
4.062759	0.896913	-3.574142	55.691000
4.074817	0.891487	-3.566157	55.791000
4.086296	0.893095	-3.568030	55.891000
4.097140	0.896420	-3.572069	55.991000
4.108534	0.895624	-3.567848	56.092000
4.119878	0.884136	-3.583050	56.192000
4.130978	0.874458	-3.598696	56.291000
4.142991	0.870799	-3.608855	56.392000
4.154064	0.877113	-3.623163	56.491000
4.165846	0.884126	-3.621695	56.591000
4.176711	0.887346	-3.633140	56.691000
4.187893	0.880727	-3.640675	56.793000
4.199872	0.879669	-3.616891	56.891000
4.210661	0.875447	-3.589904	56.991000
4.222199	0.876329	-3.592387	57.091000
4.233138	0.874921	-3.598509	57.191000
4.243933	0.874499	-3.590064	57.291000
4.257169	0.880230	-3.569244	57.392000
4.267925	0.884105	-3.563338	57.491000
4.278274	0.887187	-3.558213	57.592000
4.292432	0.889453	-3.558386	57.691000
4.300685	0.887636	-3.561777	57.791000
4.312680	0.889615	-3.561538	57.891000
4.325635	0.896005	-3.559301	57.991000
4.334774	0.900539	-3.569485	58.091000
4.347134	0.897964	-3.581953	58.191000
4.356463	0.889065	-3.576538	58.291000
4.369694	0.885735	-3.561930	58.391000
4.380162	0.888370	-3.554304	58.491000
4.390410	0.895028	-3.578062	58.591000
4.403891	0.894308	-3.593280	58.692000
4.411779	0.886191	-3.589768	58.792000
4.426827	0.879561	-3.580689	58.891000
4.434622	0.874765	-3.578242	58.991000
4.446847	0.878214	-3.569072	59.091000
4.460796	0.894745	-3.561083	59.191000
4.468249	0.904206	-3.570782	59.292000
4.481708	0.903283	-3.606557	59.392000
4.495018	0.906198	-3.586835	59.491000
4.506142	0.922692	-3.564459	59.592000
4.516973	0.923354	-3.561617	59.691000
4.526169	0.903123	-3.560620	59.791000
4.535959	0.887672	-3.529162	59.892000
4.547472	0.896035	-3.526332	59.991000
4.561113	0.907770	-3.540727	60.091000
4.573751	0.913226	-3.522436	60.191000
4.581875	0.908569	-3.533848	60.292000
4.593954	0.904415	-3.582254	60.391000
4.606476	0.904395	-3.640442	60.491000
4.618438	0.900911	-3.656493	60.591000
4.630009	0.890867	-3.645171	60.691000
4.638839	0.888626	-3.614698	60.791000
4.651499	0.890516	-3.607474	60.891000
4.662603	0.881796	-3.595748	60.991000
4.673576	0.882998	-3.572124	61.091000
4.683158	0.886898	-3.559090	61.192000
4.697522	0.888065	-3.555138	61.291000
4.706865	0.884780	-3.559397	61.391000
4.717173	0.880178	-3.574851	61.491000
4.731511	0.882170	-3.575446	61.591000
4.740104	0.889209	-3.611178	61.691000
4.754016	0.883849	-3.633197	61.791000
4.762209	0.886801	-3.629935	61.891000
4.775908	0.890533	-3.618032	61.991000
4.787569	0.894260	-3.593516	62.091000
4.796378	0.899108	-3.575455	62.191000
4.808087	0.898645	-3.562355	62.292000
4.821822	0.896811	-3.551473	62.391000
4.830729	0.893557	-3.557521	62.491000
4.842162	0.885181	-3.569888	62.591000
4.853642	0.880758	-3.579740	62.691000
4.865088	0.882235	-3.585336	62.791000
4.876447	0.888492	-3.576707	62.891000
4.887591	0.883792	-3.557246	62.991000
4.898572	0.882942	-3.529569	63.091000
4.909282	0.890599	-3.535496	63.191000
4.920987	0.890534	-3.578669	63.291000
4.931018	0.888491	-3.600644	63.391000
4.942981	0.886591	-3.620428	63.491000
4.954727	0.887072	-3.619452	63.592000
4.965796	0.886864	-3.603651	63.691000
4.976628	0.884606	-3.590576	63.791000
4.987922	0.888107	-3.600490	63.891000
4.999900	0.894216	-3.604861	63.992000
5.010594	0.894216	-3.594280	64.092000
5.021082	0.887105	-3.605944	64.191000
5.033338	0.890887	-3.608285	64.291000
5.044660	0.901082	-3.609628	64.391000
5.055472	0.897966	-3.627118	64.492000
5.067477	0.892499	-3.615204	64.591000
5.077412	0.892150	-3.596517	64.692000
5.089413	0.890706	-3.600341	64.791000
5.100579	0.884206	-3.593645	64.891000
5.111623	0.884151	-3.547113	64.991000
5.122959	0.889134	-3.533007	65.091000
5.134347	0.895617	-3.551080	65.191000
5.145366	0.898976	-3.551034	65.291000
5.156597	0.897738	-3.561784	65.391000
5.167975	0.894523	-3.590264	65.491000
5.178849	0.891726	-3.600776	65.592000
5.190054	0.886493	-3.595872	65.691000
5.201657	0.884111	-3.579631	65.791000
5.212370	0.887907	-3.587091	65.891000
5.223689	0.889845	-3.598244	65.991000
5.234989	0.891175	-3.594275	66.091000
5.246051	0.886948	-3.606768	66.191000
5.257245	0.884241	-3.606145	66.291000
5.268049	0.897911	-3.595193	66.391000
5.279432	0.900238	-3.584280	66.491000
5.290417	0.896492	-3.575697	66.591000
5.302086	0.897389	-3.588638	66.691000
5.313405	0.911683	-3.582094	66.791000
5.324109	0.918736	-3.577339	66.891000
5.334037	0.915683	-3.591366	66.991000
5.335900	0.905484	-3.614330	67.091000
5.333813	0.896917	-3.613883	67.191000
5.331365	0.894467	-3.597322	67.291000
5.326335	0.899804	-3.591448	67.391000
5.321489	0.899045	-3.606591	67.491000
5.316142	0.900323	-3.614699	67.591000
5.310443	0.896115	-3.603958	67.692000
5.304406	0.889627	-3.595995	67.791000
5.297983	0.885766	-3.587319	67.891000
5.291192	0.886727	-3.562639	67.991000
5.284584	0.893520	-3.575767	68.091000
5.277210	0.902655	-3.602180	68.191000
5.269614	0.897068	-3.583169	68.291000
5.262392	0.882179	-3.573596	68.391000
5.254763	0.878772	-3.599436	68.491000
5.246186	0.879121	-3.601766	68.591000
5.238264	0.877067	-3.605327	68.691000
5.231352	0.868542	-3.623874	68.791000
5.223766	0.869681	-3.596395	68.891000
5.214048	0.885825	-3.539356	68.991000
5.206553	0.910204	-3.522428	69.091000
5.197250	0.912710	-3.538805	69.191000
5.190620	0.910493	-3.560305	69.291000
5.179958	0.903940	-3.574982	69.391000
5.171997	0.900361	-3.578716	69.491000
5.165417	0.890197	-3.564312	69.591000
5.155558	0.885463	-3.567769	69.691000
5.146044	0.886512	-3.587340	69.791000
5.136656	0.892895	-3.620749	69.891000
5.127976	0.882668	-3.638531	69.992000
5.119168	0.880092	-3.629283	70.091000
5.109775	0.881664	-3.622330	70.192000
5.100682	0.890460	-3.582374	70.291000
5.091652	0.898907	-3.559789	70.392000
5.082126	0.893552	-3.560070	70.492000
5.073324	0.892360	-3.562156	70.591000
5.064806	0.890325	-3.582361	70.691000
5.056545	0.888374	-3.593954	70.792000
5.048076	0.889326	-3.598388	70.891000
5.038291	0.884229	-3.593343	70.991000
5.029077	0.884042	-3.588440	71.091000
5.019463	0.887537	-3.587677	71.191000
5.009313	0.890899	-3.550147	71.291000
4.999210	0.897483	-3.552501	71.392000
4.988957	0.899192	-3.575574	71.491000
4.981031	0.899801	-3.596578	71.591000
4.972649	0.904435	-3.610007	71.692000
4.963520	0.905650	-3.619233	71.792000
4.952418	0.895510	-3.604809	71.891000
4.941405	0.887138	-3.582610	71.991000
4.932423	0.891191	-3.582730	72.091000
4.924642	0.894952	-3.583164	72.191000
4.915163	0.888815	-3.570610	72.291000
4.903462	0.890771	-3.579346	72.391000
4.896220	0.897757	-3.585802	72.491000
4.884489	0.904145	-3.599085	72.591000
4.874971	0.900026	-3.633756	72.691000
4.866722	0.891124	-3.639889	72.791000
4.855602	0.884666	-3.623800	72.891000
4.845810	0.884598	-3.590133	72.991000
4.836896	0.882494	-3.587338	73.091000
4.826395	0.882582	-3.557821	73.191000
4.816485	0.887913	-3.541788	73.291000
4.806873	0.895320	-3.542422	73.391000
4.796685	0.906555	-3.529000	73.492000
4.786852	0.910740	-3.531888	73.591000
4.777103	0.902605	-3.552372	73.691000
4.767311	0.895065	-3.551165	73.791000
4.757107	0.897279	-3.533832	73.891000
4.747521	0.895735	-3.549468	73.991000
4.737215	0.895878	-3.560614	74.091000
4.727064	0.895634	-3.570375	74.191000
4.717517	0.896977	-3.568022	74.291000
4.707325	0.893747	-3.563316	74.391000
4.697517	0.886549	-3.558744	74.491000
4.687563	0.894767	-3.555450	74.591000
4.677748	0.898005	-3.549934	74.691000
4.667423	0.889254	-3.563877	74.792000
4.657247	0.882431	-3.597161	74.891000
4.647283	0.879045	-3.607064	74.991000
4.637163	0.883989	-3.603473	75.091000
4.627299	0.887302	-3.616273	75.191000
4.616847	0.891930	-3.619217	75.291000
4.607178	0.894847	-3.611191	75.391000
4.596931	0.892605	-3.578634	75.491000
4.586530	0.899216	-3.559377	75.592000
4.576631	0.900474	-3.562368	75.691000
4.566528	0.901253	-3.575085	75.791000
4.556266	0.899916	-3.557132	75.891000
4.546522	0.896524	-3.555798	75.992000
4.536343	0.896970	-3.538354	76.091000
4.525982	0.902334	-3.546230	76.191000
4.515770	0.908011	-3.564394	76.292000
4.505806	0.908974	-3.564561	76.391000
4.495812	0.903838	-3.572195	76.491000
4.485136	0.893491	-3.582795	76.591000
4.474464	0.887771	-3.578183	76.691000
4.464516	0.891214	-3.579606	76.791000
4.453861	0.889283	-3.569374	76.891000
4.443320	0.895990	-3.566768	76.991000
4.433758	0.902053	-3.582139	77.091000
4.423215	0.900990	-3.586932	77.191000
4.412408	0.907448	-3.600575	77.291000
4.402584	0.907572	-3.616529	77.391000
4.392439	0.901457	-3.591322	77.491000
4.381736	0.899535	-3.600133	77.591000
4.371351	0.897942	-3.619335	77.691000
4.360800	0.900577	-3.628931	77.791000
4.349941	0.907074	-3.608616	77.891000
4.339811	0.908826	-3.574176	77.991000
4.329572	0.901682	-3.567847	78.091000
4.319610	0.889557	-3.588574	78.191000
4.308100	0.885494	-3.610274	78.291000
4.297469	0.883929	-3.627916	78.391000
4.287123	0.885493	-3.641412	78.491000
4.278032	0.889681	-3.629624	78.591000
4.267030	0.897333	-3.622614	78.692000
4.254662	0.905973	-3.617121	78.791000
4.246088	0.905747	-3.620529	78.891000
4.234725	0.892681	-3.623992	78.991000
4.223821	0.878876	-3.623223	79.091000
4.212667	0.876016	-3.627420	79.191000
4.205510	0.875057	-3.630157	79.291000
4.193248	0.879520	-3.621471	79.391000
4.179685	0.881055	-3.610060	79.492000
4.169646	0.889997	-3.580688	79.591000
4.162828	0.898021	-3.564386	79.691000
4.151275	0.898681	-3.564358	79.792000
4.138325	0.899121	-3.565556	79.891000
4.126761	0.895968	-3.557311	79.991000
4.116297	0.895935	-3.553692	80.091000
4.106858	0.886285	-3.542857	80.191000
4.099148	0.880689	-3.538737	80.291000
4.089188	0.884977	-3.536849	80.391000
4.078626	0.893951	-3.532831	80.491000
4.067686	0.888091	-3.532529	80.591000
4.053913	0.883769	-3.538025	80.691000
4.042544	0.889687	-3.550434	80.791000
4.035316	0.891080	-3.572940	80.891000
4.023653	0.898822	-3.601121	80.991000
4.010682	0.907250	-3.600140	81.091000
4.004303	0.909653	-3.604951	81.191000
3.992328	0.904583	-3.595313	81.291000
3.978280	0.901148	-3.604824	81.391000
3.971727	0.898166	-3.613613	81.491000
3.957915	0.892944	-3.623419	81.591000
3.949400	0.893640	-3.611398	81.691000
3.937581	0.898499	-3.585714	81.791000
3.926754	0.900922	-3.584886	81.891000
3.915557	0.897715	-3.591575	81.991000
3.904506	0.896484	-3.605652	82.091000
3.893753	0.897497	-3.612819	82.191000
3.883415	0.898081	-3.604754	82.291000
3.873417	0.886920	-3.572354	82.391000
3.862355	0.878892	-3.541794	82.491000
3.850855	0.883494	-3.561299	82.591000
3.839641	0.886435	-3.604191	82.692000
3.829826	0.881989	-3.599007	82.791000
3.818232	0.879615	-3.576731	82.891000
3.807616	0.874144	-3.553251	82.991000
3.796724	0.872619	-3.546754	83.091000
3.785694	0.880329	-3.543031	83.191000
3.775437	0.890623	-3.543057	83.291000
3.763937	0.892213	-3.515706	83.392000
3.753780	0.895670	-3.511047	83.491000
3.742240	0.897322	-3.523981	83.591000
3.731774	0.899899	-3.545169	83.691000
3.720826	0.906360	-3.571207	83.791000
3.710134	0.908736	-3.571107	83.891000
3.699000	0.906148	-3.569995	83.991000
3.687827	0.903327	-3.581395	84.091000
3.676843	0.894156	-3.558892	84.191000
3.665717	0.890541	-3.555529	84.291000
3.655324	0.887740	-3.596864	84.391000
3.644166	0.883429	-3.621870	84.491000
3.633328	0.883474	-3.606836	84.592000
3.623000	0.883932	-3.595727	84.691000
3.611511	0.890987	-3.582311	84.791000
3.600931	0.896791	-3.585911	84.891000
3.589407	0.893152	-3.605480	84.991000
3.578650	0.891772	-3.600880	85.091000
3.568552	0.887954	-3.599401	85.191000
3.557293	0.882871	-3.612785	85.291000
3.545501	0.877620	-3.606897	85.391000
3.535114	0.881680	-3.635228	85.491000
3.524701	0.886715	-3.673203	85.591000
3.512871	0.886960	-3.669424	85.691000
3.502414	0.886684	-3.639801	85.791000
3.491345	0.889383	-3.616045	85.891000
3.480332	0.887238	-3.625672	85.991000
3.468974	0.883523	-3.638812	86.091000
3.457832	0.887883	-3.608744	86.192000
3.447115	0.891165	-3.583509	86.291000
3.436230	0.888022	-3.603746	86.391000
3.425366	0.886267	-3.629910	86.491000
3.413698	0.887080	-3.628220	86.591000
3.402978	0.892002	-3.619024	86.691000
3.391573	0.904331	-3.625601	86.791000
3.380748	0.915690	-3.634810	86.891000
3.369266	0.913585	-3.643696	86.991000
3.358678	0.900889	-3.653115	87.091000
3.347366	0.897557	-3.651401	87.191000
3.336786	0.893587	-3.630015	87.291000
3.325409	0.889211	-3.603583	87.391000
3.313453	0.884557	-3.586585	87.491000
3.303151	0.881697	-3.590160	87.591000
3.290962	0.884577	-3.589818	87.691000
3.280983	0.883226	-3.583182	87.791000
3.269020	0.882605	-3.593737	87.892000
3.258751	0.888244	-3.620841	87.991000
3.247039	0.895728	-3.622706	88.091000
3.235898	0.900546	-3.594623	88.191000
3.224804	0.905886	-3.580282	88.291000
3.214154	0.898137	-3.575097	88.392000
3.202725	0.883466	-3.562323	88.491000
3.190999	0.882404	-3.545380	88.591000
3.179846	0.893207	-3.536237	88.691000
3.168818	0.898390	-3.567652	88.791000
3.157893	0.888924	-3.590667	88.891000
3.145985	0.876947	-3.596658	88.991000
3.135917	0.878942	-3.605993	89.092000
3.124198	0.887642	-3.627193	89.191000
3.113599	0.886233	-3.626185	89.291000
3.102907	0.886409	-3.612496	89.392000
3.091943	0.884998	-3.615633	89.491000
3.080602	0.881103	-3.587327	89.591000
3.068392	0.875632	-3.572797	89.691000
3.058742	0.878027	-3.559336	89.791000
3.046507	0.885661	-3.562053	89.891000
3.036001	0.884461	-3.580396	89.991000
3.024415	0.884297	-3.606177	90.091000
3.013368	0.893234	-3.630861	90.192000
3.001586	0.895493	-3.635395	90.291000
2.990730	0.889040	-3.601928	90.392000
2.979003	0.892794	-3.584225	90.491000
2.967468	0.892096	-3.582421	90.591000
2.957734	0.886696	-3.615255	90.691000
2.947454	0.886709	-3.622688	90.791000
2.933911	0.895945	-3.618939	90.891000
2.924086	0.896525	-3.621220	90.991000
2.912079	0.896388	-3.631503	91.091000
2.904734	0.899378	-3.635047	91.191000
2.892608	0.896244	-3.641083	91.291000
2.881943	0.898315	-3.630309	91.391000
2.868537	0.900246	-3.602769	91.491000
2.855222	0.898554	-3.567371	91.591000
2.846287	0.900146	-3.553144	91.692000
2.833999	0.898451	-3.555679	91.793000
2.821065	0.888927	-3.550195	91.891000
2.811565	0.883622	-3.558981	91.991000
2.800735	0.878118	-3.568862	92.091000
2.788698	0.874477	-3.597980	92.192000
2.777618	0.880714	-3.594628	92.291000
2.766586	0.894823	-3.613314	92.391000
2.754835	0.902283	-3.654606	92.492000
2.743979	0.901606	-3.671924	92.591000
2.732333	0.895956	-3.652977	92.691000
2.721205	0.888100	-3.651949	92.793000
2.709781	0.880736	-3.670610	92.891000
2.698004	0.877313	-3.683673	92.991000
2.687672	0.878308	-3.662708	93.091000
2.674632	0.881817	-3.610510	93.191000
2.666670	0.877364	-3.578167	93.292000
2.655459	0.880683	-3.562746	93.391000
2.644332	0.892623	-3.530131	93.491000
2.629483	0.904976	-3.534563	93.591000
2.617566	0.903191	-3.564930	93.691000
2.607683	0.894385	-3.582629	93.791000
2.596525	0.893707	-3.598986	93.891000
2.584189	0.893553	-3.590037	93.991000
2.572671	0.897993	-3.600856	94.092000
2.562486	0.901145	-3.601665	94.192000
2.550831	0.897066	-3.598398	94.291000
2.539219	0.885775	-3.594197	94.392000
2.527445	0.883715	-3.577552	94.491000
2.516431	0.888746	-3.583932	94.591000
2.504952	0.895118	-3.579349	94.691000
2.493591	0.897172	-3.582557	94.791000
2.482819	0.892425	-3.584600	94.892000
2.471082	0.888655	-3.593733	94.991000
2.460804	0.889798	-3.591904	95.091000
2.449735	0.894773	-3.605489	95.191000
2.436148	0.903647	-3.626804	95.291000
2.425854	0.908242	-3.614015	95.391000
2.414009	0.903335	-3.605958	95.491000
2.403590	0.898563	-3.602580	95.591000
2.392329	0.888574	-3.601755	95.691000
2.379887	0.885894	-3.580907	95.791000
2.368807	0.899051	-3.556427	95.891000
2.356860	0.903648	-3.562098	95.991000
2.345223	0.894444	-3.575728	96.091000
2.333763	0.888532	-3.569923	96.191000
2.322634	0.886311	-3.570624	96.292000
2.310635	0.890126	-3.589857	96.391000
2.299660	0.890630	-3.613655	96.491000
2.288240	0.889983	-3.606039	96.591000
2.275744	0.891501	-3.621312	96.691000
2.264187	0.891345	-3.634488	96.791000
2.253290	0.889893	-3.643604	96.891000
2.242331	0.893707	-3.638099	96.991000
2.230259	0.901894	-3.614489	97.091000
2.218427	0.897524	-3.601059	97.191000
2.207234	0.898036	-3.590388	97.291000
2.195587	0.910903	-3.606442	97.392000
2.184271	0.921316	-3.606238	97.491000
2.173295	0.922685	-3.618175	97.592000
2.161493	0.919091	-3.623771	97.691000
2.149903	0.912733	-3.609300	97.791000
2.138457	0.905974	-3.613820	97.891000
2.126907	0.892543	-3.611051	97.991000
2.115825	0.887118	-3.580363	98.091000
2.104594	0.888748	-3.576270	98.191000
2.093067	0.891415	-3.566764	98.291000
2.081658	0.898855	-3.555434	98.392000
2.069980	0.903012	-3.581060	98.491000
2.058874	0.897980	-3.608785	98.592000
2.047327	0.892337	-3.615303	98.691000
2.036017	0.890617	-3.613807	98.791000
2.025151	0.890560	-3.597170	98.891000
2.012878	0.884162	-3.588590	98.991000
2.002457	0.882301	-3.600843	99.091000
1.989702	0.883732	-3.605604	99.191000
1.978805	0.891145	-3.590783	99.291000
1.967568	0.897945	-3.595351	99.391000
1.956105	0.902106	-3.618616	99.491000
1.944166	0.899280	-3.622874	99.591000
1.932710	0.898816	-3.624211	99.691000
1.921432	0.900010	-3.628621	99.791000
1.910005	0.900510	-3.612071	99.891000
1.898476	0.899346	-3.592823	99.991000
1.886519	0.898734	-3.586986	100.092000
1.874746	0.890774	-3.594367	100.191000
1.863191	0.885043	-3.591987	100.291000
1.852399	0.892406	-3.585576	100.391000
1.840891	0.907056	-3.574456	100.491000
1.829243	0.911825	-3.586234	100.591000
1.817811	0.905995	-3.588591	100.692000
1.805731	0.902418	-3.589815	100.791000
1.794484	0.900307	-3.596045	100.891000
1.782950	0.903002	-3.604663	100.991000
1.771580	0.896496	-3.603190	101.091000
1.759725	0.887515	-3.594331	101.191000
1.747739	0.879939	-3.580517	101.291000
1.736346	0.877799	-3.551137	101.391000
1.725092	0.884006	-3.566016	101.491000
1.713531	0.893274	-3.569028	101.592000
1.701853	0.896435	-3.577611	101.691000
1.690150	0.895904	-3.583033	101.791000
1.678206	0.898473	-3.607373	101.892000
1.666728	0.902659	-3.618434	101.991000
1.655227	0.901247	-3.639312	102.091000
1.643908	0.889805	-3.629662	102.192000
1.632136	0.872837	-3.615012	102.291000
1.620332	0.874739	-3.613038	102.391000
1.608860	0.884228	-3.626915	102.491000
1.597178	0.884498	-3.639875	102.591000
1.585958	0.882239	-3.628529	102.691000
1.574284	0.887370	-3.581512	102.791000
1.562579	0.877510	-3.561366	102.892000
1.551150	0.860241	-3.560254	102.991000
1.539504	0.864811	-3.572001	103.092000
1.528241	0.879930	-3.581855	103.191000
1.516927	0.889407	-3.590005	103.291000
1.505317	0.896812	-3.616875	103.391000
1.493805	0.891124	-3.655669	103.491000
1.482285	0.894509	-3.651949	103.591000
1.470906	0.899642	-3.654129	103.691000
1.459390	0.901642	-3.648405	103.792000
1.448054	0.908859	-3.595352	103.891000
1.436376	0.904715	-3.569353	103.991000
1.424607	0.898036	-3.569052	104.091000
1.413058	0.879953	-3.571308	104.191000
1.401130	0.874632	-3.569896	104.291000
1.389551	0.874448	-3.567992	104.391000
1.378028	0.878749	-3.562764	104.491000
1.366468	0.882287	-3.585258	104.591000
1.354561	0.882690	-3.584522	104.691000
1.343088	0.882837	-3.561539	104.791000
1.331602	0.889836	-3.526480	104.892000
1.320206	0.892767	-3.513348	104.991000
1.308450	0.890772	-3.564573	105.091000
1.296890	0.881386	-3.592539	105.191000
1.284798	0.884586	-3.566541	105.291000
1.273020	0.895347	-3.529250	105.392000
1.261649	0.899985	-3.516734	105.491000
1.250218	0.907025	-3.527730	105.591000
1.238654	0.916163	-3.563909	105.691000
1.226851	0.921841	-3.588165	105.791000
1.215177	0.912967	-3.572224	105.892000
1.203424	0.908655	-3.568644	105.991000
1.191939	0.911555	-3.585610	106.091000
1.180302	0.910043	-3.585040	106.191000
1.168451	0.904696	-3.597600	106.291000
1.156767	0.892496	-3.615854	106.391000
1.145306	0.886915	-3.601477	106.491000
1.133507	0.888819	-3.613095	106.591000
1.121941	0.897371	-3.632007	106.691000
1.110314	0.900625	-3.625442	106.791000
1.098383	0.899985	-3.604198	106.891000
1.086438	0.899665	-3.620873	106.991000
1.074786	0.892974	-3.620430	107.091000
1.063240	0.893887	-3.578628	107.191000
1.051658	0.902471	-3.577527	107.292000
1.039966	0.904311	-3.582761	107.391000
1.028590	0.899314	-3.581174	107.491000
1.017153	0.895927	-3.589219	107.591000
1.005506	0.894618	-3.600954	107.692000
0.994156	0.893865	-3.615511	107.791000
0.982567	0.893903	-3.611929	107.891000
0.970797	0.896199	-3.585193	107.991000
0.959368	0.898149	-3.568739	108.091000
0.947913	0.897837	-3.555953	108.191000
0.936488	0.899358	-3.564254	108.291000
0.925015	0.896873	-3.583165	108.391000
0.913441	0.891696	-3.583424	108.491000
0.901747	0.899298	-3.584823	108.591000
0.889383	0.903431	-3.588943	108.691000
0.877711	0.907254	-3.581012	108.791000
0.865972	0.909290	-3.570199	108.891000
0.854443	0.905200	-3.576980	108.991000
0.843055	0.890134	-3.572609	109.092000
0.831161	0.881534	-3.551897	109.191000
0.819244	0.880939	-3.555869	109.291000
0.807695	0.886403	-3.584951	109.391000
0.796279	0.886896	-3.624084	109.491000
0.784675	0.887495	-3.611250	109.591000
0.772985	0.896637	-3.607409	109.691000
0.761226	0.891820	-3.587506	109.791000
0.749665	0.889131	-3.574734	109.891000
0.737755	0.889758	-3.567527	109.991000
0.726287	0.892327	-3.566525	110.092000
0.714839	0.887967	-3.603210	110.191000
0.703117	0.886118	-3.628442	110.291000
0.690869	0.889239	-3.646159	110.391000
0.679384	0.881703	-3.642964	110.491000
0.667664	0.880305	-3.619199	110.591000
0.656096	0.888883	-3.610513	110.691000
0.644624	0.893268	-3.622503	110.791000
0.632884	0.885399	-3.605888	110.891000
0.621103	0.889034	-3.571220	110.991000
0.609322	0.886634	-3.584916	111.091000
0.597880	0.887564	-3.618848	111.191000
0.586546	0.887761	-3.613657	111.291000
0.575120	0.892261	-3.591085	111.391000
0.563097	0.895723	-3.582213	111.491000
0.551397	0.898483	-3.588859	111.591000
0.539568	0.903066	-3.579270	111.691000
0.528070	0.903372	-3.585636	111.791000
0.516512	0.905201	-3.570744	111.891000
0.504872	0.910295	-3.550801	111.991000
0.493388	0.909911	-3.552035	112.091000
0.481896	0.914525	-3.567486	112.191000
0.470076	0.913667	-3.597583	112.291000
0.458725	0.903807	-3.604183	112.391000
0.447475	0.898096	-3.599221	112.491000
0.435713	0.901348	-3.594711	112.591000
0.424324	0.909122	-3.590770	112.691000
0.412773	0.905000	-3.571790	112.791000
0.401145	0.901620	-3.576195	112.891000
0.389840	0.900233	-3.572390	112.992000
0.378370	0.905651	-3.577496	113.092000
0.366438	0.905198	-3.598113	113.192000
0.354587	0.905857	-3.615063	113.291000
0.343122	0.911693	-3.620591	113.391000
0.331510	0.913775	-3.623608	113.491000
0.320091	0.908758	-3.651368	113.592000
0.308379	0.900590	-3.659677	113.692000
0.296408	0.898744	-3.656859	113.791000
0.284978	0.895693	-3.639278	113.892000
0.273246	0.891746	-3.615777	113.991000
0.262129	0.887714	-3.569072	114.091000
0.250669	0.889279	-3.556563	114.192000
0.238964	0.889875	-3.603554	114.291000
0.227088	0.887550	-3.606553	114.391000
0.215639	0.888520	-3.584593	114.492000
0.203982	0.890934	-3.577403	114.591000
0.192659	0.890350	-3.562648	114.691000
0.181030	0.890673	-3.574219	114.792000
0.169145	0.879313	-3.577374	114.891000
0.157236	0.875107	-3.561116	114.991000
0.145568	0.878964	-3.561704	115.091000
0.134030	0.872136	-3.571117	115.191000
0.122709	0.878586	-3.571244	115.291000
0.111193	0.892136	-3.568154	115.391000
0.099325	0.892484	-3.559007	115.491000
0.087930	0.890927	-3.561077	115.591000
0.076331	0.895289	-3.565759	115.691000
0.064775	0.897518	-3.583361	115.791000
0.053390	0.897154	-3.603507	115.891000
0.041750	0.893253	-3.613110	115.991000
0.029736	0.899607	-3.616815	116.092000
0.018338	0.897667	-3.622051	116.191000
0.006555	0.899778	-3.594403	116.291000
-0.004909	0.893089	-3.574261	116.391000
-0.016248	0.886171	-3.582237	116.491000
-0.028074	0.889709	-3.595969	116.591000
-0.039202	0.895490	-3.589066	116.691000
-0.050875	0.892461	-3.578437	116.791000
-0.062278	0.890943	-3.565913	116.891000
-0.072821	0.894310	-3.564530	116.991000
-0.079073	0.896831	-3.573175	117.091000
-0.083647	0.896454	-3.591581	117.191000
-0.087279	0.897830	-3.588980	117.291000
-0.090486	0.894888	-3.583330	117.391000
-0.093401	0.897702	-3.583397	117.491000
-0.095845	0.904293	-3.593465	117.591000
-0.098007	0.911951	-3.602432	117.691000
-0.100150	0.908851	-3.630112	117.791000
-0.102017	0.897913	-3.634368	117.892000
-0.103802	0.891976	-3.631005	117.992000
-0.105351	0.891631	-3.630914	118.092000
-0.106775	0.890200	-3.625415	118.191000
-0.108214	0.893247	-3.601074	118.291000
-0.109490	0.894064	-3.573988	118.391000
-0.110766	0.897912	-3.556328	118.491000
-0.111892	0.899041	-3.588427	118.591000
-0.112943	0.893841	-3.615597	118.691000
-0.114129	0.889326	-3.603699	118.791000
-0.115073	0.885121	-3.600819	118.891000
-0.115969	0.883535	-3.583699	118.991000
-0.116783	0.891667	-3.589613	119.091000
-0.117566	0.892342	-3.605949	119.191000
-0.118392	0.886582	-3.592059	119.291000
-0.119288	0.889072	-3.560576	119.391000
-0.119821	0.898664	-3.558908	119.491000
-0.120593	0.900315	-3.547470	119.591000
-0.121371	0.899138	-3.558011	119.691000
-0.122042	0.892199	-3.592026	119.791000
-0.122428	0.902105	-3.581583	119.891000
-0.123132	0.912154	-3.599066	119.991000
-0.123762	0.906902	-3.617802	120.091000
-0.124451	0.901236	-3.625673	120.191000
-0.124849	0.898559	-3.613102	120.291000
-0.125462	0.900817	-3.611140	120.391000
-0.125836	0.900797	-3.609669	120.496000
-0.126415	0.902166	-3.591742	120.592000
-0.126929	0.897784	-3.596355	120.691000
-0.127065	0.890453	-3.598402	120.791000
-0.127716	0.889252	-3.600216	120.891000
-0.128144	0.892012	-3.596769	120.991000
-0.128560	0.901419	-3.592983	121.091000
-0.128996	0.905137	-3.589059	121.191000
-0.129342	0.902218	-3.583006	121.291000
-0.129611	0.897591	-3.601674	121.391000
-0.129823	0.897900	-3.619552	121.491000
-0.130041	0.900967	-3.628209	121.591000
-0.130442	0.900918	-3.619505	121.691000
-0.130843	0.901779	-3.610013	121.791000
-0.131081	0.903139	-3.624239	121.891000
-0.131328	0.906652	-3.631646	121.991000
-0.131626	0.907559	-3.610741	122.092000
-0.131858	0.908617	-3.599635	122.191000
-0.132115	0.902918	-3.595472	122.291000
-0.132368	0.896681	-3.581104	122.391000
-0.132648	0.889153	-3.578553	122.491000
-0.132962	0.890957	-3.578492	122.591000
-0.133051	0.892298	-3.607928	122.692000
-0.133458	0.890255	-3.644559	122.791000
-0.133589	0.881473	-3.644115	122.891000
-0.133898	0.875428	-3.626747	122.991000
-0.134183	0.874072	-3.616366	123.091000
-0.134222	0.871118	-3.609959	123.192000
-0.134502	0.877627	-3.605979	123.291000
-0.134662	0.886673	-3.619115	123.391000
-0.134736	0.896158	-3.628679	123.491000
-0.135072	0.894128	-3.597770	123.592000
-0.135275	0.896795	-3.597077	123.691000
-0.135399	0.901924	-3.617474	123.791000
-0.135600	0.903419	-3.621006	123.891000
-0.135638	0.903312	-3.612257	123.992000
-0.135788	0.895077	-3.618309	124.091000
-0.136002	0.889585	-3.620727	124.191000
-0.136127	0.888625	-3.598584	124.291000
-0.136135	0.889497	-3.603108	124.391000
-0.136297	0.893207	-3.609930	124.491000
-0.136329	0.899886	-3.583340	124.591000
-0.136360	0.901315	-3.585613	124.691000
-0.136532	0.899784	-3.584967	124.792000
-0.136614	0.895771	-3.571682	124.891000
-0.136878	0.888602	-3.562055	124.991000
-0.136878	0.887117	-3.552750	125.091000
-0.137001	0.885769	-3.547508	125.191000
-0.137008	0.896218	-3.563222	125.292000
-0.137250	0.910598	-3.566636	125.391000
-0.137214	0.914976	-3.579306	125.491000
-0.137451	0.914646	-3.617493	125.591000
-0.137668	0.911269	-3.641969	125.691000
-0.137592	0.909541	-3.645562	125.792000
-0.137818	0.901952	-3.629314	125.891000
-0.137940	0.898639	-3.605713	125.991000
-0.137925	0.905170	-3.584309	126.091000
-0.137901	0.904528	-3.608505	126.191000
-0.138152	0.897602	-3.623668	126.291000
-0.137965	0.893110	-3.617879	126.391000
-0.138301	0.896210	-3.600050	126.491000
-0.138314	0.898646	-3.580579	126.591000
-0.138417	0.901321	-3.571545	126.691000
-0.138401	0.894375	-3.548568	126.792000
-0.138600	0.888533	-3.545052	126.891000
-0.138812	0.883181	-3.559510	126.991000
-0.138715	0.884847	-3.569676	127.091000
-0.138714	0.898633	-3.573315	127.191000
-0.138878	0.906814	-3.591235	127.291000
-0.139119	0.902113	-3.589833	127.391000
-0.138877	0.895601	-3.566710	127.491000
-0.139254	0.885557	-3.569380	127.591000
-0.139233	0.875625	-3.581970	127.691000
-0.139311	0.872638	-3.614102	127.791000
-0.139313	0.875173	-3.634244	127.891000
-0.139322	0.875489	-3.634955	127.991000
-0.139479	0.878714	-3.616940	128.091000
-0.139724	0.881786	-3.599391	128.192000
-0.139765	0.886276	-3.608161	128.291000
-0.139794	0.894413	-3.599090	128.391000
-0.139842	0.902806	-3.609527	128.491000
-0.139858	0.905361	-3.631826	128.591000
-0.139981	0.905876	-3.620891	128.691000
-0.139761	0.900917	-3.585868	128.791000
-0.140069	0.890970	-3.589642	128.891000
-0.140031	0.887608	-3.579293	128.991000
-0.140147	0.884218	-3.583885	129.092000
-0.140069	0.883390	-3.592670	129.191000
-0.140188	0.879432	-3.590472	129.291000
-0.140245	0.883320	-3.578104	129.391000
-0.140246	0.891164	-3.584460	129.491000
-0.140249	0.894531	-3.590438	129.591000
-0.140549	0.896709	-3.567716	129.691000
-0.140353	0.889827	-3.551926	129.791000
-0.140284	0.884206	-3.573643	129.891000
-0.140449	0.881410	-3.597468	129.991000
-0.140503	0.885048	-3.591824	130.091000
-0.140499	0.891882	-3.567887	130.191000
-0.140469	0.890275	-3.567795	130.291000
-0.140526	0.891944	-3.572225	130.391000
-0.140631	0.893056	-3.578377	130.492000
-0.140592	0.901290	-3.584440	130.592000
-0.140584	0.899105	-3.590626	130.691000
-0.140782	0.892561	-3.574019	130.792000
-0.140589	0.892150	-3.575426	130.891000
-0.140845	0.889501	-3.609124	130.991000
-0.140648	0.883431	-3.631168	131.091000
-0.140678	0.877347	-3.623397	131.191000
-0.140790	0.874574	-3.617856	131.292000
-0.140712	0.878024	-3.623072	131.392000
-0.140834	0.882990	-3.619890	131.491000
-0.140886	0.892021	-3.590530	131.591000
-0.140839	0.904604	-3.564438	131.691000
-0.140760	0.909963	-3.544545	131.791000
-0.140891	0.905835	-3.536968	131.891000
-0.140751	0.899852	-3.549084	131.991000
-0.140817	0.900247	-3.554345	132.091000
-0.140800	0.899292	-3.555188	132.191000
-0.140988	0.901174	-3.562011	132.291000
-0.140933	0.897980	-3.590222	132.391000
-0.140790	0.891298	-3.619055	132.491000
-0.140942	0.889278	-3.648998	132.591000
-0.141004	0.895470	-3.656205	132.691000
-0.141146	0.897621	-3.636541	132.791000
-0.141095	0.895360	-3.594979	132.891000
-0.141000	0.902949	-3.562499	132.991000
-0.141296	0.900753	-3.545693	133.092000
-0.141190	0.893126	-3.573781	133.191000
-0.141222	0.893007	-3.597233	133.291000
-0.141113	0.899446	-3.615361	133.392000
-0.141259	0.901551	-3.633638	133.491000
-0.141357	0.897637	-3.625694	133.591000
-0.141349	0.888876	-3.601416	133.691000
-0.141407	0.887928	-3.592122	133.791000
-0.141416	0.889918	-3.597035	133.891000
-0.141489	0.893903	-3.579936	133.992000
-0.141348	0.896957	-3.568501	134.091000
-0.141579	0.890515	-3.595101	134.191000
-0.141549	0.887761	-3.617202	134.292000
-0.141446	0.895714	-3.638697	134.391000
-0.141471	0.895683	-3.654598	134.491000
-0.141317	0.890792	-3.642307	134.591000
-0.141540	0.885471	-3.626570	134.691000
-0.141402	0.883979	-3.625163	134.791000
-0.141403	0.890207	-3.629589	134.891000
-0.141422	0.895382	-3.663920	134.991000
-0.141318	0.898892	-3.634211	135.091000
-0.141487	0.897015	-3.603783	135.191000
-0.141497	0.895007	-3.574427	135.292000
-0.141610	0.895824	-3.565788	135.391000
-0.141549	0.895056	-3.571722	135.491000
-0.141573	0.891009	-3.582734	135.591000
-0.141745	0.891384	-3.588026	135.691000
-0.141690	0.897839	-3.591951	135.791000
-0.141678	0.900396	-3.605200	135.891000
-0.141747	0.897833	-3.623409	135.991000
-0.141601	0.890973	-3.608558	136.092000
-0.141677	0.889095	-3.587111	136.192000
-0.141598	0.891686	-3.573285	136.291000
-0.141823	0.888976	-3.581548	136.391000
-0.141583	0.892562	-3.593911	136.491000
-0.141657	0.899842	-3.590213	136.591000
-0.141732	0.893029	-3.575004	136.691000
-0.141776	0.890494	-3.575306	136.791000
-0.141726	0.893130	-3.574172	136.891000
-0.141760	0.896279	-3.575805	136.991000
-0.141653	0.897185	-3.567908	137.091000
-0.141643	0.899497	-3.578333	137.191000
-0.141869	0.908014	-3.605478	137.291000
-0.141698	0.907992	-3.630323	137.391000
-0.141943	0.899808	-3.639257	137.491000
-0.141785	0.888521	-3.626348	137.592000
-0.141762	0.883142	-3.609652	137.691000
-0.141718	0.881475	-3.607072	137.791000
-0.141722	0.886336	-3.608117	137.891000
-0.141799	0.889824	-3.600639	137.991000
-0.141783	0.886391	-3.590679	138.091000
-0.141854	0.885490	-3.590147	138.191000
-0.141771	0.885162	-3.578781	138.291000
-0.142030	0.884148	-3.581672	138.391000
-0.141872	0.880687	-3.600769	138.491000
-0.141788	0.879811	-3.602576	138.591000
-0.141910	0.881109	-3.585461	138.691000
-0.141988	0.883338	-3.589077	138.791000
-0.141951	0.887351	-3.594320	138.891000
-0.141837	0.889802	-3.588706	138.991000
-0.141890	0.891696	-3.578161	139.092000
-0.141710	0.890585	-3.578878	139.191000
-0.141832	0.882781	-3.601643	139.291000
-0.141922	0.880439	-3.599083	139.392000
-0.141965	0.881387	-3.600849	139.491000
-0.141936	0.883717	-3.615453	139.591000
-0.142001	0.890220	-3.631445	139.691000
-0.141854	0.891900	-3.636923	139.791000
-0.142027	0.884684	-3.603130	139.891000
-0.141958	0.877274	-3.570205	139.991000
-0.142024	0.879386	-3.555234	140.092000
-0.141981	0.885206	-3.547211	140.191000
-0.141839	0.888566	-3.524820	140.291000
-0.141968	0.896577	-3.537474	140.391000
