-1.525300	0.421423	-6.475235	15.507000
-1.524873	0.422897	-6.479521	15.607000
-1.524864	0.422084	-6.477494	15.707000
-1.524663	0.423308	-6.457610	15.807000
-1.524434	0.422553	-6.420923	15.907000
-1.524768	0.414769	-6.429578	16.007000
-1.524552	0.411820	-6.453534	16.107000
-1.524828	0.411405	-6.476901	16.207000
-1.524698	0.413985	-6.492690	16.308000
-1.524541	0.419763	-6.465270	16.407000
-1.524627	0.428568	-6.433817	16.507000
-1.524586	0.434592	-6.396078	16.607000
-1.524457	0.430726	-6.396535	16.707000
-1.524294	0.424292	-6.353756	16.807000
-1.524361	0.416098	-6.347767	16.907000
-1.524582	0.411738	-6.390163	17.007000
-1.524679	0.414209	-6.419615	17.107000
-1.524739	0.417833	-6.434971	17.207000
-1.524591	0.420511	-6.394508	17.307000
-1.524630	0.421799	-6.402534	17.407000
-1.524830	0.418348	-6.429743	17.507000
-1.524516	0.419308	-6.457109	17.607000
-1.524779	0.415388	-6.482621	17.707000
-1.524621	0.409407	-6.468138	17.807000
-1.524548	0.412345	-6.452511	17.907000
-1.524715	0.415844	-6.427652	18.008000
-1.524771	0.423392	-6.399652	18.107000
-1.524772	0.426969	-6.416083	18.207000
-1.524620	0.425937	-6.403940	18.307000
-1.524080	0.427131	-6.359220	18.407000
-1.520079	0.419609	-6.366389	18.507000
-1.513532	0.416035	-6.381357	18.607000
-1.506871	0.418882	-6.428373	18.707000
-1.499197	0.424068	-6.485656	18.807000
-1.491492	0.423647	-6.469578	18.907000
-1.483632	0.427060	-6.410162	19.007000
-1.475664	0.430591	-6.383925	19.107000
-1.467377	0.432161	-6.359298	19.207000
-1.458936	0.430339	-6.396620	19.307000
-1.449806	0.427293	-6.464315	19.407000
-1.441108	0.423297	-6.453606	19.507000
-1.432355	0.416775	-6.429604	19.608000
-1.423398	0.415407	-6.396614	19.707000
-1.414465	0.419225	-6.356009	19.807000
-1.405597	0.418986	-6.359990	19.907000
-1.396509	0.419377	-6.386369	20.007000
-1.386884	0.425080	-6.403031	20.107000
-1.378093	0.428573	-6.386528	20.207000
-1.368790	0.433527	-6.345492	20.307000
-1.359595	0.433913	-6.379067	20.407000
-1.350105	0.431205	-6.380156	20.507000
-1.340219	0.429643	-6.407760	20.607000
-1.330824	0.425630	-6.446518	20.707000
-1.321325	0.423218	-6.388653	20.807000
-1.311765	0.419685	-6.356386	20.907000
-1.302208	0.417035	-6.369335	21.007000
-1.292345	0.416479	-6.372688	21.107000
-1.282811	0.416839	-6.379863	21.207000
-1.273414	0.416281	-6.409445	21.307000
-1.263392	0.411735	-6.434772	21.407000
-1.253746	0.409953	-6.410320	21.507000
-1.244184	0.410061	-6.373879	21.608000
-1.234544	0.408166	-6.360951	21.707000
-1.224398	0.416385	-6.383441	21.807000
-1.214676	0.420104	-6.401974	21.907000
-1.204996	0.419896	-6.381967	22.007000
-1.195039	0.421454	-6.413727	22.107000
-1.185388	0.420221	-6.427406	22.207000
-1.174996	0.413330	-6.389429	22.307000
-1.165177	0.409685	-6.389583	22.407000
-1.155202	0.411476	-6.398471	22.507000
-1.145295	0.413123	-6.433008	22.607000
-1.135412	0.416782	-6.454881	22.707000
-1.125514	0.419556	-6.456433	22.807000
-1.115664	0.421774	-6.442337	22.907000
-1.105539	0.420865	-6.462629	23.008000
-1.095813	0.416796	-6.495137	23.107000
-1.085878	0.412255	-6.505461	23.208000
-1.075845	0.420764	-6.489521	23.307000
-1.065749	0.428475	-6.455750	23.407000
-1.055654	0.424237	-6.441772	23.508000
-1.045689	0.426318	-6.441397	23.607000
-1.035442	0.427128	-6.416437	23.708000
-1.025390	0.422147	-6.438357	23.807000
-1.015465	0.420103	-6.493887	23.907000
-1.004815	0.418051	-6.470691	24.007000
-0.994574	0.417011	-6.400622	24.107000
-0.984517	0.414153	-6.358882	24.207000
-0.974299	0.409331	-6.341179	24.308000
-0.964364	0.412819	-6.320339	24.407000
-0.954052	0.414101	-6.340343	24.507000
-0.943478	0.414262	-6.355286	24.607000
-0.933072	0.413286	-6.364916	24.707000
-0.922761	0.411459	-6.382973	24.807000
-0.912600	0.413668	-6.414312	24.907000
-0.902613	0.420280	-6.466538	25.007000
-0.891724	0.422683	-6.489405	25.108000
-0.881395	0.424549	-6.483311	25.207000
-0.870905	0.422112	-6.474058	25.307000
-0.860511	0.422597	-6.451640	25.408000
-0.850217	0.428827	-6.443569	25.507000
-0.839791	0.432841	-6.452742	25.607000
-0.829070	0.430581	-6.408360	25.707000
-0.818302	0.422142	-6.331562	25.808000
-0.808151	0.415790	-6.339542	25.907000
-0.797526	0.410825	-6.446164	26.007000
-0.787402	0.411784	-6.486540	26.107000
-0.777004	0.408276	-6.451762	26.207000
-0.766044	0.402358	-6.435783	26.307000
-0.755641	0.399548	-6.450958	26.407000
-0.745414	0.393267	-6.499670	26.508000
-0.734929	0.392569	-6.514721	26.607000
-0.724371	0.393850	-6.526240	26.707000
-0.713260	0.401814	-6.518050	26.807000
-0.702796	0.408505	-6.523256	26.907000
-0.692128	0.406416	-6.530835	27.007000
-0.681818	0.400943	-6.520278	27.107000
-0.671215	0.397775	-6.510270	27.207000
-0.660731	0.395765	-6.442727	27.307000
-0.650272	0.394778	-6.424887	27.407000
-0.639494	0.399494	-6.427575	27.507000
-0.629078	0.405972	-6.363427	27.607000
-0.618723	0.410799	-6.333355	27.707000
-0.608118	0.409581	-6.388099	27.807000
-0.597694	0.404314	-6.411945	27.907000
-0.587006	0.395446	-6.398442	28.007000
-0.576623	0.395175	-6.388817	28.107000
-0.565736	0.398671	-6.405353	28.207000
-0.555236	0.399742	-6.454402	28.307000
-0.544823	0.405507	-6.473127	28.407000
-0.533914	0.406588	-6.414243	28.507000
-0.523154	0.401169	-6.430924	28.607000
-0.511808	0.395463	-6.445067	28.709000
-0.501464	0.386320	-6.442311	28.808000
-0.490619	0.389090	-6.417559	28.907000
-0.480185	0.399160	-6.446802	29.007000
-0.469507	0.407710	-6.490958	29.107000
-0.458558	0.408609	-6.478827	29.208000
-0.447463	0.396636	-6.415701	29.307000
-0.437117	0.389794	-6.353883	29.407000
-0.426093	0.397049	-6.345823	29.507000
-0.415506	0.409720	-6.371272	29.607000
-0.404410	0.409151	-6.410698	29.707000
-0.393084	0.404443	-6.408497	29.807000
-0.382549	0.396970	-6.392617	29.907000
-0.371583	0.395931	-6.426663	30.007000
-0.361097	0.394308	-6.461320	30.107000
-0.350167	0.394136	-6.460320	30.207000
-0.339117	0.395735	-6.411289	30.308000
-0.328183	0.397502	-6.358380	30.407000
-0.317314	0.397117	-6.312220	30.507000
-0.306616	0.394415	-6.328296	30.607000
-0.295593	0.395377	-6.397658	30.708000
-0.284530	0.398515	-6.443171	30.807000
-0.273790	0.403953	-6.485434	30.907000
-0.262450	0.402067	-6.472912	31.007000
-0.251972	0.400824	-6.452016	31.107000
-0.241027	0.395118	-6.421195	31.207000
-0.230124	0.390790	-6.431712	31.307000
-0.219120	0.386692	-6.462391	31.407000
-0.207900	0.389997	-6.469401	31.507000
-0.197124	0.398294	-6.469387	31.607000
-0.186277	0.396615	-6.464690	31.707000
-0.175363	0.395438	-6.435052	31.808000
-0.164863	0.391829	-6.443278	31.907000
-0.153810	0.390423	-6.443875	32.007000
-0.143208	0.361470	-6.636346	32.108000
-0.132246	0.304057	-6.706258	32.207000
-0.121212	0.256157	-6.586170	32.308000
-0.110217	0.221248	-6.406836	32.407000
-0.099361	0.193806	-6.235241	32.507000
-0.088387	0.176228	-6.071617	32.607000
-0.077277	0.173278	-5.998781	32.707000
-0.066381	0.174486	-6.056649	32.808000
-0.055855	0.176565	-6.136795	32.907000
-0.044583	0.174757	-6.122500	33.007000
-0.033640	0.171513	-6.061222	33.107000
-0.022441	0.169560	-6.003143	33.207000
-0.011339	0.164216	-6.054356	33.307000
-0.000442	0.161372	-6.042101	33.407000
0.010585	0.162082	-5.951971	33.507000
0.021420	0.161802	-6.057048	33.607000
0.032806	0.156288	-6.119570	33.707000
0.044089	0.147117	-6.175908	33.807000
0.054972	0.145600	-6.138630	33.908000
0.066080	0.148611	-6.034749	34.007000
0.077099	0.146788	-6.022872	34.107000
0.088336	0.150771	-6.104832	34.207000
0.099619	0.162043	-6.077766	34.307000
0.110679	0.167285	-6.002433	34.407000
0.122042	0.163045	-5.941094	34.507000
0.132839	0.155826	-5.874640	34.607000
0.143953	0.155581	-5.839282	34.707000
0.154971	0.160871	-5.758361	34.807000
0.166132	0.186208	-6.025682	34.907000
0.177138	0.279696	-7.074302	35.007000
0.187893	0.353866	-7.391028	35.107000
0.199533	0.364845	-7.043904	35.207000
0.210459	0.371007	-6.745021	35.307000
0.221666	0.378338	-6.582441	35.407000
0.233303	0.383742	-6.516950	35.507000
0.244226	0.377935	-6.506944	35.607000
0.255513	0.378389	-6.465792	35.707000
0.266564	0.380709	-6.440720	35.807000
0.277849	0.384117	-6.425448	35.907000
0.289171	0.385375	-6.421518	36.007000
0.300391	0.391312	-6.442734	36.107000
0.311768	0.395023	-6.472616	36.207000
0.322552	0.396372	-6.458455	36.307000
0.333731	0.396750	-6.435150	36.407000
0.344989	0.397142	-6.387428	36.507000
0.355963	0.397571	-6.312973	36.607000
0.367117	0.392791	-6.346947	36.707000
0.378225	0.390441	-6.391822	36.807000
0.389225	0.393743	-6.370051	36.907000
0.400534	0.403665	-6.367236	37.007000
0.411611	0.403294	-6.423907	37.107000
0.422885	0.400480	-6.414065	37.207000
0.433934	0.393062	-6.385644	37.307000
0.445348	0.394127	-6.405684	37.407000
0.456583	0.394683	-6.440643	37.507000
0.467694	0.392541	-6.427911	37.607000
0.479356	0.390042	-6.433764	37.707000
0.490347	0.393832	-6.432642	37.807000
0.501598	0.388542	-6.412377	37.907000
0.512593	0.388526	-6.417339	38.007000
0.523827	0.390767	-6.453175	38.108000
0.535448	0.392750	-6.460696	38.207000
0.546644	0.388203	-6.439870	38.307000
0.558303	0.385456	-6.383171	38.407000
0.569508	0.392279	-6.360503	38.507000
0.580530	0.396095	-6.373495	38.607000
0.592182	0.397207	-6.390005	38.707000
0.602970	0.403934	-6.392829	38.807000
0.614644	0.402712	-6.428398	38.907000
0.626042	0.405867	-6.410619	39.007000
0.637462	0.410853	-6.401652	39.107000
0.648498	0.410951	-6.404719	39.207000
0.659669	0.403155	-6.426244	39.307000
0.671589	0.403213	-6.403790	39.407000
0.683075	0.408175	-6.352609	39.507000
0.694129	0.418607	-6.313721	39.607000
0.705555	0.421073	-6.312777	39.707000
0.716976	0.418230	-6.366326	39.807000
0.728123	0.413070	-6.392790	39.907000
0.739730	0.412503	-6.396456	40.007000
0.750981	0.415202	-6.424052	40.107000
0.762528	0.418853	-6.390363	40.207000
0.773501	0.420217	-6.369818	40.307000
0.784869	0.420998	-6.364510	40.407000
0.796344	0.416509	-6.406548	40.507000
0.807514	0.408135	-6.471881	40.607000
0.818874	0.405315	-6.440536	40.708000
0.830047	0.400666	-6.405961	40.808000
0.841292	0.402929	-6.382895	40.908000
0.852723	0.405328	-6.382838	41.007000
0.864564	0.407859	-6.409607	41.107000
0.876149	0.410019	-6.430023	41.207000
0.887393	0.413831	-6.451591	41.307000
0.898720	0.409266	-6.479846	41.407000
0.910070	0.403443	-6.494576	41.507000
0.921518	0.403382	-6.493862	41.608000
0.932806	0.410751	-6.490074	41.707000
0.943909	0.412542	-6.487561	41.807000
0.955786	0.412029	-6.455568	41.908000
0.966989	0.407864	-6.387456	42.007000
0.978001	0.410026	-6.375934	42.107000
0.989805	0.413763	-6.378676	42.207000
1.001157	0.420183	-6.313416	42.307000
1.012642	0.418326	-6.340995	42.408000
1.023926	0.412587	-6.391476	42.507000
1.035268	0.409982	-6.427432	42.608000
1.046513	0.405704	-6.433834	42.707000
1.058192	0.404023	-6.395220	42.807000
1.070047	0.407590	-6.375610	42.907000
1.081485	0.411503	-6.383332	43.007000
1.093095	0.413389	-6.415819	43.107000
1.104076	0.411690	-6.465752	43.207000
1.115893	0.412275	-6.459057	43.307000
1.126798	0.414805	-6.406868	43.407000
1.137993	0.410797	-6.372945	43.507000
1.149860	0.412249	-6.364131	43.607000
1.161376	0.416569	-6.345452	43.707000
1.172386	0.417010	-6.361563	43.807000
1.183870	0.419315	-6.363823	43.907000
1.195167	0.419925	-6.377142	44.007000
1.206754	0.420679	-6.402484	44.107000
1.218574	0.421562	-6.405239	44.207000
1.229711	0.420537	-6.410668	44.308000
1.241086	0.421174	-6.396481	44.407000
1.252717	0.418911	-6.378093	44.507000
1.263709	0.416181	-6.372323	44.607000
1.275083	0.412309	-6.395253	44.707000
1.286913	0.411292	-6.414898	44.807000
1.297252	0.412632	-6.434566	44.907000
1.308650	0.419000	-6.447626	45.008000
1.320055	0.420040	-6.448888	45.107000
1.332539	0.420963	-6.429082	45.207000
1.344547	0.422700	-6.407254	45.307000
1.355030	0.432776	-6.363252	45.407000
1.366643	0.437147	-6.365844	45.507000
1.378067	0.435897	-6.365889	45.607000
1.389761	0.432339	-6.372977	45.707000
1.400684	0.426365	-6.340120	45.807000
1.412418	0.428610	-6.285687	45.907000
1.423935	0.428198	-6.305027	46.007000
1.435439	0.427719	-6.361804	46.107000
1.446812	0.423645	-6.399284	46.207000
1.457657	0.422586	-6.408611	46.307000
1.469164	0.424867	-6.443213	46.407000
1.480223	0.425809	-6.413807	46.507000
1.491967	0.430314	-6.436500	46.607000
1.502739	0.434685	-6.474608	46.707000
1.514216	0.434002	-6.471204	46.807000
1.526426	0.429570	-6.425830	46.907000
1.538196	0.427198	-6.372193	47.007000
1.549558	0.425895	-6.348823	47.107000
1.561138	0.426810	-6.367895	47.207000
1.572672	0.430326	-6.388718	47.307000
1.583945	0.428547	-6.421195	47.408000
1.595825	0.421908	-6.413081	47.507000
1.606895	0.423754	-6.413597	47.607000
1.618630	0.423733	-6.418326	47.707000
1.629754	0.418097	-6.383103	47.807000
1.641315	0.414011	-6.340260	47.907000
1.652825	0.414744	-6.310120	48.007000
1.664797	0.419852	-6.336372	48.107000
1.676698	0.421184	-6.409637	48.207000
1.686705	0.428916	-6.433484	48.307000
1.699635	0.432796	-6.446978	48.407000
1.711080	0.433233	-6.468486	48.507000
1.722734	0.429962	-6.435474	48.607000
1.734466	0.426364	-6.407158	48.707000
1.744721	0.430979	-6.386229	48.807000
1.755916	0.430040	-6.366017	48.907000
1.767752	0.427581	-6.348953	49.007000
1.780447	0.432776	-6.367211	49.107000
1.791422	0.442155	-6.416643	49.207000
1.802841	0.447237	-6.462315	49.307000
1.814480	0.441089	-6.455956	49.407000
1.826269	0.434416	-6.421090	49.507000
1.837420	0.437143	-6.403326	49.607000
1.849346	0.435569	-6.442837	49.707000
1.861003	0.430824	-6.473873	49.807000
1.872584	0.425540	-6.478381	49.907000
1.883717	0.423183	-6.458582	50.007000
1.895480	0.420405	-6.460484	50.108000
1.907078	0.418062	-6.428367	50.207000
1.917955	0.423744	-6.418465	50.307000
1.929465	0.424926	-6.367281	50.407000
1.941022	0.424432	-6.341873	50.507000
1.952098	0.424095	-6.343252	50.607000
1.963671	0.428176	-6.358389	50.707000
1.976059	0.429766	-6.404307	50.807000
1.986089	0.425319	-6.434209	50.907000
1.999917	0.424998	-6.418508	51.007000
2.008905	0.430589	-6.420410	51.107000
2.019131	0.439587	-6.392873	51.207000
2.031943	0.441316	-6.359748	51.307000
2.045857	0.438870	-6.356416	51.407000
2.054742	0.433134	-6.372698	51.507000
2.068528	0.434437	-6.410232	51.607000
2.078059	0.436946	-6.459324	51.707000
2.090362	0.435819	-6.454270	51.807000
2.102660	0.434745	-6.420484	51.907000
2.113183	0.439644	-6.404274	52.007000
2.124939	0.440679	-6.355572	52.107000
2.136049	0.440281	-6.361218	52.207000
2.147932	0.442328	-6.402913	52.307000
2.159319	0.441929	-6.363196	52.407000
2.170684	0.435266	-6.321814	52.507000
2.182708	0.433339	-6.301766	52.607000
2.194340	0.433970	-6.328705	52.707000
2.205935	0.431508	-6.397659	52.807000
2.216807	0.431746	-6.417350	52.907000
2.228688	0.434388	-6.425126	53.007000
2.239583	0.435854	-6.409970	53.107000
2.252101	0.439208	-6.343271	53.207000
2.263389	0.440289	-6.259105	53.307000
2.275069	0.443527	-6.219949	53.407000
2.286568	0.447547	-6.234604	53.507000
2.297368	0.443410	-6.297472	53.607000
2.309017	0.438226	-6.346363	53.707000
2.320927	0.434530	-6.347389	53.807000
2.332740	0.430471	-6.353301	53.907000
2.344453	0.426973	-6.346353	54.007000
2.353284	0.422426	-6.340075	54.107000
2.368547	0.417736	-6.309690	54.207000
2.376048	0.426934	-6.313977	54.307000
2.392429	0.434607	-6.335567	54.407000
2.403405	0.440784	-6.374011	54.507000
2.414732	0.437353	-6.432566	54.607000
2.428017	0.434466	-6.449901	54.707000
2.439388	0.438968	-6.400155	54.807000
2.450246	0.444159	-6.375601	54.907000
2.460151	0.444809	-6.390687	55.007000
2.470586	0.438098	-6.438439	55.107000
2.480465	0.432722	-6.442919	55.207000
2.493877	0.431415	-6.434524	55.307000
2.505755	0.432819	-6.415570	55.407000
2.517965	0.433989	-6.408632	55.507000
2.529903	0.437530	-6.367239	55.607000
2.539685	0.436192	-6.324245	55.707000
2.546699	0.437521	-6.291965	55.807000
2.560697	0.439944	-6.329805	55.907000
2.576118	0.436089	-6.370766	56.007000
2.585506	0.432266	-6.378168	56.107000
2.593365	0.429258	-6.370612	56.207000
2.610325	0.422676	-6.338726	56.307000
2.621321	0.425539	-6.270814	56.407000
2.631319	0.434945	-6.254316	56.507000
2.642810	0.443053	-6.273141	56.607000
2.653478	0.449392	-6.305121	56.707000
2.664766	0.446784	-6.325051	56.807000
2.674518	0.441012	-6.327830	56.907000
2.685563	0.435467	-6.313052	57.007000
2.696982	0.433390	-6.311138	57.107000
2.708473	0.429466	-6.318200	57.207000
2.720221	0.435268	-6.312793	57.307000
2.732391	0.437423	-6.352813	57.407000
2.745644	0.436361	-6.371889	57.507000
2.759245	0.435279	-6.361558	57.607000
2.770616	0.432929	-6.373290	57.707000
2.782520	0.435949	-6.359642	57.808000
2.793578	0.440383	-6.322434	57.907000
2.805601	0.439782	-6.303482	58.007000
2.816263	0.440349	-6.331670	58.107000
2.826442	0.447483	-6.340583	58.207000
2.835909	0.447332	-6.365597	58.307000
2.849279	0.448086	-6.380345	58.407000
2.860419	0.452371	-6.384124	58.507000
2.871493	0.457920	-6.423788	58.607000
2.884420	0.458223	-6.449414	58.707000
2.892924	0.452320	-6.422021	58.807000
2.907713	0.448039	-6.420386	58.907000
2.918411	0.442058	-6.452136	59.007000
2.928325	0.433382	-6.461275	59.107000
2.942668	0.434798	-6.435271	59.207000
2.951626	0.437706	-6.416353	59.307000
2.963837	0.438991	-6.357170	59.407000
2.975681	0.442241	-6.300940	59.507000
2.984595	0.448150	-6.329740	59.607000
2.999097	0.450253	-6.350074	59.707000
3.008197	0.448474	-6.375739	59.807000
3.018104	0.446504	-6.438882	59.907000
3.030322	0.451635	-6.473079	60.007000
3.041220	0.452844	-6.457584	60.107000
3.052569	0.449276	-6.370158	60.207000
3.066743	0.445478	-6.301980	60.307000
3.077786	0.444477	-6.263455	60.408000
3.087188	0.438404	-6.275753	60.508000
3.100980	0.433515	-6.276811	60.607000
3.110408	0.438709	-6.257114	60.707000
3.123549	0.444361	-6.272323	60.807000
3.135097	0.439973	-6.296366	60.907000
3.145633	0.442008	-6.295646	61.007000
3.156715	0.443761	-6.292785	61.107000
3.168680	0.443387	-6.270344	61.207000
3.180418	0.442084	-6.249632	61.307000
3.191006	0.448082	-6.279007	61.408000
3.203232	0.447355	-6.310692	61.507000
3.213980	0.445930	-6.356702	61.607000
3.225287	0.450261	-6.371310	61.707000
3.237540	0.449747	-6.375856	61.807000
3.248823	0.449639	-6.397539	61.908000
3.260147	0.442831	-6.414911	62.007000
3.271820	0.442373	-6.429036	62.107000
3.282750	0.446681	-6.440171	62.208000
3.294750	0.449943	-6.396741	62.307000
3.305949	0.445840	-6.361090	62.407000
3.317439	0.441869	-6.379178	62.507000
3.328990	0.438448	-6.402993	62.607000
3.340057	0.431080	-6.405767	62.707000
3.351627	0.428931	-6.405264	62.807000
3.363482	0.426314	-6.397272	62.907000
3.374327	0.425500	-6.394973	63.007000
3.386487	0.429260	-6.386942	63.107000
3.397639	0.437135	-6.364160	63.207000
3.408915	0.445075	-6.326462	63.307000
3.420085	0.452413	-6.344115	63.407000
3.432323	0.448994	-6.362316	63.507000
3.443496	0.449312	-6.368344	63.607000
3.454954	0.451470	-6.369320	63.707000
3.466682	0.453391	-6.356767	63.807000
3.477435	0.449619	-6.358312	63.907000
3.489172	0.441363	-6.325657	64.007000
3.499637	0.429196	-6.288098	64.107000
3.511742	0.426968	-6.277052	64.207000
3.523372	0.427481	-6.300951	64.308000
3.533709	0.434484	-6.329366	64.407000
3.545731	0.439534	-6.321276	64.507000
3.556668	0.441264	-6.314522	64.607000
3.568039	0.444144	-6.321380	64.707000
3.579516	0.445488	-6.331844	64.807000
3.590679	0.443991	-6.334460	64.908000
3.601662	0.441839	-6.332594	65.007000
3.613317	0.440958	-6.348383	65.108000
3.624908	0.446693	-6.338597	65.207000
3.636485	0.450962	-6.313843	65.307000
3.647581	0.442006	-6.271724	65.407000
3.658916	0.436281	-6.275400	65.507000
3.670612	0.433417	-6.269151	65.608000
3.682543	0.439542	-6.252802	65.707000
3.693546	0.441485	-6.252613	65.807000
3.704531	0.442870	-6.265117	65.907000
3.716377	0.444943	-6.305335	66.007000
3.727538	0.440595	-6.357673	66.107000
3.738549	0.441296	-6.369632	66.207000
3.751748	0.447539	-6.320304	66.307000
3.761967	0.451245	-6.319430	66.407000
3.772304	0.450186	-6.347615	66.507000
3.785345	0.445610	-6.324746	66.607000
3.797034	0.444616	-6.295398	66.707000
3.805496	0.439622	-6.306445	66.807000
3.820370	0.442576	-6.319618	66.907000
3.828854	0.453108	-6.336781	67.007000
3.843092	0.456918	-6.343851	67.107000
3.852412	0.455557	-6.390205	67.207000
3.865998	0.451545	-6.421237	67.308000
3.874662	0.448194	-6.379464	67.407000
3.889454	0.451831	-6.335890	67.507000
3.897047	0.450163	-6.316362	67.608000
3.909532	0.445112	-6.364880	67.707000
3.923262	0.434711	-6.341500	67.807000
3.931602	0.430955	-6.288397	67.907000
3.942338	0.439629	-6.313508	68.007000
3.955862	0.451651	-6.317271	68.108000
3.968967	0.456507	-6.316921	68.207000
3.978053	0.458134	-6.277172	68.307000
3.987517	0.454884	-6.269730	68.407000
3.991358	0.450453	-6.297125	68.508000
3.988317	0.449249	-6.313239	68.607000
3.985233	0.450312	-6.378717	68.707000
3.980704	0.450975	-6.393644	68.808000
3.975303	0.452371	-6.317629	68.907000
3.970023	0.456073	-6.331787	69.007000
3.963930	0.454860	-6.329639	69.107000
3.958048	0.453715	-6.344378	69.207000
3.951369	0.449222	-6.313797	69.307000
3.944593	0.453123	-6.298148	69.407000
3.937789	0.461394	-6.292819	69.507000
3.930288	0.455889	-6.328739	69.607000
3.922922	0.445270	-6.332101	69.707000
3.915109	0.442433	-6.283885	69.807000
3.907135	0.448285	-6.224582	69.907000
3.899423	0.450798	-6.242269	70.007000
3.892315	0.448365	-6.272505	70.107000
3.882195	0.447019	-6.265932	70.207000
3.875541	0.449974	-6.254183	70.307000
3.866215	0.445442	-6.267785	70.407000
3.859418	0.438080	-6.281968	70.507000
3.847978	0.439624	-6.290333	70.607000
3.842239	0.439676	-6.306889	70.707000
3.830869	0.438984	-6.307861	70.807000
3.825103	0.444579	-6.346394	70.907000
3.813361	0.449342	-6.337280	71.007000
3.804819	0.450320	-6.324789	71.108000
3.798224	0.446544	-6.306586	71.208000
3.789051	0.449533	-6.269324	71.307000
3.777228	0.456053	-6.227300	71.407000
3.768423	0.454836	-6.232738	71.507000
3.762543	0.449713	-6.292249	71.607000
3.753594	0.454179	-6.325566	71.707000
3.744180	0.458700	-6.329004	71.808000
3.734446	0.459834	-6.322398	71.907000
3.725671	0.452887	-6.360582	72.007000
3.714868	0.444442	-6.390595	72.107000
3.703368	0.443606	-6.339561	72.208000
3.693617	0.443631	-6.313058	72.307000
3.686508	0.445172	-6.313843	72.407000
3.678957	0.445918	-6.327618	72.507000
3.666578	0.440811	-6.342490	72.607000
3.658814	0.442588	-6.351864	72.707000
3.649405	0.436448	-6.372684	72.807000
3.639279	0.433150	-6.363656	72.907000
3.629565	0.435219	-6.345855	73.007000
3.621153	0.436443	-6.353039	73.107000
3.610793	0.435837	-6.324097	73.207000
3.602518	0.431942	-6.281025	73.307000
3.591469	0.431055	-6.272601	73.407000
3.581476	0.431449	-6.268842	73.507000
3.573423	0.433223	-6.239107	73.607000
3.560623	0.434334	-6.250108	73.708000
3.554322	0.437518	-6.261442	73.807000
3.542107	0.438220	-6.277159	73.907000
3.533122	0.437272	-6.283604	74.007000
3.523718	0.434804	-6.250366	74.107000
3.511818	0.431868	-6.294010	74.207000
3.504559	0.441540	-6.291541	74.307000
3.491971	0.439556	-6.266452	74.407000
3.484689	0.442372	-6.271211	74.507000
3.471790	0.449331	-6.287990	74.608000
3.464742	0.453242	-6.263041	74.707000
3.452604	0.446654	-6.300935	74.807000
3.441986	0.438863	-6.322731	74.907000
3.435170	0.430046	-6.352172	75.007000
3.424117	0.430855	-6.341691	75.107000
3.411740	0.436274	-6.333512	75.207000
3.401227	0.440213	-6.359008	75.307000
3.393300	0.439435	-6.370280	75.407000
3.384023	0.435705	-6.325924	75.507000
3.371629	0.442289	-6.306877	75.608000
3.362793	0.447961	-6.275040	75.707000
3.354372	0.447012	-6.256359	75.808000
3.342781	0.438655	-6.279268	75.907000
3.331476	0.443298	-6.303986	76.007000
3.321039	0.447170	-6.290887	76.107000
3.312525	0.442612	-6.305603	76.207000
3.302805	0.439556	-6.341534	76.307000
3.292144	0.437140	-6.332956	76.407000
3.280733	0.437763	-6.290257	76.507000
3.270505	0.447225	-6.288583	76.607000
3.260687	0.449612	-6.294670	76.707000
3.250716	0.446542	-6.286420	76.808000
3.240675	0.443024	-6.280516	76.907000
3.230331	0.442487	-6.296216	77.007000
3.219784	0.448493	-6.305880	77.107000
3.209688	0.449128	-6.316115	77.207000
3.199332	0.448323	-6.272601	77.307000
3.189932	0.454389	-6.259715	77.407000
3.180019	0.450275	-6.282507	77.507000
3.170156	0.442213	-6.294034	77.607000
3.160022	0.442952	-6.301672	77.707000
3.148992	0.439865	-6.313121	77.807000
3.138881	0.435744	-6.335194	77.907000
3.128163	0.437102	-6.386891	78.007000
3.117401	0.438130	-6.396723	78.107000
3.107551	0.435908	-6.360582	78.207000
3.097101	0.436086	-6.298762	78.308000
3.086600	0.433324	-6.243165	78.407000
3.076088	0.435539	-6.259488	78.507000
3.065161	0.436638	-6.315582	78.607000
3.055580	0.434740	-6.330329	78.707000
3.044958	0.427946	-6.341008	78.808000
3.033768	0.438598	-6.332637	78.907000
3.023652	0.450639	-6.362509	79.007000
3.013200	0.452051	-6.390054	79.107000
3.002312	0.445071	-6.351045	79.207000
2.991455	0.438782	-6.311890	79.307000
2.981968	0.436089	-6.277946	79.407000
2.971349	0.442935	-6.307981	79.507000
2.961264	0.445444	-6.358156	79.607000
2.949986	0.449298	-6.365487	79.707000
2.939838	0.450633	-6.386811	79.807000
2.929442	0.437979	-6.387650	79.907000
2.918510	0.433523	-6.374313	80.007000
2.906716	0.439941	-6.339710	80.108000
2.895999	0.444431	-6.309806	80.207000
2.887105	0.440798	-6.330469	80.307000
2.878308	0.440532	-6.356489	80.408000
2.863763	0.440746	-6.375023	80.507000
2.851935	0.434952	-6.365401	80.607000
2.842359	0.427786	-6.369347	80.707000
2.833284	0.428935	-6.354050	80.808000
2.824925	0.433890	-6.368252	80.907000
2.814124	0.433197	-6.383855	81.008000
2.800267	0.434925	-6.376723	81.108000
2.791048	0.439482	-6.350326	81.207000
2.778683	0.442598	-6.326460	81.307000
2.769194	0.440175	-6.324905	81.408000
2.758153	0.439991	-6.348918	81.507000
2.748013	0.447344	-6.369313	81.607000
2.737745	0.443014	-6.372598	81.707000
2.726354	0.438217	-6.353610	81.808000
2.716248	0.429337	-6.311937	81.907000
2.705364	0.423170	-6.300409	82.007000
2.694746	0.421549	-6.293016	82.107000
2.684242	0.421524	-6.260735	82.208000
2.673610	0.417426	-6.228481	82.307000
2.662929	0.420241	-6.265067	82.407000
2.652953	0.424710	-6.322571	82.507000
2.639826	0.432283	-6.346254	82.607000
2.631376	0.434022	-6.346130	82.707000
2.617920	0.430055	-6.353467	82.807000
2.610236	0.428334	-6.335545	82.907000
2.600516	0.438060	-6.315921	83.007000
2.587500	0.436456	-6.299507	83.107000
2.577165	0.433549	-6.326162	83.207000
2.564677	0.435338	-6.370516	83.308000
2.555121	0.432920	-6.391709	83.407000
2.543801	0.431495	-6.433772	83.507000
2.533332	0.432475	-6.456686	83.607000
2.521651	0.435149	-6.403911	83.707000
2.510971	0.437740	-6.389095	83.807000
2.500329	0.444071	-6.416729	83.907000
2.489275	0.439969	-6.392974	84.007000
2.478261	0.432865	-6.342160	84.107000
2.467132	0.431322	-6.318642	84.207000
2.456901	0.432277	-6.349656	84.308000
2.444078	0.436864	-6.371104	84.407000
2.435189	0.433202	-6.365893	84.507000
2.425255	0.430646	-6.332096	84.607000
2.413412	0.438204	-6.345733	84.707000
2.402942	0.434234	-6.365815	84.807000
2.390175	0.429630	-6.320624	84.907000
2.379788	0.431319	-6.297148	85.007000
2.369497	0.429148	-6.305559	85.108000
2.359088	0.428650	-6.302084	85.208000
2.347736	0.427619	-6.351674	85.307000
2.335374	0.420541	-6.336958	85.407000
2.324956	0.424854	-6.253386	85.507000
2.313917	0.423891	-6.249852	85.607000
2.303157	0.425422	-6.325756	85.707000
2.291776	0.424389	-6.379007	85.807000
2.281388	0.419012	-6.437238	85.907000
2.270119	0.417060	-6.425931	86.007000
2.258912	0.414296	-6.402817	86.107000
2.248208	0.412265	-6.357067	86.207000
2.237597	0.409660	-6.328807	86.308000
2.226161	0.414899	-6.359073	86.407000
2.215061	0.421755	-6.423347	86.507000
2.203887	0.427967	-6.424702	86.607000
2.192867	0.429980	-6.392346	86.707000
2.182482	0.428412	-6.376352	86.807000
2.171608	0.431023	-6.358132	86.907000
2.160278	0.434533	-6.355802	87.007000
2.149099	0.436356	-6.406816	87.107000
2.137664	0.431971	-6.445114	87.207000
2.126703	0.420471	-6.396537	87.307000
2.116057	0.421755	-6.336681	87.407000
2.104757	0.432058	-6.336913	87.508000
2.093955	0.434325	-6.358732	87.607000
2.082239	0.436325	-6.376479	87.707000
2.071474	0.440892	-6.375272	87.807000
2.060571	0.436825	-6.371136	87.907000
2.049600	0.429552	-6.372725	88.007000
2.038376	0.419634	-6.377494	88.108000
2.027322	0.416319	-6.392733	88.207000
2.015382	0.420872	-6.418096	88.308000
2.004974	0.428974	-6.414542	88.407000
1.992810	0.431505	-6.382411	88.507000
1.982781	0.434723	-6.361645	88.608000
1.971303	0.422298	-6.375368	88.707000
1.959681	0.415444	-6.379579	88.807000
1.948383	0.417186	-6.322684	88.907000
1.937367	0.420698	-6.314436	89.007000
1.926367	0.427664	-6.341685	89.107000
1.914810	0.432879	-6.401820	89.207000
1.903967	0.429254	-6.432378	89.307000
1.892526	0.425939	-6.451692	89.407000
1.881144	0.424214	-6.440286	89.507000
1.870162	0.422228	-6.426744	89.607000
1.858537	0.419607	-6.392716	89.707000
1.847302	0.423023	-6.372243	89.808000
1.836559	0.422866	-6.383037	89.907000
1.824474	0.426459	-6.379905	90.007000
1.813643	0.431664	-6.353827	90.107000
1.802765	0.433656	-6.340649	90.207000
1.791072	0.437192	-6.350011	90.307000
1.780200	0.439490	-6.352640	90.407000
1.768955	0.439560	-6.391128	90.507000
1.757934	0.434470	-6.360248	90.607000
1.746727	0.435366	-6.335414	90.707000
1.735436	0.432249	-6.344392	90.807000
1.724458	0.424736	-6.334137	90.907000
1.713096	0.421208	-6.347852	91.007000
1.701875	0.418267	-6.343771	91.107000
1.690816	0.424169	-6.313998	91.207000
1.679354	0.434494	-6.323767	91.307000
1.668378	0.437550	-6.353686	91.407000
1.657181	0.429769	-6.370341	91.507000
1.646036	0.426766	-6.352334	91.607000
1.634319	0.425778	-6.339202	91.707000
1.623279	0.427428	-6.357968	91.807000
1.611784	0.432597	-6.343015	91.907000
1.600461	0.433372	-6.333873	92.007000
1.589658	0.431444	-6.337293	92.107000
1.577727	0.426021	-6.356473	92.207000
1.566988	0.424298	-6.365738	92.307000
1.555608	0.421362	-6.355349	92.408000
1.544479	0.414843	-6.356273	92.507000
1.533434	0.405631	-6.348880	92.607000
1.521947	0.408926	-6.328644	92.707000
1.511021	0.417431	-6.329710	92.808000
1.498879	0.419203	-6.356875	92.907000
1.487865	0.419655	-6.368124	93.007000
1.476364	0.420904	-6.399294	93.107000
1.465175	0.419420	-6.389133	93.207000
1.453905	0.418645	-6.329092	93.307000
1.442458	0.421509	-6.310873	93.408000
1.431224	0.419924	-6.331874	93.507000
1.420028	0.416865	-6.323827	93.608000
1.408465	0.418473	-6.337592	93.707000
1.397376	0.421177	-6.363219	93.807000
1.386197	0.423411	-6.358627	93.907000
1.374635	0.426812	-6.355716	94.007000
1.363058	0.423416	-6.386057	94.107000
1.351390	0.414334	-6.385596	94.207000
1.340452	0.414520	-6.333351	94.307000
1.328954	0.421314	-6.298702	94.407000
1.317634	0.428957	-6.343092	94.507000
1.305926	0.434335	-6.384996	94.607000
1.294326	0.434378	-6.399487	94.707000
1.282780	0.428320	-6.350254	94.808000
1.271646	0.419875	-6.385502	94.907000
1.260162	0.419722	-6.397484	95.007000
1.248847	0.424666	-6.402250	95.107000
1.237446	0.421649	-6.443708	95.207000
1.226174	0.416358	-6.434640	95.307000
1.214940	0.412058	-6.416405	95.407000
1.203537	0.407802	-6.445896	95.507000
1.192041	0.406572	-6.472292	95.607000
1.180514	0.404265	-6.485740	95.707000
1.168933	0.401911	-6.473349	95.807000
1.157319	0.403841	-6.435907	95.907000
1.145927	0.408206	-6.387757	96.007000
1.134540	0.404351	-6.391678	96.107000
1.123072	0.397279	-6.399125	96.207000
1.111666	0.396571	-6.371817	96.308000
1.100090	0.395426	-6.353234	96.407000
1.089066	0.400856	-6.322939	96.507000
1.077502	0.405683	-6.346725	96.608000
1.066044	0.409563	-6.401478	96.707000
1.054985	0.410061	-6.413116	96.807000
1.042917	0.406331	-6.365103	96.907000
1.031613	0.403924	-6.313086	97.007000
1.020064	0.404207	-6.319087	97.107000
1.008488	0.410853	-6.304409	97.208000
0.997445	0.420611	-6.304625	97.307000
0.985576	0.418369	-6.325082	97.407000
0.974199	0.407621	-6.298844	97.507000
0.962580	0.407186	-6.283280	97.607000
0.950942	0.408971	-6.303116	97.707000
0.939875	0.413992	-6.365703	97.807000
0.928220	0.417355	-6.398227	97.907000
0.916838	0.412759	-6.403403	98.007000
0.905158	0.406766	-6.421992	98.108000
0.893466	0.406841	-6.410892	98.207000
0.882027	0.407691	-6.444641	98.307000
0.870566	0.408374	-6.431226	98.407000
0.859327	0.407256	-6.394896	98.507000
0.847457	0.406691	-6.367022	98.608000
0.835773	0.400211	-6.318964	98.707000
0.824503	0.401111	-6.258282	98.808000
0.812546	0.402202	-6.254762	98.907000
0.801186	0.401788	-6.277543	99.007000
0.789602	0.404128	-6.353224	99.107000
0.778058	0.410599	-6.396550	99.207000
0.766512	0.415464	-6.406801	99.307000
0.755041	0.410978	-6.378426	99.407000
0.743669	0.409063	-6.389563	99.507000
0.731993	0.417969	-6.417061	99.608000
0.720836	0.415095	-6.450954	99.707000
0.709322	0.408772	-6.475630	99.807000
0.697796	0.408716	-6.496112	99.907000
0.686279	0.410845	-6.526302	100.007000
0.674702	0.405824	-6.484073	100.108000
0.663409	0.399676	-6.409265	100.207000
0.652015	0.395538	-6.392269	100.307000
0.640668	0.394457	-6.402936	100.407000
0.629298	0.399857	-6.382696	100.507000
0.617698	0.406039	-6.361583	100.607000
0.606274	0.403175	-6.353758	100.707000
0.594853	0.399926	-6.330349	100.807000
0.582905	0.399416	-6.347646	100.908000
0.571534	0.400916	-6.335736	101.007000
0.559659	0.400023	-6.295353	101.107000
0.548527	0.396131	-6.333736	101.207000
0.536579	0.400502	-6.360575	101.308000
0.525167	0.404928	-6.331237	101.407000
0.513276	0.404541	-6.328151	101.507000
0.501435	0.401474	-6.376775	101.607000
0.489886	0.397084	-6.473638	101.707000
0.478219	0.398099	-6.500874	101.807000
0.466658	0.399474	-6.451779	101.907000
0.455442	0.392399	-6.401686	102.007000
0.443662	0.389353	-6.393031	102.107000
0.432242	0.392387	-6.399825	102.207000
0.420365	0.390295	-6.427875	102.307000
0.409196	0.389270	-6.433905	102.407000
0.397469	0.395749	-6.425363	102.507000
0.385391	0.395547	-6.416559	102.607000
0.373841	0.392035	-6.367288	102.707000
0.362232	0.396899	-6.333768	102.807000
0.350672	0.396495	-6.382086	102.907000
0.339301	0.386138	-6.414776	103.007000
0.327437	0.380651	-6.384916	103.107000
0.316013	0.383395	-6.383778	103.207000
0.304278	0.390149	-6.348488	103.307000
0.292461	0.391376	-6.289031	103.408000
0.281052	0.389169	-6.262554	103.507000
0.269562	0.389219	-6.302163	103.608000
0.258204	0.386502	-6.336466	103.707000
0.246155	0.383162	-6.304743	103.808000
0.234528	0.379955	-6.299909	103.907000
0.222881	0.380372	-6.327634	104.007000
0.211681	0.383355	-6.340552	104.107000
0.199835	0.386768	-6.355016	104.207000
0.188001	0.383452	-6.364503	104.307000
0.176666	0.384812	-6.367752	104.407000
0.165000	0.383053	-6.421704	104.507000
0.153294	0.342672	-6.552888	104.607000
0.142298	0.286018	-6.550411	104.707000
0.130740	0.233223	-6.379055	104.808000
0.119257	0.201326	-6.257601	104.907000
0.107704	0.184688	-6.208759	105.007000
0.095960	0.177861	-6.063423	105.107000
0.084732	0.174875	-6.010698	105.208000
0.073050	0.163862	-6.020491	105.307000
0.061394	0.160471	-5.920280	105.407000
0.049534	0.163500	-5.833205	105.507000
0.037775	0.159286	-5.953377	105.607000
0.026157	0.159988	-6.090999	105.707000
0.014622	0.160780	-6.144186	105.807000
0.003462	0.157925	-6.060815	105.907000
-0.008626	0.157281	-5.921918	106.007000
-0.020007	0.156804	-5.800261	106.107000
-0.032038	0.155483	-5.838503	106.207000
-0.043541	0.152747	-5.851319	106.307000
-0.054885	0.152831	-5.833167	106.407000
-0.066463	0.157961	-5.867907	106.507000
-0.078542	0.160150	-5.935444	106.608000
-0.090082	0.161113	-6.026032	106.707000
-0.102082	0.158692	-6.071171	106.808000
-0.113366	0.157947	-6.025390	106.907000
-0.125022	0.156085	-5.999545	107.007000
-0.136475	0.158075	-6.064749	107.107000
-0.148559	0.177169	-6.121306	107.207000
-0.160434	0.238539	-6.659312	107.307000
-0.172199	0.347182	-7.254406	107.407000
-0.183983	0.381743	-7.102995	107.507000
-0.195223	0.388886	-6.800893	107.607000
-0.207209	0.391564	-6.616149	107.707000
-0.218965	0.387571	-6.511036	107.807000
-0.230370	0.386021	-6.452999	107.907000
-0.242369	0.384830	-6.414896	108.007000
-0.253424	0.393229	-6.404119	108.107000
-0.265234	0.396188	-6.373481	108.207000
-0.277353	0.396231	-6.385208	108.307000
-0.289094	0.392112	-6.397543	108.407000
-0.300737	0.384799	-6.433868	108.507000
-0.312283	0.380656	-6.438448	108.607000
-0.324029	0.375291	-6.414512	108.707000
-0.335563	0.366846	-6.395621	108.807000
-0.347331	0.367092	-6.425432	108.907000
-0.358729	0.372893	-6.468301	109.007000
-0.370266	0.382055	-6.428386	109.107000
-0.382071	0.385735	-6.373808	109.207000
-0.393551	0.389704	-6.376526	109.307000
-0.404641	0.393314	-6.444347	109.407000
-0.416491	0.389379	-6.454884	109.507000
-0.427901	0.391050	-6.379804	109.607000
-0.439451	0.392132	-6.319882	109.708000
-0.450740	0.389987	-6.315817	109.807000
-0.462393	0.390929	-6.359082	109.907000
-0.474252	0.391818	-6.411119	110.007000
-0.486409	0.389788	-6.447857	110.107000
-0.497977	0.389840	-6.448497	110.207000
-0.509538	0.391279	-6.453103	110.307000
-0.521119	0.389559	-6.456637	110.407000
-0.532897	0.380756	-6.438590	110.507000
-0.544574	0.380122	-6.377935	110.607000
-0.556471	0.383897	-6.371977	110.707000
-0.568087	0.385939	-6.403000	110.807000
-0.579626	0.389899	-6.388388	110.907000
-0.591168	0.389030	-6.347640	111.007000
-0.602819	0.387442	-6.334576	111.107000
-0.614745	0.385735	-6.340112	111.207000
-0.626319	0.385620	-6.384852	111.307000
-0.638138	0.388261	-6.392048	111.407000
-0.649717	0.388457	-6.349396	111.507000
-0.661242	0.389179	-6.372611	111.608000
-0.673488	0.393224	-6.439195	111.708000
-0.685403	0.398750	-6.484689	111.808000
-0.696815	0.401495	-6.474783	111.907000
-0.708639	0.397943	-6.431826	112.008000
-0.720002	0.395674	-6.377222	112.107000
-0.731631	0.392650	-6.376594	112.207000
-0.743452	0.392918	-6.364823	112.307000
-0.755004	0.395134	-6.387630	112.407000
-0.766952	0.397620	-6.453528	112.507000
-0.778549	0.400792	-6.465353	112.607000
-0.790243	0.410923	-6.401921	112.708000
-0.801527	0.417850	-6.332718	112.807000
-0.813535	0.414193	-6.346104	112.907000
-0.825411	0.407622	-6.428454	113.007000
-0.836993	0.410717	-6.472281	113.107000
-0.848955	0.411241	-6.491267	113.207000
-0.860269	0.410100	-6.502115	113.307000
-0.871989	0.406179	-6.520599	113.407000
-0.883606	0.396734	-6.508357	113.508000
-0.895036	0.394735	-6.470443	113.607000
-0.907041	0.391619	-6.438898	113.709000
-0.918113	0.392683	-6.413235	113.807000
-0.929827	0.398054	-6.376426	113.907000
-0.941434	0.399816	-6.345506	114.008000
-0.952529	0.407391	-6.324479	114.107000
-0.964345	0.405449	-6.339580	114.207000
-0.975818	0.400106	-6.349154	114.307000
-0.987599	0.398769	-6.339519	114.407000
-0.998793	0.397016	-6.348749	114.507000
-1.010736	0.397227	-6.370044	114.607000
-1.022691	0.401882	-6.403766	114.707000
-1.034074	0.403706	-6.434261	114.808000
-1.045947	0.405784	-6.468435	114.907000
-1.057244	0.401993	-6.448717	115.007000
-1.068685	0.401242	-6.405349	115.108000
-1.080844	0.397946	-6.379762	115.207000
-1.092150	0.396488	-6.365026	115.307000
-1.104105	0.399658	-6.339413	115.407000
-1.115579	0.405853	-6.354023	115.507000
-1.126960	0.405667	-6.338719	115.607000
-1.138712	0.401171	-6.307008	115.707000
-1.150653	0.397221	-6.296077	115.807000
-1.162618	0.393730	-6.341971	115.907000
-1.174016	0.394986	-6.381366	116.007000
-1.185691	0.399026	-6.423136	116.107000
-1.197098	0.404081	-6.386452	116.208000
-1.208944	0.401931	-6.323294	116.308000
-1.220968	0.406112	-6.345738	116.407000
-1.232431	0.413039	-6.390816	116.507000
-1.244331	0.412702	-6.366867	116.607000
-1.255573	0.409564	-6.327952	116.707000
-1.266667	0.411650	-6.343930	116.807000
-1.278865	0.416413	-6.368931	116.907000
-1.290656	0.416822	-6.334416	117.007000
-1.302287	0.412669	-6.293046	117.108000
-1.313783	0.412071	-6.305673	117.207000
-1.325133	0.412711	-6.347893	117.307000
-1.336893	0.409782	-6.403037	117.407000
-1.348756	0.414737	-6.461108	117.507000
-1.360631	0.417493	-6.470488	117.608000
-1.372122	0.416206	-6.463047	117.707000
-1.383837	0.417966	-6.444043	117.807000
-1.395243	0.419980	-6.441410	117.907000
-1.406893	0.418374	-6.505238	118.007000
-1.418358	0.419799	-6.508732	118.107000
-1.429566	0.421457	-6.475687	118.207000
-1.441220	0.417540	-6.460442	118.307000
-1.451721	0.416681	-6.461249	118.407000
-1.457419	0.417961	-6.471813	118.507000
-1.462313	0.419769	-6.450725	118.607000
-1.465912	0.420725	-6.436198	118.707000
-1.469167	0.415332	-6.439064	118.807000
-1.471917	0.412339	-6.412031	118.907000
-1.474431	0.420733	-6.406410	119.007000
-1.476638	0.430781	-6.413560	119.107000
-1.478813	0.430852	-6.436940	119.207000
-1.480760	0.426256	-6.401225	119.307000
-1.482643	0.421423	-6.328043	119.407000
-1.483948	0.421334	-6.259802	119.507000
-1.485860	0.418414	-6.280136	119.607000
-1.487183	0.418238	-6.340360	119.707000
-1.488510	0.420062	-6.383368	119.807000
-1.489645	0.421741	-6.363761	119.907000
-1.490689	0.419574	-6.327505	120.007000
-1.492007	0.416673	-6.343880	120.107000
-1.492915	0.415157	-6.379287	120.207000
-1.494182	0.414942	-6.391712	120.308000
-1.495074	0.411881	-6.389908	120.407000
-1.495584	0.411866	-6.366590	120.507000
-1.496872	0.418744	-6.347277	120.607000
-1.497806	0.423055	-6.343837	120.707000
-1.498485	0.419144	-6.381005	120.807000
-1.499332	0.418102	-6.387589	120.907000
-1.499964	0.418913	-6.363253	121.007000
-1.500902	0.417546	-6.324486	121.107000
-1.501286	0.418050	-6.286977	121.207000
-1.502217	0.419869	-6.327242	121.307000
-1.502655	0.421269	-6.359955	121.407000
-1.503176	0.415787	-6.348538	121.507000
-1.503976	0.418212	-6.354041	121.607000
-1.504474	0.423861	-6.380248	121.707000
-1.505014	0.431202	-6.381990	121.807000
-1.505377	0.426843	-6.375577	121.907000
-1.505731	0.422074	-6.373948	122.007000
-1.506308	0.414446	-6.392295	122.108000
-1.506849	0.412809	-6.407010	122.207000
-1.507183	0.416210	-6.388428	122.307000
-1.507622	0.423132	-6.392624	122.407000
-1.507890	0.427150	-6.404597	122.507000
-1.508474	0.428343	-6.396051	122.607000
-1.508809	0.429577	-6.378251	122.707000
-1.509039	0.429142	-6.361236	122.807000
-1.509498	0.430497	-6.384983	122.908000
-1.509416	0.423714	-6.377469	123.007000
-1.509959	0.423097	-6.370971	123.108000
-1.509912	0.421398	-6.390367	123.207000
-1.510670	0.417214	-6.421458	123.307000
-1.510694	0.414738	-6.424486	123.407000
-1.511117	0.416482	-6.396842	123.507000
-1.511630	0.415674	-6.432169	123.607000
-1.511608	0.421226	-6.418282	123.707000
-1.512129	0.425052	-6.384400	123.807000
-1.512037	0.424843	-6.337101	123.907000
-1.512362	0.418542	-6.357394	124.007000
-1.512641	0.411040	-6.373291	124.107000
-1.512635	0.412007	-6.371198	124.207000
-1.512967	0.413321	-6.401221	124.307000
-1.513344	0.420900	-6.430599	124.407000
-1.513625	0.424448	-6.469662	124.508000
-1.514163	0.421528	-6.493973	124.607000
-1.513849	0.421226	-6.468210	124.707000
-1.514374	0.422392	-6.441078	124.807000
-1.514389	0.421401	-6.408177	124.907000
-1.514588	0.423264	-6.379763	125.007000
-1.514788	0.423837	-6.397263	125.107000
-1.514920	0.422095	-6.419966	125.207000
-1.515416	0.422648	-6.406221	125.307000
-1.515053	0.425404	-6.399787	125.408000
-1.515353	0.431337	-6.376365	125.507000
-1.515411	0.428796	-6.394624	125.608000
-1.515730	0.423902	-6.429467	125.707000
-1.516105	0.423515	-6.465022	125.807000
-1.515979	0.423994	-6.421475	125.907000
-1.516303	0.427580	-6.395423	126.007000
-1.516409	0.432203	-6.360242	126.108000
-1.516351	0.428969	-6.343738	126.207000
-1.516693	0.426444	-6.369848	126.307000
-1.516596	0.427459	-6.433805	126.407000
-1.516924	0.425020	-6.394569	126.507000
-1.517058	0.420116	-6.384335	126.607000
-1.516771	0.418270	-6.380610	126.707000
-1.517168	0.430201	-6.373883	126.808000
-1.517236	0.429878	-6.383721	126.907000
-1.517424	0.419416	-6.409671	127.007000
-1.517580	0.379638	-6.513149	127.108000
-1.517567	0.280760	-6.828102	127.207000
-1.518007	0.294612	-6.688835	127.307000
-1.517979	0.348844	-6.539801	127.408000
-1.517989	0.385505	-6.428597	127.507000
-1.518089	0.405255	-6.420308	127.607000
-1.517957	0.416748	-6.425681	127.707000
-1.518302	0.424421	-6.373256	127.807000
-1.518190	0.426982	-6.359133	127.907000
-1.518649	0.426113	-6.340658	128.007000
-1.518661	0.423520	-6.344016	128.107000
-1.518719	0.419884	-6.381413	128.207000
-1.518831	0.424995	-6.364750	128.307000
-1.518589	0.426817	-6.338929	128.407000
-1.518760	0.424148	-6.323902	128.507000
-1.518631	0.418778	-6.351716	128.607000
-1.518834	0.413023	-6.376765	128.707000
-1.519109	0.411593	-6.373732	128.807000
-1.519137	0.416455	-6.356428	128.907000
-1.519234	0.418566	-6.367937	129.007000
-1.519194	0.413275	-6.369354	129.107000
-1.519050	0.411207	-6.366033	129.207000
-1.519315	0.411352	-6.374224	129.307000
-1.519370	0.415580	-6.381025	129.407000
-1.519520	0.412301	-6.406901	129.507000
-1.519658	0.410500	-6.411989	129.607000
-1.519684	0.410158	-6.448994	129.707000
-1.519787	0.411582	-6.483072	129.808000
-1.519631	0.414332	-6.442207	129.907000
-1.519830	0.420743	-6.430624	130.007000
-1.519736	0.419870	-6.423892	130.108000
-1.519841	0.413620	-6.444149	130.208000
-1.520112	0.410072	-6.428932	130.308000
-1.520059	0.412609	-6.396294	130.407000
-1.520124	0.416210	-6.355285	130.507000
-1.520029	0.421321	-6.344093	130.607000
-1.520259	0.425540	-6.330174	130.707000
-1.520425	0.429265	-6.327888	130.808000
-1.520181	0.430596	-6.340600	130.907000
-1.520390	0.426773	-6.329815	131.007000
-1.520153	0.423788	-6.300697	131.107000
-1.520228	0.419245	-6.277881	131.207000
-1.520361	0.419970	-6.306676	131.307000
-1.520481	0.422090	-6.406996	131.407000
-1.520537	0.418965	-6.420843	131.507000
-1.520510	0.420131	-6.395782	131.607000
-1.520335	0.422703	-6.393200	131.707000
-1.520576	0.427852	-6.397318	131.808000
-1.520559	0.431011	-6.394688	131.907000
-1.520691	0.427395	-6.381992	132.007000
-1.520631	0.420078	-6.354683	132.108000
-1.520691	0.415660	-6.375876	132.207000
-1.520959	0.411262	-6.406021	132.307000
-1.520876	0.409469	-6.420872	132.407000
-1.520942	0.410099	-6.393803	132.507000
-1.520847	0.418824	-6.393398	132.608000
-1.521223	0.421607	-6.430538	132.707000
-1.521190	0.426313	-6.428409	132.808000
-1.520995	0.428062	-6.401173	132.907000
-1.521258	0.425150	-6.419419	133.007000
-1.521011	0.420752	-6.409712	133.107000
-1.521234	0.421115	-6.385531	133.207000
-1.521209	0.424396	-6.362198	133.307000
-1.521283	0.425608	-6.378843	133.407000
-1.521549	0.423216	-6.420806	133.507000
-1.521395	0.419824	-6.395657	133.607000
-1.521287	0.419701	-6.356396	133.708000
-1.521584	0.419699	-6.317129	133.807000
-1.521362	0.421893	-6.305982	133.907000
-1.521537	0.420435	-6.345171	134.007000
-1.521334	0.426296	-6.360833	134.107000
-1.521534	0.432736	-6.379280	134.207000
-1.521405	0.429672	-6.369063	134.307000
-1.521383	0.428747	-6.375330	134.407000
-1.521654	0.423218	-6.369722	134.507000
-1.521464	0.427617	-6.380717	134.608000
-1.521552	0.428226	-6.341619	134.708000
-1.521457	0.426444	-6.304396	134.808000
-1.521396	0.427778	-6.336435	134.907000
-1.521419	0.429115	-6.362667	135.007000
-1.521483	0.423686	-6.380684	135.108000
-1.521699	0.420729	-6.393249	135.207000
-1.521607	0.418460	-6.401689	135.307000
-1.521714	0.414972	-6.424375	135.408000
-1.521792	0.413347	-6.441615	135.507000
-1.521638	0.416253	-6.441797	135.607000
-1.521662	0.423996	-6.393822	135.707000
-1.521792	0.428638	-6.384573	135.808000
-1.521570	0.427170	-6.441512	135.907000
-1.521633	0.422548	-6.436868	136.007000
-1.521552	0.422406	-6.429860	136.107000
-1.521922	0.426531	-6.451785	136.207000
-1.521937	0.426561	-6.451767	136.308000
-1.521748	0.428706	-6.451085	136.407000
-1.521824	0.427245	-6.489130	136.507000
-1.521741	0.425925	-6.500080	136.607000
-1.521690	0.428579	-6.461803	136.707000
-1.521907	0.428178	-6.438064	136.807000
-1.521712	0.429293	-6.427902	136.907000
-1.521836	0.429953	-6.417766	137.007000
