NaN	NaN	NaN	22.874000
0.209667	0.709164	-4.314347	22.974000
0.209606	0.705060	-4.306066	23.074000
0.209612	0.704348	-4.271750	23.174000
0.209709	0.702840	-4.254127	23.274000
0.209583	0.702954	-4.244515	23.374000
0.209714	0.713551	-4.224383	23.474000
0.209679	0.719926	-4.255705	23.574000
0.209507	0.719098	-4.277924	23.674000
0.209753	0.714701	-4.265276	23.775000
0.209701	0.711883	-4.298555	23.874000
0.209431	0.712315	-4.317367	23.974000
0.209644	0.716118	-4.293045	24.075000
0.209623	0.718505	-4.274934	24.174000
0.209610	0.717581	-4.273427	24.274000
0.209615	0.709858	-4.273427	24.374000
0.209578	0.705670	-4.275329	24.475000
0.209523	0.702132	-4.281391	24.574000
0.209248	0.704396	-4.293496	24.674000
0.209381	0.710969	-4.305797	24.774000
0.209364	0.710618	-4.310749	24.874000
0.209312	0.708187	-4.297428	24.974000
0.209562	0.711780	-4.291204	25.075000
0.212612	0.709171	-4.297189	25.174000
0.218231	0.706717	-4.281492	25.274000
0.225019	0.706000	-4.258141	25.374000
0.232375	0.705013	-4.252280	25.474000
0.240147	0.710640	-4.235223	25.574000
0.247935	0.710805	-4.230761	25.674000
0.255967	0.705232	-4.257244	25.774000
0.264020	0.705610	-4.287081	25.874000
0.272663	0.707743	-4.276010	25.975000
0.281274	0.705389	-4.273930	26.074000
0.290111	0.702456	-4.284626	26.174000
0.299126	0.703692	-4.268264	26.275000
0.307726	0.709373	-4.254400	26.374000
0.316908	0.716761	-4.254440	26.474000
0.325682	0.716897	-4.238072	26.574000
0.334850	0.712412	-4.236360	26.674000
0.344356	0.711443	-4.246232	26.774000
0.353227	0.712027	-4.265764	26.874000
0.362663	0.704946	-4.293652	26.974000
0.371889	0.703705	-4.293764	27.074000
0.381075	0.709149	-4.289849	27.174000
0.391224	0.709689	-4.290124	27.274000
0.400597	0.709340	-4.265202	27.374000
0.410159	0.708018	-4.253885	27.475000
0.419588	0.708728	-4.260777	27.574000
0.429297	0.715611	-4.269699	27.674000
0.438982	0.714367	-4.295630	27.774000
0.448876	0.711704	-4.313009	27.874000
0.458291	0.702000	-4.306123	27.974000
0.468015	0.704984	-4.274493	28.075000
0.477667	0.706402	-4.273260	28.174000
0.487281	0.706046	-4.267283	28.274000
0.497242	0.709977	-4.242128	28.374000
0.507422	0.711653	-4.230132	28.474000
0.517044	0.716852	-4.247999	28.574000
0.526684	0.726085	-4.260288	28.675000
0.536651	0.733391	-4.300315	28.775000
0.546368	0.723998	-4.327927	28.874000
0.556625	0.718569	-4.300133	28.974000
0.566669	0.718626	-4.252704	29.074000
0.576547	0.718795	-4.237633	29.175000
0.586568	0.713190	-4.237624	29.275000
0.596439	0.708635	-4.228346	29.375000
0.606069	0.712735	-4.223453	29.474000
0.616087	0.721647	-4.245468	29.574000
0.625818	0.732239	-4.265786	29.674000
0.636038	0.731372	-4.264047	29.774000
0.645837	0.719472	-4.278530	29.874000
0.656036	0.709626	-4.288508	29.974000
0.665877	0.704350	-4.291974	30.074000
0.675952	0.694625	-4.300770	30.175000
0.686187	0.694450	-4.297053	30.274000
0.696367	0.705148	-4.279154	30.374000
0.706411	0.714613	-4.279298	30.474000
0.716420	0.714950	-4.301525	30.574000
0.726942	0.712366	-4.289221	30.674000
0.737554	0.709186	-4.288820	30.774000
0.747596	0.703465	-4.312638	30.874000
0.757722	0.700393	-4.325635	30.974000
0.767864	0.705631	-4.312242	31.075000
0.778062	0.708062	-4.299468	31.174000
0.788545	0.713444	-4.295839	31.274000
0.798710	0.714170	-4.297913	31.374000
0.809478	0.703423	-4.297022	31.475000
0.819548	0.696305	-4.300936	31.574000
0.829706	0.692450	-4.317455	31.674000
0.840188	0.698107	-4.304773	31.775000
0.850715	0.700587	-4.270837	31.875000
0.861023	0.707800	-4.253887	31.974000
0.871423	0.713370	-4.238432	32.074000
0.881821	0.710734	-4.268939	32.174000
0.892097	0.708090	-4.298053	32.274000
0.902929	0.709808	-4.294907	32.375000
0.913325	0.714463	-4.275314	32.474000
0.923873	0.720402	-4.277304	32.574000
0.933964	0.718689	-4.268048	32.674000
0.944594	0.712379	-4.241258	32.775000
0.954894	0.714505	-4.252432	32.875000
0.965913	0.714293	-4.273586	32.974000
0.976158	0.711128	-4.281589	33.074000
0.986848	0.708883	-4.271275	33.175000
0.996891	0.712614	-4.258372	33.275000
1.007917	0.717074	-4.273998	33.374000
1.018110	0.717801	-4.274945	33.474000
1.029397	0.708889	-4.269267	33.574000
1.040013	0.702232	-4.255824	33.674000
1.050472	0.706363	-4.252319	33.774000
1.061010	0.704959	-4.256306	33.874000
1.071456	0.707729	-4.262966	33.974000
1.082426	0.716111	-4.283351	34.074000
1.092822	0.713882	-4.293994	34.174000
1.103513	0.709046	-4.307871	34.274000
1.113877	0.702155	-4.304337	34.374000
1.124213	0.705462	-4.279519	34.475000
1.134617	0.709212	-4.255096	34.574000
1.145582	0.712557	-4.268796	34.674000
1.156075	0.720845	-4.278233	34.774000
1.167015	0.725264	-4.278735	34.874000
1.177530	0.720448	-4.295117	34.974000
1.187979	0.715554	-4.294164	35.074000
1.198666	0.712718	-4.261892	35.175000
1.210156	0.710171	-4.240013	35.274000
1.220785	0.713753	-4.252826	35.375000
1.231702	0.716253	-4.245115	35.474000
1.242124	0.714093	-4.220327	35.574000
1.252459	0.710227	-4.231523	35.674000
1.263479	0.716636	-4.260817	35.774000
1.273534	0.721098	-4.297915	35.875000
1.284712	0.718311	-4.339153	35.974000
1.296446	0.721219	-4.371279	36.074000
1.305604	0.726395	-4.374222	36.174000
1.318330	0.723628	-4.353432	36.274000
1.328593	0.719425	-4.313534	36.375000
1.339654	0.713310	-4.296200	36.474000
1.350057	0.711549	-4.305681	36.574000
1.361177	0.708032	-4.304415	36.674000
1.371690	0.708508	-4.295995	36.774000
1.383036	0.711852	-4.298892	36.875000
1.394122	0.715057	-4.294449	36.974000
1.404984	0.715833	-4.300137	37.074000
1.416037	0.710072	-4.287567	37.174000
1.426955	0.707415	-4.299471	37.274000
1.437496	0.706477	-4.321982	37.374000
1.448277	0.701286	-4.331365	37.475000
1.459372	0.699495	-4.312989	37.574000
1.470244	0.705215	-4.298008	37.674000
1.481399	0.708288	-4.292219	37.774000
1.491632	0.710383	-4.263988	37.874000
1.503497	0.713557	-4.259963	37.974000
1.514109	0.712151	-4.273384	38.074000
1.524542	0.714617	-4.274029	38.174000
1.536728	0.718286	-4.266633	38.274000
1.546883	0.714895	-4.289184	38.374000
1.558468	0.708880	-4.315755	38.474000
1.568776	0.707423	-4.302884	38.574000
1.579865	0.709328	-4.277071	38.674000
1.590957	0.707721	-4.291978	38.775000
1.601418	0.707805	-4.300847	38.874000
1.612521	0.712351	-4.292235	38.975000
1.623274	0.717837	-4.283915	39.074000
1.634063	0.721359	-4.289939	39.174000
1.645109	0.718990	-4.304897	39.275000
1.656037	0.717335	-4.315976	39.375000
1.666849	0.719107	-4.324133	39.474000
1.677596	0.716593	-4.342291	39.574000
1.689495	0.707279	-4.350853	39.674000
1.700804	0.708411	-4.325839	39.774000
1.711824	0.709828	-4.314916	39.874000
1.722525	0.708949	-4.318246	39.974000
1.733502	0.709856	-4.310967	40.074000
1.743541	0.713386	-4.295228	40.174000
1.753983	0.714113	-4.268262	40.275000
1.765525	0.709863	-4.257721	40.374000
1.778433	0.715142	-4.259144	40.474000
1.788468	0.719585	-4.271975	40.575000
1.799838	0.715933	-4.276361	40.674000
1.811221	0.712277	-4.294888	40.774000
1.822185	0.719676	-4.300501	40.874000
1.833000	0.720801	-4.281712	40.974000
1.844584	0.718261	-4.259537	41.074000
1.855714	0.714556	-4.259704	41.174000
1.866930	0.715137	-4.283463	41.274000
1.878122	0.711499	-4.292131	41.374000
1.889064	0.713584	-4.267316	41.474000
1.900220	0.718900	-4.253123	41.575000
1.911300	0.722530	-4.253157	41.674000
1.922371	0.723604	-4.260799	41.774000
1.933572	0.721939	-4.270023	41.874000
1.943487	0.719962	-4.287791	41.975000
1.956160	0.712727	-4.286984	42.074000
1.964330	0.714015	-4.297415	42.174000
1.977695	0.717133	-4.281111	42.275000
1.989199	0.712760	-4.280788	42.374000
1.999403	0.706624	-4.291780	42.475000
2.009342	0.710736	-4.297115	42.574000
2.024005	0.709610	-4.319984	42.674000
2.032597	0.700357	-4.323131	42.774000
2.045316	0.690206	-4.298312	42.874000
2.056971	0.684792	-4.286893	42.974000
2.067778	0.689239	-4.305271	43.074000
2.079807	0.701777	-4.314425	43.174000
2.090530	0.707937	-4.312462	43.275000
2.102864	0.710242	-4.293545	43.374000
2.109134	0.705527	-4.299351	43.474000
2.126033	0.698713	-4.308133	43.575000
2.136231	0.699216	-4.291983	43.674000
2.145664	0.707816	-4.271509	43.774000
2.156362	0.710114	-4.243115	43.874000
2.168090	0.710613	-4.229098	43.974000
2.178133	0.708917	-4.249169	44.075000
2.187784	0.705491	-4.267728	44.174000
2.202242	0.701668	-4.289421	44.274000
2.215545	0.701484	-4.293184	44.374000
2.223214	0.708909	-4.291790	44.475000
2.232375	0.716522	-4.282486	44.574000
2.243186	0.714080	-4.300687	44.674000
2.255982	0.712730	-4.314449	44.774000
2.271783	0.716284	-4.314218	44.874000
2.280509	0.716978	-4.357858	44.974000
2.289526	0.720693	-4.392519	45.074000
2.303169	0.720960	-4.353852	45.174000
2.314175	0.717558	-4.306063	45.274000
2.322491	0.712725	-4.279707	45.374000
2.334887	0.711693	-4.252800	45.475000
2.347072	0.707826	-4.236713	45.574000
2.359572	0.708042	-4.249505	45.674000
2.370945	0.709223	-4.273583	45.774000
2.381570	0.714063	-4.269276	45.874000
2.392129	0.712662	-4.245631	45.974000
2.403418	0.709519	-4.235661	46.074000
2.417457	0.712230	-4.238829	46.174000
2.423575	0.711249	-4.255529	46.274000
2.438963	0.711900	-4.291208	46.375000
2.452507	0.711821	-4.314531	46.474000
2.460176	0.704510	-4.298896	46.574000
2.471493	0.709123	-4.256836	46.674000
2.483730	0.712736	-4.239728	46.774000
2.495830	0.713363	-4.235077	46.874000
2.506306	0.715212	-4.241865	46.974000
2.518028	0.717616	-4.268056	47.074000
2.529746	0.713131	-4.291424	47.174000
2.540548	0.713053	-4.279285	47.274000
2.551511	0.718015	-4.258918	47.374000
2.564093	0.720761	-4.237615	47.475000
2.574124	0.719659	-4.221383	47.574000
2.584572	0.727427	-4.248086	47.674000
2.596661	0.729635	-4.268859	47.774000
2.608641	0.724365	-4.305598	47.874000
2.619347	0.718181	-4.314106	47.974000
2.630715	0.713055	-4.313008	48.074000
2.642182	0.709606	-4.330690	48.175000
2.653430	0.707255	-4.338014	48.274000
2.664106	0.709335	-4.349582	48.374000
2.675471	0.715356	-4.335364	48.474000
2.687008	0.719034	-4.303695	48.574000
2.698798	0.717585	-4.313622	48.675000
2.710036	0.716980	-4.323552	48.775000
2.721325	0.713129	-4.308103	48.874000
2.732799	0.710106	-4.310645	48.974000
2.744682	0.715125	-4.296455	49.074000
2.755882	0.719951	-4.259795	49.174000
2.766314	0.720192	-4.243754	49.274000
2.778163	0.721790	-4.258229	49.374000
2.789677	0.719830	-4.276551	49.474000
2.800569	0.715844	-4.273797	49.575000
2.812749	0.714500	-4.283431	49.675000
2.823445	0.717240	-4.288458	49.775000
2.835079	0.715843	-4.281053	49.874000
2.846324	0.710756	-4.258628	49.977000
2.857849	0.708173	-4.242943	50.074000
2.868968	0.712073	-4.232843	50.174000
2.880141	0.714349	-4.217069	50.274000
2.891781	0.713141	-4.222107	50.374000
2.902696	0.717566	-4.217967	50.474000
2.914068	0.720360	-4.222901	50.574000
2.925431	0.720218	-4.242789	50.674000
2.937109	0.719238	-4.262135	50.774000
2.948608	0.718040	-4.266502	50.874000
2.959945	0.714642	-4.259211	50.980000
2.971276	0.716790	-4.268650	51.074000
2.982183	0.719257	-4.272332	51.174000
2.993497	0.722024	-4.258691	51.274000
3.004761	0.726007	-4.265813	51.374000
3.016077	0.723609	-4.297219	51.474000
3.027190	0.714081	-4.327400	51.575000
3.038616	0.711390	-4.318758	51.674000
3.049555	0.713157	-4.293924	51.775000
3.061592	0.713706	-4.257486	51.874000
3.072788	0.712271	-4.236688	51.975000
3.084086	0.714405	-4.259773	52.074000
3.095741	0.716142	-4.302008	52.175000
3.106890	0.720005	-4.316720	52.274000
3.118470	0.717680	-4.315220	52.374000
3.129756	0.717545	-4.294350	52.474000
3.140674	0.716845	-4.296785	52.574000
3.151952	0.713581	-4.290874	52.674000
3.163334	0.703241	-4.294615	52.775000
3.174678	0.699202	-4.287731	52.874000
3.185947	0.699753	-4.262810	52.975000
3.196790	0.703896	-4.254450	53.076000
3.208296	0.715233	-4.252331	53.174000
3.219539	0.717905	-4.261896	53.275000
3.230713	0.711347	-4.267224	53.374000
3.242257	0.706849	-4.277816	53.474000
3.253768	0.703404	-4.279091	53.574000
3.264836	0.701506	-4.289557	53.674000
3.276449	0.704467	-4.310746	53.775000
3.288177	0.704686	-4.326121	53.875000
3.299131	0.700688	-4.317607	53.974000
3.310216	0.709466	-4.285737	54.074000
3.321993	0.718195	-4.278793	54.174000
3.333109	0.719421	-4.264402	54.275000
3.344586	0.719698	-4.252023	54.374000
3.356297	0.719325	-4.245538	54.475000
3.367443	0.720167	-4.253274	54.574000
3.378810	0.719697	-4.255382	54.674000
3.389619	0.714475	-4.252187	54.774000
3.403248	0.716357	-4.250490	54.874000
3.411900	0.723518	-4.254344	54.974000
3.423610	0.725812	-4.242815	55.074000
3.437268	0.720303	-4.225778	55.174000
3.448482	0.711063	-4.216151	55.275000
3.459909	0.700365	-4.225772	55.375000
3.471207	0.699658	-4.230902	55.474000
3.482430	0.705301	-4.260759	55.574000
3.494236	0.708483	-4.269062	55.674000
3.505690	0.709695	-4.270472	55.775000
3.517432	0.710451	-4.277091	55.874000
3.528836	0.710521	-4.277028	55.974000
3.538863	0.713544	-4.261738	56.074000
3.548619	0.710961	-4.265725	56.174000
3.559693	0.703071	-4.294773	56.274000
3.573193	0.702081	-4.303584	56.375000
3.585178	0.700063	-4.313465	56.474000
3.593683	0.693840	-4.325306	56.574000
3.607434	0.697656	-4.329722	56.674000
3.618021	0.700556	-4.312602	56.774000
3.629634	0.698502	-4.328942	56.874000
3.639471	0.698243	-4.339449	56.974000
3.652529	0.701003	-4.317287	57.074000
3.663554	0.700598	-4.317234	57.175000
3.673185	0.701532	-4.314363	57.274000
3.684894	0.705884	-4.269212	57.374000
3.697088	0.708381	-4.244930	57.474000
3.708012	0.710144	-4.243284	57.574000
3.719343	0.706139	-4.251290	57.675000
3.730857	0.699199	-4.230650	57.774000
3.741662	0.701502	-4.195283	57.874000
3.752404	0.702931	-4.186889	57.974000
3.765386	0.703903	-4.205543	58.074000
3.775924	0.711186	-4.243861	58.174000
3.787639	0.712834	-4.281285	58.274000
3.798933	0.707241	-4.300110	58.374000
3.809438	0.705366	-4.290640	58.474000
3.822552	0.705283	-4.252266	58.574000
3.831976	0.705060	-4.236696	58.674000
3.845516	0.703773	-4.255803	58.775000
3.855690	0.709958	-4.276890	58.874000
3.866709	0.716595	-4.304361	58.974000
3.878250	0.717267	-4.310733	59.074000
3.889834	0.719613	-4.267399	59.175000
3.901427	0.724247	-4.231348	59.274000
3.912869	0.719039	-4.264278	59.375000
3.924447	0.711674	-4.278842	59.475000
3.935768	0.709796	-4.286988	59.575000
3.946993	0.714229	-4.277070	59.675000
3.958396	0.718805	-4.264005	59.774000
3.969893	0.722448	-4.266447	59.874000
3.981227	0.718145	-4.294661	59.975000
3.992355	0.707519	-4.307332	60.075000
4.003916	0.701698	-4.303985	60.174000
4.015312	0.704315	-4.292368	60.275000
4.027087	0.712124	-4.261194	60.374000
4.037963	0.720263	-4.280837	60.474000
4.049581	0.723788	-4.330334	60.574000
4.060791	0.711991	-4.328865	60.674000
4.071971	0.703936	-4.301442	60.774000
4.082481	0.699633	-4.287134	60.874000
4.094771	0.705955	-4.287175	60.974000
4.107082	0.707987	-4.288846	61.074000
4.117926	0.708326	-4.273957	61.174000
4.129228	0.707672	-4.283916	61.275000
4.140463	0.706374	-4.304330	61.374000
4.151664	0.705229	-4.304859	61.474000
4.161840	0.712585	-4.284831	61.574000
4.172545	0.720616	-4.275110	61.674000
4.186064	0.717564	-4.317137	61.774000
4.195386	0.716358	-4.341342	61.874000
4.206664	0.712708	-4.307372	61.974000
4.220129	0.713900	-4.284614	62.074000
4.228651	0.710103	-4.282851	62.174000
4.242036	0.705467	-4.296164	62.274000
4.251800	0.708134	-4.287457	62.374000
4.264602	0.710766	-4.280631	62.475000
4.274131	0.710296	-4.293528	62.574000
4.288919	0.707759	-4.297855	62.674000
4.298494	0.702694	-4.308968	62.774000
4.307060	0.698083	-4.315131	62.874000
4.319963	0.693585	-4.308674	62.974000
4.333915	0.694694	-4.305462	63.074000
4.343698	0.698883	-4.298495	63.174000
4.353583	0.706049	-4.297980	63.274000
4.365028	0.715153	-4.299251	63.374000
4.377573	0.720634	-4.283064	63.474000
4.388793	0.721471	-4.278122	63.574000
4.400159	0.720599	-4.286284	63.674000
4.409053	0.716638	-4.288938	63.774000
4.421072	0.714613	-4.278617	63.874000
4.434990	0.709701	-4.261264	63.974000
4.444233	0.702447	-4.249743	64.074000
4.457592	0.701672	-4.265389	64.174000
4.469592	0.705284	-4.291418	64.274000
4.481497	0.711572	-4.299634	64.375000
4.492718	0.713127	-4.294365	64.474000
4.501638	0.711516	-4.298209	64.574000
4.511233	0.707211	-4.314708	64.674000
4.522617	0.710970	-4.326560	64.774000
4.534622	0.718975	-4.308984	64.874000
4.545708	0.721749	-4.283223	64.974000
4.558092	0.715163	-4.262684	65.074000
4.570062	0.707765	-4.233376	65.174000
4.582461	0.706260	-4.235497	65.274000
4.594823	0.708340	-4.235485	65.375000
4.606048	0.709831	-4.239304	65.475000
4.617269	0.714462	-4.262384	65.574000
4.627169	0.712413	-4.288068	65.674000
4.637349	0.707315	-4.295996	65.774000
4.648993	0.700180	-4.322021	65.874000
4.660639	0.697164	-4.312996	65.975000
4.673122	0.703761	-4.291633	66.074000
4.684716	0.709891	-4.283504	66.174000
4.695127	0.706614	-4.277033	66.274000
4.703448	0.711239	-4.278758	66.374000
4.713789	0.711834	-4.279594	66.474000
4.725113	0.709929	-4.273051	66.574000
4.737241	0.702570	-4.260048	66.674000
4.747767	0.696991	-4.249015	66.775000
4.758879	0.699728	-4.246762	66.874000
4.770970	0.708002	-4.255395	66.974000
4.785081	0.721484	-4.265741	67.074000
4.795627	0.720823	-4.272892	67.175000
4.804498	0.714619	-4.289747	67.277000
4.816391	0.716719	-4.284669	67.374000
4.830290	0.717394	-4.261665	67.474000
4.841632	0.717739	-4.250662	67.574000
4.852117	0.719401	-4.247256	67.674000
4.863287	0.719143	-4.267569	67.775000
4.872261	0.719475	-4.275212	67.874000
4.885042	0.718281	-4.302370	67.974000
4.894613	0.715692	-4.305439	68.074000
4.906270	0.717391	-4.285565	68.174000
4.917411	0.719042	-4.278325	68.275000
4.929727	0.720745	-4.273197	68.374000
4.941759	0.718736	-4.264384	68.474000
4.952036	0.711148	-4.276991	68.575000
4.962864	0.704162	-4.309930	68.674000
4.974939	0.704641	-4.326787	68.774000
4.985545	0.713084	-4.294698	68.874000
4.997051	0.717260	-4.271738	68.975000
5.008457	0.713092	-4.275718	69.074000
5.019866	0.702559	-4.293208	69.174000
5.030617	0.697937	-4.310461	69.274000
5.042110	0.699475	-4.320686	69.374000
5.052997	0.701450	-4.321936	69.474000
5.064642	0.704323	-4.326826	69.574000
5.075672	0.709847	-4.304899	69.674000
5.086848	0.711674	-4.282981	69.775000
5.098261	0.716540	-4.262322	69.874000
5.108878	0.722307	-4.239035	69.974000
5.120443	0.726555	-4.236067	70.074000
5.131989	0.717300	-4.252514	70.174000
5.143197	0.709339	-4.256452	70.275000
5.154906	0.707350	-4.266377	70.374000
5.165806	0.713460	-4.276407	70.474000
5.176585	0.712144	-4.286825	70.575000
5.188216	0.711734	-4.292145	70.674000
5.199411	0.714928	-4.274618	70.775000
5.210116	0.709316	-4.265137	70.874000
5.221141	0.707356	-4.248306	70.974000
5.232513	0.708099	-4.251329	71.074000
5.243440	0.704408	-4.255765	71.174000
5.254891	0.705222	-4.282011	71.274000
5.265732	0.705607	-4.258332	71.374000
5.276996	0.714781	-4.237239	71.474000
5.288458	0.721556	-4.254753	71.574000
5.299396	0.722074	-4.272772	71.674000
5.310618	0.714617	-4.276498	71.775000
5.321991	0.712218	-4.269314	71.874000
5.333223	0.715100	-4.263026	71.974000
5.344406	0.717300	-4.279402	72.074000
5.355708	0.712569	-4.274840	72.174000
5.366713	0.713072	-4.273106	72.274000
5.377980	0.719757	-4.284059	72.374000
5.389443	0.728038	-4.265740	72.475000
5.400768	0.728838	-4.241135	72.575000
5.411721	0.721582	-4.251372	72.674000
5.422717	0.715339	-4.268669	72.774000
5.433772	0.708415	-4.273003	72.874000
5.445265	0.705573	-4.281968	72.975000
5.456297	0.712425	-4.294747	73.074000
5.467455	0.718349	-4.278946	73.175000
5.479154	0.719338	-4.272572	73.274000
5.489999	0.716253	-4.272269	73.374000
5.500841	0.711811	-4.269888	73.474000
5.512568	0.709284	-4.295332	73.574000
5.524213	0.700315	-4.309660	73.675000
5.534934	0.697222	-4.279675	73.774000
5.546271	0.700114	-4.229256	73.874000
5.557397	0.701655	-4.224935	73.974000
5.568669	0.703579	-4.241686	74.074000
5.579669	0.699557	-4.296953	74.174000
5.590860	0.699102	-4.310606	74.274000
5.602269	0.702268	-4.284077	74.375000
5.613715	0.702278	-4.266148	74.474000
5.623487	0.706290	-4.244126	74.574000
5.636707	0.709186	-4.266737	74.674000
5.646767	0.701093	-4.285896	74.774000
5.657667	0.699459	-4.293088	74.874000
5.670081	0.700469	-4.280266	74.974000
5.679893	0.705839	-4.268187	75.074000
5.685781	0.706572	-4.305110	75.174000
5.684892	0.705216	-4.314500	75.274000
5.679827	0.708086	-4.290947	75.374000
5.676449	0.704257	-4.282246	75.474000
5.671882	0.693768	-4.273963	75.574000
5.665913	0.695257	-4.288128	75.674000
5.660741	0.703712	-4.263024	75.774000
5.654424	0.705261	-4.266682	75.874000
5.648124	0.712612	-4.285070	75.974000
5.641676	0.714275	-4.303595	76.074000
5.634941	0.708427	-4.314698	76.174000
5.627210	0.708471	-4.316101	76.274000
5.620107	0.710357	-4.308106	76.374000
5.612887	0.706369	-4.294904	76.482000
5.605254	0.701993	-4.268557	76.574000
5.597588	0.706977	-4.254890	76.674000
5.589200	0.712212	-4.266689	76.775000
5.581250	0.712172	-4.278678	76.875000
5.573015	0.710588	-4.284093	76.974000
5.565473	0.706191	-4.269701	77.074000
5.557900	0.709536	-4.279724	77.174000
5.548857	0.716914	-4.285327	77.274000
5.538926	0.716911	-4.294902	77.374000
5.531764	0.710507	-4.289835	77.474000
5.523498	0.708323	-4.262817	77.575000
5.514587	0.708606	-4.266410	77.674000
5.504970	0.719264	-4.276420	77.774000
5.497786	0.722236	-4.288961	77.875000
5.489157	0.712538	-4.298737	77.974000
5.479051	0.702948	-4.316643	78.074000
5.469354	0.698017	-4.309927	78.174000
5.460290	0.702800	-4.277441	78.274000
5.451419	0.709883	-4.258673	78.375000
5.442713	0.721891	-4.262718	78.474000
5.433909	0.729506	-4.246323	78.575000
5.425775	0.728884	-4.249997	78.674000
5.417003	0.721716	-4.283452	78.774000
5.406216	0.720418	-4.277845	78.874000
5.397177	0.713437	-4.250859	78.975000
5.389541	0.709739	-4.231589	79.074000
5.377841	0.710352	-4.256167	79.175000
5.370693	0.713142	-4.276641	79.275000
5.360849	0.720296	-4.266480	79.375000
5.350679	0.718524	-4.263553	79.475000
5.342891	0.713580	-4.273173	79.575000
5.332699	0.712256	-4.297388	79.675000
5.322710	0.714734	-4.307579	79.774000
5.314638	0.714659	-4.302695	79.874000
5.305546	0.716250	-4.292636	79.975000
5.294382	0.718226	-4.298415	80.075000
5.285485	0.721973	-4.282936	80.174000
5.275830	0.720594	-4.276010	80.275000
5.266645	0.713976	-4.284927	80.374000
5.256373	0.707207	-4.267639	80.474000
5.247562	0.703803	-4.250923	80.575000
5.237642	0.705091	-4.228069	80.674000
5.226444	0.708097	-4.227598	80.775000
5.218206	0.708149	-4.268465	80.874000
5.208869	0.707675	-4.290191	80.975000
5.198028	0.705156	-4.300578	81.074000
5.188538	0.704069	-4.286533	81.175000
5.178727	0.698628	-4.275564	81.274000
5.168895	0.702555	-4.250631	81.374000
5.159350	0.709638	-4.243170	81.474000
5.149484	0.706399	-4.270406	81.574000
5.139727	0.710963	-4.274627	81.675000
5.129621	0.712224	-4.277803	81.775000
5.119553	0.710253	-4.276688	81.874000
5.108931	0.704875	-4.284876	81.974000
5.099815	0.701627	-4.281587	82.075000
5.089950	0.702357	-4.276223	82.174000
5.079825	0.711301	-4.250560	82.275000
5.070200	0.718240	-4.234028	82.374000
5.060123	0.714815	-4.250991	82.475000
5.050308	0.708808	-4.267074	82.574000
5.040263	0.711670	-4.260587	82.674000
5.030152	0.720543	-4.269232	82.774000
5.020428	0.714971	-4.257718	82.874000
5.010391	0.711289	-4.252650	82.974000
4.999555	0.717720	-4.262908	83.074000
4.990026	0.721179	-4.291560	83.174000
4.979716	0.719831	-4.289882	83.274000
4.969761	0.720330	-4.277795	83.374000
4.960086	0.722637	-4.263802	83.474000
4.949811	0.721992	-4.266882	83.574000
4.939987	0.717228	-4.277799	83.674000
4.929816	0.711787	-4.282541	83.774000
4.919716	0.705617	-4.291060	83.874000
4.909721	0.703947	-4.284913	83.974000
4.899481	0.708962	-4.307015	84.074000
4.889529	0.712248	-4.321721	84.175000
4.879286	0.713569	-4.330656	84.274000
4.870772	0.711122	-4.347327	84.374000
4.859674	0.705947	-4.345220	84.474000
4.847857	0.700099	-4.324287	84.574000
4.839823	0.702110	-4.288492	84.675000
4.829852	0.702671	-4.300066	84.774000
4.820297	0.709185	-4.318737	84.874000
4.810050	0.711060	-4.317245	84.974000
4.799826	0.713443	-4.315613	85.074000
4.789943	0.717497	-4.308879	85.174000
4.778187	0.716366	-4.299592	85.274000
4.768100	0.710409	-4.300698	85.374000
4.757594	0.709593	-4.267748	85.474000
4.746977	0.713958	-4.239566	85.574000
4.735264	0.709076	-4.217234	85.674000
4.724600	0.700076	-4.209876	85.774000
4.716002	0.700150	-4.224260	85.874000
4.705256	0.707691	-4.228993	85.975000
4.692082	0.712370	-4.228796	86.075000
4.685190	0.722026	-4.235544	86.174000
4.674165	0.728632	-4.250225	86.274000
4.663552	0.723122	-4.266005	86.374000
4.652005	0.717337	-4.291318	86.474000
4.643510	0.716918	-4.285856	86.575000
4.630661	0.716002	-4.274012	86.674000
4.622112	0.707570	-4.290636	86.774000
4.612361	0.711959	-4.296973	86.874000
4.599449	0.721761	-4.298120	86.974000
4.588502	0.722297	-4.328222	87.074000
4.580129	0.716758	-4.332735	87.174000
4.569108	0.707905	-4.336078	87.274000
4.558671	0.703079	-4.319793	87.374000
4.547650	0.707228	-4.291625	87.474000
4.536522	0.712857	-4.283511	87.575000
4.525652	0.713186	-4.282844	87.674000
4.515345	0.715672	-4.276958	87.774000
4.505908	0.712507	-4.290059	87.874000
4.494804	0.709682	-4.312139	87.974000
4.483730	0.709565	-4.306891	88.074000
4.473161	0.710393	-4.282104	88.174000
4.463542	0.709112	-4.259797	88.275000
4.452659	0.710955	-4.274180	88.374000
4.441895	0.707335	-4.294997	88.474000
4.431752	0.704246	-4.307455	88.575000
4.421222	0.706220	-4.281836	88.675000
4.410849	0.706160	-4.283654	88.774000
4.400048	0.702464	-4.303661	88.875000
4.389903	0.708027	-4.312941	88.974000
4.378625	0.713092	-4.298988	89.074000
4.369055	0.718825	-4.263121	89.175000
4.357427	0.722802	-4.265722	89.275000
4.346797	0.724232	-4.291037	89.374000
4.336435	0.723465	-4.258369	89.474000
4.325565	0.721384	-4.233923	89.574000
4.315098	0.717083	-4.220925	89.674000
4.304971	0.717439	-4.219505	89.774000
4.292934	0.715533	-4.252437	89.875000
4.282406	0.717622	-4.266844	89.974000
4.272552	0.718085	-4.272397	90.074000
4.261272	0.712756	-4.276967	90.175000
4.250377	0.708943	-4.294627	90.274000
4.240075	0.704872	-4.298511	90.374000
4.228759	0.705813	-4.294901	90.474000
4.217946	0.708721	-4.282501	90.574000
4.207319	0.710852	-4.296934	90.674000
4.196878	0.707717	-4.319882	90.774000
4.185460	0.704397	-4.345307	90.875000
4.175273	0.701612	-4.355159	90.974000
4.163889	0.704601	-4.314566	91.074000
4.153152	0.702004	-4.291100	91.174000
4.142128	0.707197	-4.274048	91.275000
4.131700	0.718789	-4.233531	91.374000
4.120863	0.719480	-4.220294	91.475000
4.109705	0.719135	-4.220650	91.574000
4.099190	0.722343	-4.254593	91.674000
4.088008	0.720039	-4.271975	91.774000
4.076969	0.718666	-4.280593	91.874000
4.066742	0.719340	-4.270188	91.974000
4.055532	0.716774	-4.273531	92.074000
4.044654	0.713124	-4.276381	92.174000
4.033158	0.714365	-4.257264	92.275000
4.022305	0.716317	-4.222787	92.374000
4.012053	0.719800	-4.216299	92.474000
4.000920	0.732421	-4.241785	92.574000
3.989962	0.732558	-4.264645	92.674000
3.979104	0.727752	-4.260459	92.775000
3.968536	0.716682	-4.285960	92.874000
3.958168	0.707945	-4.305397	92.975000
3.946889	0.704247	-4.313396	93.074000
3.935985	0.699678	-4.287097	93.174000
3.925327	0.702471	-4.257299	93.274000
3.914299	0.702580	-4.285344	93.374000
3.903231	0.699820	-4.298165	93.474000
3.892516	0.697161	-4.288878	93.575000
3.881577	0.706085	-4.297532	93.675000
3.870557	0.708179	-4.313478	93.774000
3.859405	0.710002	-4.291065	93.874000
3.848076	0.714555	-4.265338	93.974000
3.837598	0.720168	-4.287968	94.075000
3.826386	0.716742	-4.297342	94.174000
3.815072	0.710895	-4.309192	94.274000
3.804220	0.706942	-4.317210	94.374000
3.793028	0.700669	-4.307509	94.474000
3.782562	0.705403	-4.294243	94.574000
3.771583	0.710190	-4.277272	94.675000
3.759657	0.714663	-4.244499	94.775000
3.749190	0.717512	-4.233612	94.874000
3.738169	0.716711	-4.277310	94.975000
3.727032	0.717447	-4.313553	95.075000
3.715656	0.718950	-4.274963	95.174000
3.705062	0.715754	-4.258050	95.274000
3.693866	0.708277	-4.277451	95.374000
3.683083	0.709071	-4.286054	95.474000
3.671141	0.707508	-4.279261	95.574000
3.660300	0.707878	-4.275252	95.674000
3.649629	0.711225	-4.275807	95.774000
3.638237	0.709933	-4.280727	95.874000
3.627545	0.702846	-4.277298	95.974000
3.616422	0.697117	-4.271831	96.075000
3.604713	0.700787	-4.259148	96.175000
3.593803	0.710044	-4.223954	96.274000
3.582606	0.721632	-4.223794	96.374000
3.571477	0.722435	-4.264283	96.474000
3.560898	0.720036	-4.272465	96.574000
3.549812	0.712692	-4.271846	96.674000
3.538228	0.706797	-4.263196	96.774000
3.526701	0.706075	-4.238834	96.875000
3.515675	0.713836	-4.239776	96.974000
3.504996	0.720596	-4.255695	97.075000
3.493786	0.716760	-4.278628	97.174000
3.482820	0.716750	-4.299159	97.274000
3.472087	0.719232	-4.307997	97.375000
3.460950	0.721718	-4.295946	97.474000
3.449706	0.714972	-4.256327	97.574000
3.439315	0.712926	-4.250752	97.674000
3.427730	0.710751	-4.266552	97.775000
3.416937	0.706057	-4.288070	97.874000
3.405589	0.700243	-4.288043	97.974000
3.394755	0.701410	-4.281070	98.074000
3.383500	0.708958	-4.275470	98.174000
3.372194	0.713295	-4.280510	98.274000
3.361249	0.712987	-4.279547	98.375000
3.349932	0.710828	-4.291172	98.474000
3.338297	0.710747	-4.308271	98.574000
3.327618	0.711119	-4.310981	98.674000
3.316171	0.707563	-4.319995	98.774000
3.305234	0.708189	-4.289614	98.875000
3.294222	0.716949	-4.261107	98.974000
3.283079	0.719435	-4.263502	99.075000
3.272091	0.717076	-4.273435	99.174000
3.261192	0.710642	-4.275848	99.274000
3.250059	0.710686	-4.286646	99.374000
3.239210	0.718896	-4.312327	99.474000
3.227176	0.720343	-4.345445	99.574000
3.215795	0.715137	-4.342914	99.675000
3.204122	0.713897	-4.315450	99.774000
3.193524	0.715147	-4.313562	99.874000
3.182879	0.710879	-4.291915	99.974000
3.171523	0.710221	-4.273133	100.074000
3.160010	0.709470	-4.273253	100.174000
3.148657	0.710811	-4.260124	100.274000
3.137055	0.715764	-4.260424	100.374000
3.125838	0.713202	-4.285217	100.474000
3.115033	0.708611	-4.312399	100.575000
3.104347	0.710887	-4.292704	100.674000
3.091869	0.719683	-4.270119	100.774000
3.080325	0.721347	-4.280816	100.874000
3.069651	0.720148	-4.295096	100.974000
3.058342	0.719430	-4.285771	101.074000
3.046754	0.711012	-4.294185	101.174000
3.034912	0.709245	-4.282505	101.274000
3.024145	0.714109	-4.274949	101.374000
3.012261	0.717397	-4.280363	101.474000
3.000739	0.710956	-4.287353	101.574000
2.990340	0.709228	-4.276495	101.674000
2.979387	0.710257	-4.278654	101.774000
2.967428	0.712635	-4.288093	101.874000
2.955619	0.720973	-4.300770	101.974000
2.944656	0.725815	-4.326725	102.074000
2.933282	0.720940	-4.352123	102.174000
2.922604	0.712025	-4.358748	102.274000
2.911234	0.715054	-4.355112	102.375000
2.898643	0.720822	-4.334478	102.474000
2.887596	0.724331	-4.329332	102.574000
2.877394	0.721339	-4.291253	102.674000
2.864856	0.723428	-4.257829	102.774000
2.853862	0.715301	-4.267369	102.874000
2.842483	0.708527	-4.267715	102.974000
2.831581	0.705822	-4.258146	103.074000
2.820833	0.704889	-4.260832	103.174000
2.808713	0.704591	-4.285524	103.274000
2.797831	0.698988	-4.309936	103.374000
2.784350	0.699501	-4.327896	103.474000
2.774625	0.708717	-4.347127	103.575000
2.764806	0.707617	-4.334042	103.674000
2.753468	0.707008	-4.299134	103.774000
2.740825	0.713944	-4.295127	103.874000
2.726890	0.717490	-4.302105	103.974000
2.718726	0.716732	-4.306594	104.074000
2.704382	0.721390	-4.290995	104.174000
2.695391	0.719486	-4.260701	104.274000
2.683027	0.717428	-4.259791	104.374000
2.671447	0.712700	-4.252418	104.474000
2.659478	0.709648	-4.233448	104.574000
2.649425	0.704795	-4.210243	104.675000
2.637028	0.706313	-4.212296	104.774000
2.625651	0.709870	-4.212058	104.875000
2.614044	0.708214	-4.244162	104.974000
2.603325	0.707115	-4.279490	105.074000
2.591668	0.707587	-4.289093	105.174000
2.580143	0.707428	-4.290668	105.274000
2.566913	0.708971	-4.256159	105.374000
2.558153	0.709720	-4.256162	105.474000
2.542567	0.704762	-4.258601	105.574000
2.532617	0.705262	-4.241829	105.675000
2.520223	0.700250	-4.260122	105.774000
2.511701	0.695223	-4.289528	105.874000
2.500288	0.705444	-4.302950	105.974000
2.488338	0.712946	-4.312924	106.074000
2.475554	0.725636	-4.309440	106.174000
2.465784	0.728700	-4.306627	106.274000
2.453796	0.720730	-4.285443	106.375000
2.442673	0.716754	-4.306936	106.474000
2.430941	0.715928	-4.313643	106.574000
2.419658	0.709956	-4.287564	106.674000
2.408183	0.711338	-4.221812	106.774000
2.397078	0.713997	-4.180127	106.874000
2.385820	0.716210	-4.219950	106.974000
2.373946	0.712925	-4.273425	107.074000
2.362012	0.705603	-4.315964	107.174000
2.352192	0.704629	-4.327647	107.275000
2.340824	0.707747	-4.317923	107.374000
2.328815	0.703734	-4.293977	107.474000
2.318482	0.697213	-4.260310	107.574000
2.303539	0.698372	-4.240147	107.675000
2.291876	0.698300	-4.231974	107.774000
2.281496	0.694446	-4.251969	107.874000
2.270882	0.696351	-4.290946	107.975000
2.259442	0.699790	-4.304646	108.074000
2.247765	0.706826	-4.279116	108.174000
2.235881	0.710614	-4.307426	108.274000
2.224131	0.713758	-4.307531	108.374000
2.212622	0.712639	-4.293846	108.475000
2.201267	0.708697	-4.313832	108.574000
2.189911	0.705610	-4.330829	108.674000
2.178578	0.709074	-4.331146	108.774000
2.167265	0.706999	-4.313139	108.874000
2.155249	0.709223	-4.262722	108.974000
2.143595	0.711410	-4.244358	109.074000
2.131907	0.713979	-4.280556	109.175000
2.121472	0.720431	-4.307199	109.274000
2.109333	0.721531	-4.303078	109.374000
2.097785	0.724475	-4.288690	109.474000
2.085843	0.720343	-4.296656	109.575000
2.074925	0.709845	-4.289300	109.675000
2.063392	0.706019	-4.261414	109.774000
2.051702	0.714226	-4.257606	109.874000
2.039832	0.716810	-4.285899	109.974000
2.028206	0.712013	-4.302965	110.074000
2.016730	0.716955	-4.321395	110.175000
2.005359	0.721145	-4.344639	110.274000
1.993805	0.717029	-4.316066	110.375000
1.981581	0.720777	-4.273173	110.474000
1.970244	0.723362	-4.279776	110.574000
1.958763	0.724632	-4.297882	110.674000
1.947552	0.722965	-4.315876	110.774000
1.934618	0.715711	-4.338540	110.874000
1.924277	0.704469	-4.347042	110.974000
1.912449	0.699052	-4.317729	111.074000
1.901246	0.702752	-4.288054	111.174000
1.889621	0.711466	-4.269237	111.274000
1.878502	0.715359	-4.257431	111.374000
1.866648	0.716970	-4.247870	111.474000
1.855277	0.712803	-4.249528	111.574000
1.843820	0.711925	-4.260674	111.674000
1.832291	0.715915	-4.265279	111.775000
1.820700	0.725116	-4.262775	111.874000
1.809133	0.727358	-4.241974	111.975000
1.797646	0.721066	-4.254529	112.074000
1.785962	0.719866	-4.284580	112.175000
1.773727	0.721224	-4.279322	112.274000
1.762990	0.719059	-4.289476	112.374000
1.751493	0.719459	-4.327591	112.474000
1.739145	0.718936	-4.308166	112.574000
1.727860	0.721051	-4.292436	112.674000
1.716167	0.715721	-4.307244	112.774000
1.704447	0.711527	-4.278975	112.874000
1.692774	0.712756	-4.278954	112.974000
1.681383	0.714039	-4.274615	113.074000
1.669801	0.713410	-4.261185	113.174000
1.658067	0.713804	-4.261517	113.274000
1.646178	0.715919	-4.290482	113.374000
1.634504	0.714576	-4.272184	113.474000
1.622741	0.709739	-4.235216	113.574000
1.611401	0.703744	-4.215566	113.674000
1.600171	0.707335	-4.219048	113.774000
1.588071	0.707799	-4.252071	113.874000
1.576038	0.707843	-4.288658	113.974000
1.564205	0.710775	-4.300659	114.075000
1.553052	0.713318	-4.292261	114.174000
1.541412	0.706493	-4.297500	114.274000
1.529790	0.703630	-4.296552	114.374000
1.517536	0.709856	-4.293871	114.474000
1.506091	0.715212	-4.292749	114.574000
1.494369	0.719762	-4.294736	114.674000
1.482824	0.719359	-4.266398	114.774000
1.471410	0.723238	-4.217213	114.874000
1.459460	0.728914	-4.217933	114.974000
1.447335	0.728390	-4.235839	115.074000
1.435899	0.726899	-4.260269	115.175000
1.423819	0.724486	-4.291755	115.277000
1.412529	0.721329	-4.323496	115.374000
1.401138	0.721234	-4.361072	115.474000
1.389666	0.722043	-4.364880	115.574000
1.378062	0.720265	-4.343713	115.674000
1.366417	0.713971	-4.308525	115.775000
1.354697	0.714436	-4.305096	115.874000
1.343185	0.715815	-4.320066	115.974000
1.331969	0.716596	-4.315624	116.074000
1.320310	0.716561	-4.312373	116.174000
1.308780	0.716649	-4.297301	116.274000
1.297406	0.714224	-4.276374	116.374000
1.285940	0.714800	-4.238185	116.474000
1.274462	0.717944	-4.238023	116.574000
1.262910	0.723356	-4.259876	116.674000
1.250756	0.721762	-4.267458	116.774000
1.238726	0.719903	-4.261441	116.874000
1.227166	0.722470	-4.266900	116.974000
1.215522	0.722577	-4.263334	117.074000
1.204044	0.719121	-4.266816	117.174000
1.192303	0.716616	-4.259327	117.274000
1.180035	0.714349	-4.253498	117.374000
1.168733	0.711024	-4.254269	117.474000
1.157148	0.710705	-4.259586	117.574000
1.145554	0.711614	-4.253803	117.674000
1.133873	0.716211	-4.238613	117.775000
1.121853	0.721290	-4.223425	117.874000
1.110047	0.724237	-4.234549	117.974000
1.098356	0.723229	-4.269254	118.074000
1.086773	0.717657	-4.286721	118.175000
1.075361	0.712060	-4.301630	118.274000
1.063615	0.706690	-4.319082	118.374000
1.051387	0.704622	-4.341381	118.474000
1.039649	0.698946	-4.344640	118.574000
1.027951	0.695060	-4.330445	118.674000
1.016608	0.705440	-4.303362	118.774000
1.005014	0.714370	-4.310686	118.874000
0.993360	0.713907	-4.299462	118.974000
0.981389	0.711708	-4.273602	119.075000
0.969638	0.704909	-4.268772	119.174000
0.958029	0.700092	-4.266067	119.274000
0.946699	0.706981	-4.230687	119.374000
0.935079	0.715893	-4.230571	119.474000
0.923175	0.719245	-4.258677	119.574000
0.911444	0.712449	-4.268922	119.674000
0.899762	0.710096	-4.282236	119.774000
0.887703	0.706342	-4.306179	119.875000
0.876363	0.706648	-4.325599	119.975000
0.864727	0.709827	-4.337718	120.074000
0.853185	0.703917	-4.332870	120.174000
0.841518	0.705377	-4.306481	120.274000
0.830059	0.714771	-4.283054	120.374000
0.818403	0.713557	-4.285144	120.474000
0.806675	0.713037	-4.305077	120.575000
0.794996	0.718130	-4.336326	120.674000
0.783742	0.719932	-4.343133	120.774000
0.772124	0.718765	-4.334008	120.874000
0.760792	0.710375	-4.321598	120.974000
0.749375	0.706302	-4.296222	121.074000
0.737889	0.710514	-4.293239	121.174000
0.726055	0.717658	-4.324735	121.274000
0.714171	0.720724	-4.321776	121.374000
0.702491	0.715760	-4.311060	121.474000
0.690800	0.712033	-4.340324	121.574000
0.679326	0.715044	-4.355271	121.674000
0.667568	0.715991	-4.324338	121.774000
0.655759	0.710658	-4.315557	121.874000
0.644142	0.707350	-4.306635	121.975000
0.632515	0.709056	-4.317556	122.074000
0.620748	0.712004	-4.316157	122.174000
0.609283	0.716261	-4.318804	122.274000
0.597828	0.721329	-4.326266	122.374000
0.585779	0.718977	-4.325646	122.474000
0.574123	0.716431	-4.297334	122.575000
0.562551	0.714958	-4.285875	122.674000
0.550916	0.718476	-4.280068	122.774000
0.539365	0.720423	-4.270375	122.874000
0.527767	0.723588	-4.256998	122.975000
0.515733	0.718197	-4.258031	123.074000
0.504096	0.709820	-4.259894	123.174000
0.492208	0.713032	-4.283527	123.274000
0.480710	0.716176	-4.281632	123.374000
0.469430	0.714913	-4.269734	123.474000
0.457611	0.705980	-4.275851	123.574000
0.445737	0.699193	-4.273120	123.674000
0.434045	0.703075	-4.261782	123.774000
0.422455	0.709706	-4.265442	123.874000
0.410919	0.716179	-4.289001	123.975000
0.399199	0.719333	-4.304832	124.075000
0.387463	0.718413	-4.316288	124.174000
0.375667	0.713241	-4.344941	124.274000
0.364030	0.708979	-4.352989	124.374000
0.352451	0.708790	-4.334220	124.474000
0.340997	0.715334	-4.345006	124.575000
0.329436	0.713129	-4.355773	124.674000
0.317724	0.711186	-4.375485	124.774000
0.306210	0.709283	-4.342946	124.874000
0.294696	0.708766	-4.322164	124.974000
0.283436	0.707322	-4.308624	125.075000
0.276016	0.709719	-4.291495	125.175000
0.271203	0.717345	-4.285684	125.274000
0.267391	0.722217	-4.284022	125.374000
0.263969	0.722068	-4.293900	125.474000
0.261112	0.717399	-4.290058	125.574000
0.258594	0.715503	-4.291155	125.674000
0.256217	0.711335	-4.286147	125.775000
0.254148	0.710396	-4.279826	125.874000
0.252039	0.710894	-4.288381	125.975000
0.250312	0.712275	-4.277527	126.075000
0.248783	0.710963	-4.282397	126.174000
0.247210	0.709330	-4.278833	126.275000
0.245857	0.709490	-4.267816	126.374000
0.244400	0.704844	-4.309711	126.475000
0.243200	0.711454	-4.359845	126.575000
0.242224	0.720604	-4.363057	126.675000
0.240956	0.714045	-4.332066	126.774000
0.239827	0.710839	-4.282317	126.874000
0.238835	0.709542	-4.270076	126.975000
0.237949	0.704738	-4.269634	127.075000
0.236950	0.700328	-4.277823	127.174000
0.236088	0.699239	-4.284020	127.274000
0.235313	0.704790	-4.275986	127.374000
0.234624	0.708212	-4.286053	127.474000
0.233881	0.702232	-4.295157	127.574000
0.233068	0.705185	-4.331302	127.674000
0.232432	0.709009	-4.348545	127.774000
0.231870	0.705874	-4.329881	127.874000
0.231079	0.704301	-4.291276	127.974000
0.230518	0.708986	-4.274953	128.074000
0.230006	0.716926	-4.274767	128.175000
0.229459	0.720281	-4.272263	128.274000
0.228993	0.722453	-4.265797	128.374000
0.228282	0.720924	-4.255856	128.474000
0.227950	0.717079	-4.257530	128.574000
0.227366	0.722055	-4.265413	128.675000
0.227002	0.723920	-4.269791	128.774000
0.226412	0.721804	-4.259833	128.874000
0.226094	0.715311	-4.256017	128.974000
0.225625	0.714119	-4.257257	129.074000
0.225447	0.719551	-4.280138	129.174000
0.224912	0.725003	-4.303094	129.275000
0.224582	0.726669	-4.314021	129.374000
0.224269	0.722153	-4.308403	129.474000
0.223887	0.714441	-4.311407	129.574000
0.223557	0.709774	-4.306665	129.674000
0.223314	0.706773	-4.294695	129.775000
0.222926	0.706705	-4.308222	129.874000
0.222635	0.706315	-4.305054	129.974000
0.222347	0.712372	-4.275488	130.074000
0.222096	0.717185	-4.281827	130.174000
0.221803	0.713239	-4.304899	130.274000
0.221394	0.715173	-4.335112	130.374000
0.221199	0.709828	-4.338605	130.475000
0.220992	0.710408	-4.315213	130.574000
0.220720	0.710369	-4.313516	130.674000
0.220424	0.709346	-4.295220	130.774000
0.220086	0.716558	-4.270969	130.875000
0.220112	0.720168	-4.266251	130.975000
0.219793	0.722006	-4.313554	131.074000
0.219566	0.725854	-4.323336	131.174000
0.219124	0.723274	-4.316262	131.274000
0.219011	0.713233	-4.333410	131.374000
0.218783	0.709980	-4.323506	131.474000
0.218681	0.710817	-4.311340	131.575000
0.218449	0.707607	-4.312182	131.674000
0.218348	0.698586	-4.284145	131.774000
0.218108	0.697583	-4.268681	131.874000
0.217854	0.702354	-4.249646	131.974000
0.217768	0.714030	-4.233672	132.074000
0.217306	0.723547	-4.247606	132.174000
0.217314	0.727402	-4.279542	132.274000
0.216920	0.723463	-4.299406	132.374000
0.216950	0.714929	-4.298346	132.475000
0.216917	0.708411	-4.300356	132.574000
0.216694	0.712098	-4.286277	132.674000
0.216712	0.720673	-4.272915	132.774000
0.216566	0.721700	-4.294044	132.874000
0.216521	0.714968	-4.287104	132.974000
0.216321	0.709725	-4.268621	133.075000
0.216117	0.712441	-4.266500	133.175000
0.215998	0.713416	-4.300419	133.275000
0.215875	0.711818	-4.307052	133.374000
0.215842	0.719369	-4.280050	133.475000
0.215761	0.716756	-4.279805	133.574000
0.215405	0.706602	-4.272223	133.674000
0.215552	0.705230	-4.275492	133.774000
0.215359	0.713505	-4.272039	133.874000
