-0.141467	0.699114	-4.363358	11.626000
-0.140739	0.700698	-4.351972	11.726000
-0.140689	0.705588	-4.335550	11.826000
-0.140808	0.713228	-4.357106	11.926000
-0.140787	0.713681	-4.389468	12.026000
-0.140837	0.707339	-4.405061	12.126000
-0.140715	0.707744	-4.403566	12.226000
-0.140818	0.713591	-4.397614	12.326000
-0.140941	0.715957	-4.385364	12.426000
-0.140862	0.712809	-4.374494	12.526000
-0.140799	0.714939	-4.373523	12.626000
-0.140736	0.719101	-4.377683	12.726000
-0.140738	0.708142	-4.413140	12.826000
-0.140788	0.698350	-4.416204	12.926000
-0.140600	0.697270	-4.387305	13.026000
-0.140699	0.701984	-4.393730	13.126000
-0.140670	0.708055	-4.390623	13.226000
-0.140725	0.711544	-4.363267	13.326000
-0.140823	0.704411	-4.361924	13.426000
-0.140751	0.703906	-4.386494	13.526000
-0.140234	0.706955	-4.360077	13.626000
-0.135586	0.707717	-4.351800	13.726000
-0.129059	0.709644	-4.372224	13.826000
-0.122257	0.707191	-4.366573	13.926000
-0.114932	0.710525	-4.355596	14.026000
-0.107141	0.709413	-4.373769	14.126000
-0.099394	0.707726	-4.370300	14.226000
-0.091318	0.702341	-4.356619	14.327000
-0.083104	0.701905	-4.366502	14.426000
-0.074745	0.701818	-4.371481	14.526000
-0.065858	0.706561	-4.360921	14.626000
-0.057023	0.709876	-4.350173	14.727000
-0.048313	0.706245	-4.345460	14.827000
-0.039509	0.700586	-4.337123	14.926000
-0.030606	0.699626	-4.338308	15.026000
-0.021480	0.705937	-4.350305	15.126000
-0.012226	0.710482	-4.364387	15.227000
-0.003039	0.711106	-4.382399	15.326000
0.006021	0.706861	-4.389802	15.426000
0.015363	0.706907	-4.404187	15.526000
0.024550	0.706496	-4.412229	15.626000
0.034067	0.712134	-4.384765	15.726000
0.043651	0.717570	-4.365805	15.826000
0.053142	0.716798	-4.368156	15.926000
0.062415	0.716353	-4.382023	16.026000
0.072167	0.715224	-4.397664	16.126000
0.081564	0.709415	-4.398135	16.226000
0.091289	0.703538	-4.378009	16.326000
0.101222	0.701566	-4.369940	16.426000
0.110864	0.705281	-4.373988	16.526000
0.120286	0.708664	-4.364313	16.626000
0.130151	0.717166	-4.401520	16.726000
0.139609	0.719454	-4.401128	16.827000
0.149632	0.718257	-4.390798	16.926000
0.159512	0.717741	-4.377277	17.026000
0.169101	0.711954	-4.368325	17.126000
0.179020	0.709374	-4.353311	17.226000
0.188716	0.711915	-4.331981	17.326000
0.198465	0.711419	-4.313313	17.426000
0.208627	0.705630	-4.312264	17.526000
0.218518	0.705973	-4.295744	17.626000
0.228301	0.710029	-4.282158	17.726000
0.238150	0.713030	-4.298988	17.826000
0.248149	0.714603	-4.341158	17.926000
0.257810	0.710070	-4.384412	18.026000
0.267813	0.707714	-4.398104	18.126000
0.277791	0.714050	-4.387201	18.227000
0.287476	0.714493	-4.408503	18.326000
0.297387	0.715958	-4.409498	18.426000
0.307464	0.719649	-4.376545	18.526000
0.317391	0.719898	-4.348027	18.626000
0.327635	0.716090	-4.313251	18.726000
0.337561	0.713530	-4.312912	18.826000
0.347660	0.716966	-4.330087	18.927000
0.357849	0.716701	-4.363911	19.026000
0.367772	0.714163	-4.347835	19.126000
0.378502	0.706441	-4.353427	19.228000
0.388851	0.694051	-4.362474	19.327000
0.398566	0.691519	-4.385712	19.426000
0.408765	0.696797	-4.384269	19.526000
0.419097	0.707003	-4.375575	19.626000
0.429225	0.714991	-4.402484	19.726000
0.439979	0.719840	-4.425340	19.826000
0.450043	0.720543	-4.409080	19.926000
0.460205	0.723153	-4.385650	20.026000
0.470522	0.726064	-4.357038	20.127000
0.480834	0.722419	-4.324595	20.228000
0.491655	0.716389	-4.336414	20.326000
0.501846	0.713982	-4.329131	20.426000
0.512244	0.713596	-4.327964	20.526000
0.522543	0.710557	-4.353965	20.626000
0.533057	0.711882	-4.371877	20.726000
0.543491	0.711336	-4.377638	20.826000
0.554038	0.706447	-4.373129	20.926000
0.564736	0.704119	-4.353626	21.026000
0.574989	0.705380	-4.336330	21.126000
0.585301	0.711095	-4.349233	21.226000
0.595599	0.716802	-4.360972	21.326000
0.605849	0.714067	-4.359104	21.426000
0.616585	0.711267	-4.342759	21.526000
0.627421	0.714271	-4.310909	21.626000
0.637768	0.718917	-4.319303	21.726000
0.648118	0.711345	-4.348653	21.826000
0.658527	0.702746	-4.360083	21.926000
0.669504	0.703455	-4.363855	22.026000
0.680129	0.707858	-4.376223	22.126000
0.690672	0.711544	-4.362593	22.226000
0.701234	0.714263	-4.353164	22.326000
0.711950	0.715786	-4.363023	22.426000
0.722076	0.718033	-4.405089	22.526000
0.732426	0.721611	-4.400605	22.626000
0.743192	0.724604	-4.387300	22.726000
0.753698	0.725597	-4.386473	22.826000
0.764105	0.717559	-4.378098	22.927000
0.774597	0.710475	-4.387170	23.026000
0.785307	0.706708	-4.395689	23.127000
0.795988	0.701702	-4.391457	23.226000
0.806229	0.699840	-4.367742	23.326000
0.816666	0.699770	-4.357542	23.426000
0.827487	0.698432	-4.348373	23.526000
0.837804	0.703521	-4.333724	23.626000
0.848590	0.706224	-4.310803	23.727000
0.859823	0.709376	-4.311474	23.826000
0.870656	0.712767	-4.336397	23.926000
0.881112	0.710325	-4.371573	24.026000
0.891738	0.705582	-4.381760	24.126000
0.902319	0.703859	-4.375621	24.226000
0.913331	0.707173	-4.377497	24.326000
0.924151	0.708473	-4.353259	24.426000
0.934991	0.712271	-4.394851	24.526000
0.945373	0.715119	-4.431148	24.626000
0.955907	0.710128	-4.433112	24.726000
0.966611	0.706636	-4.420373	24.826000
0.977836	0.708933	-4.400145	24.926000
0.988947	0.716128	-4.403329	25.026000
0.999074	0.718938	-4.393777	25.126000
1.010068	0.719647	-4.367960	25.226000
1.021051	0.717346	-4.359818	25.327000
1.031895	0.710473	-4.351918	25.426000
1.042963	0.707135	-4.341487	25.527000
1.053829	0.707965	-4.336125	25.626000
1.064746	0.711365	-4.333047	25.726000
1.075305	0.715136	-4.340854	25.826000
1.086249	0.713097	-4.362280	25.926000
1.097267	0.703139	-4.377830	26.027000
1.108646	0.697705	-4.390849	26.127000
1.119256	0.696801	-4.391879	26.226000
1.130247	0.696677	-4.398523	26.326000
1.140792	0.704054	-4.389942	26.426000
1.151785	0.714345	-4.371373	26.526000
1.162592	0.716935	-4.360248	26.626000
1.174123	0.711626	-4.378782	26.726000
1.185080	0.705534	-4.375055	26.826000
1.196308	0.698749	-4.347605	26.926000
1.206509	0.703394	-4.317813	27.026000
1.217545	0.706441	-4.335146	27.126000
1.228131	0.704797	-4.372912	27.226000
1.239026	0.706749	-4.385806	27.326000
1.249774	0.703412	-4.381133	27.426000
1.261056	0.706714	-4.388631	27.526000
1.270881	0.709129	-4.398615	27.626000
1.283067	0.708474	-4.395568	27.726000
1.294180	0.707093	-4.365825	27.826000
1.305189	0.707968	-4.371279	27.926000
1.314723	0.709306	-4.375377	28.026000
1.326360	0.704463	-4.367571	28.127000
1.336907	0.700230	-4.366700	28.226000
1.347771	0.702012	-4.366423	28.326000
1.359637	0.707020	-4.364778	28.426000
1.370287	0.707727	-4.373250	28.526000
1.381027	0.705063	-4.369287	28.626000
1.392572	0.704323	-4.368175	28.726000
1.403389	0.703771	-4.379425	28.826000
1.414607	0.706116	-4.361253	28.926000
1.425749	0.709723	-4.358045	29.026000
1.436844	0.717400	-4.364268	29.126000
1.447394	0.713168	-4.367586	29.227000
1.459026	0.715094	-4.366228	29.326000
1.469326	0.719674	-4.343228	29.426000
1.481400	0.720878	-4.335743	29.526000
1.492135	0.718994	-4.347789	29.626000
1.503577	0.710251	-4.373734	29.726000
1.514661	0.706617	-4.359410	29.826000
1.525517	0.701823	-4.341127	29.926000
1.536810	0.700235	-4.339279	30.026000
1.548041	0.699910	-4.338989	30.126000
1.558749	0.700942	-4.340602	30.227000
1.569349	0.703832	-4.353721	30.326000
1.581006	0.708177	-4.371178	30.426000
1.592125	0.712691	-4.352046	30.526000
1.603236	0.718214	-4.337660	30.626000
1.614346	0.715483	-4.321461	30.726000
1.625448	0.707812	-4.337266	30.826000
1.636641	0.710858	-4.358614	30.926000
1.647479	0.710105	-4.357760	31.026000
1.659160	0.709064	-4.347995	31.126000
1.670573	0.713250	-4.317313	31.226000
1.681197	0.716868	-4.303353	31.326000
1.692876	0.713368	-4.333511	31.426000
1.704027	0.710917	-4.343315	31.526000
1.715220	0.714374	-4.335900	31.626000
1.725969	0.710657	-4.354326	31.726000
1.736054	0.712016	-4.381518	31.826000
1.747451	0.714536	-4.409898	31.926000
1.759034	0.712317	-4.411502	32.026000
1.770049	0.707080	-4.402935	32.126000
1.781384	0.706366	-4.369548	32.227000
1.793210	0.704742	-4.354475	32.327000
1.805169	0.701852	-4.358585	32.426000
1.814940	0.701476	-4.368110	32.526000
1.826629	0.704097	-4.379425	32.626000
1.837663	0.701897	-4.366130	32.727000
1.847246	0.705050	-4.335087	32.826000
1.860583	0.706545	-4.340297	32.927000
1.870427	0.708563	-4.343770	33.026000
1.882012	0.709858	-4.325517	33.126000
1.893245	0.711461	-4.334543	33.226000
1.904477	0.710843	-4.333053	33.326000
1.915533	0.709719	-4.314760	33.426000
1.927064	0.714100	-4.327884	33.526000
1.938696	0.716705	-4.351551	33.626000
1.949577	0.717953	-4.377768	33.727000
1.960771	0.709594	-4.368114	33.826000
1.972045	0.706701	-4.353936	33.926000
1.982972	0.701234	-4.357765	34.026000
1.994994	0.699074	-4.348321	34.126000
2.005610	0.702908	-4.325367	34.226000
2.016870	0.710984	-4.319893	34.326000
2.028820	0.716242	-4.353949	34.426000
2.040426	0.719152	-4.375414	34.526000
2.051871	0.716912	-4.362791	34.626000
2.060863	0.710832	-4.328898	34.726000
2.072053	0.704881	-4.341686	34.827000
2.083067	0.699399	-4.369331	34.926000
2.096091	0.699665	-4.375638	35.026000
2.109566	0.702977	-4.372103	35.126000
2.117588	0.702510	-4.380705	35.226000
2.132826	0.702483	-4.394214	35.326000
2.140958	0.711237	-4.418141	35.426000
2.154144	0.712732	-4.387170	35.526000
2.163581	0.718113	-4.364821	35.626000
2.177094	0.720583	-4.377612	35.726000
2.186826	0.722249	-4.374078	35.826000
2.198428	0.720031	-4.354456	35.926000
2.209498	0.716737	-4.343230	36.026000
2.221090	0.715917	-4.342672	36.127000
2.232180	0.716658	-4.353242	36.226000
2.243738	0.716602	-4.359403	36.326000
2.255562	0.716146	-4.345723	36.426000
2.266985	0.708361	-4.342852	36.526000
2.278259	0.699379	-4.319211	36.626000
2.289353	0.699148	-4.333167	36.726000
2.300236	0.706013	-4.359060	36.827000
2.310972	0.706481	-4.374174	36.926000
2.323071	0.708165	-4.365266	37.026000
2.334228	0.710827	-4.355876	37.126000
2.344925	0.712046	-4.355325	37.226000
2.356927	0.708870	-4.361662	37.326000
2.367294	0.709480	-4.367249	37.426000
2.380174	0.713894	-4.360181	37.526000
2.391114	0.715099	-4.354010	37.626000
2.402154	0.714061	-4.356627	37.726000
2.414308	0.704934	-4.370326	37.826000
2.425063	0.701288	-4.383419	37.926000
2.436943	0.695811	-4.380060	38.026000
2.448509	0.694337	-4.407197	38.127000
2.459528	0.691269	-4.399683	38.226000
2.471845	0.695138	-4.357151	38.326000
2.481446	0.704130	-4.337554	38.426000
2.492639	0.710524	-4.340693	38.526000
2.504882	0.714733	-4.355686	38.626000
2.516138	0.716840	-4.385939	38.726000
2.527824	0.716785	-4.397325	38.826000
2.539371	0.713313	-4.382938	38.926000
2.549684	0.713104	-4.377164	39.027000
2.561452	0.716529	-4.364047	39.126000
2.573354	0.709175	-4.375536	39.227000
2.585661	0.704904	-4.388845	39.326000
2.595829	0.706071	-4.381646	39.426000
2.605230	0.713236	-4.399423	39.526000
2.619609	0.708317	-4.421822	39.627000
2.629596	0.712428	-4.409591	39.726000
2.639149	0.716426	-4.366039	39.827000
2.653194	0.707253	-4.334191	39.926000
2.662852	0.701978	-4.297619	40.026000
2.677979	0.711879	-4.282854	40.126000
2.683283	0.715798	-4.305157	40.226000
2.695204	0.710225	-4.330144	40.326000
2.711832	0.702331	-4.354042	40.426000
2.722573	0.697327	-4.350777	40.526000
2.730358	0.699629	-4.306147	40.626000
2.741766	0.706218	-4.288745	40.726000
2.757273	0.706940	-4.291131	40.826000
2.764354	0.700359	-4.310547	40.926000
2.774356	0.697572	-4.302729	41.026000
2.786238	0.700180	-4.303040	41.126000
2.799223	0.702550	-4.337620	41.226000
2.811819	0.707603	-4.391740	41.327000
2.824948	0.707390	-4.405863	41.426000
2.836298	0.709401	-4.385158	41.526000
2.847524	0.719880	-4.394639	41.626000
2.856612	0.714225	-4.398897	41.726000
2.866069	0.706988	-4.370632	41.826000
2.876983	0.706902	-4.359639	41.926000
2.887646	0.707140	-4.355468	42.026000
2.900386	0.710930	-4.357443	42.126000
2.914030	0.712973	-4.379071	42.226000
2.925757	0.713669	-4.384456	42.326000
2.936991	0.711517	-4.371923	42.426000
2.947422	0.707874	-4.364723	42.526000
2.957936	0.707214	-4.374977	42.626000
2.968861	0.710334	-4.372122	42.726000
2.979748	0.708091	-4.374815	42.826000
2.993858	0.712294	-4.366429	42.926000
3.004915	0.714088	-4.334423	43.026000
3.013299	0.708928	-4.317816	43.126000
3.028807	0.709464	-4.324992	43.227000
3.037053	0.715074	-4.340613	43.327000
3.051100	0.713014	-4.351765	43.426000
3.060360	0.709953	-4.363195	43.527000
3.073549	0.708939	-4.398648	43.627000
3.084063	0.706358	-4.428508	43.726000
3.093946	0.709936	-4.423693	43.826000
3.107490	0.711708	-4.389719	43.926000
3.120368	0.710349	-4.366836	44.026000
3.131680	0.712079	-4.356815	44.126000
3.142402	0.709994	-4.357894	44.227000
3.154144	0.703636	-4.376747	44.326000
3.165456	0.699676	-4.369328	44.426000
3.174023	0.705559	-4.353334	44.527000
3.188042	0.710707	-4.355522	44.626000
3.198742	0.711400	-4.349675	44.726000
3.208853	0.711919	-4.345394	44.826000
3.221057	0.709993	-4.348322	44.926000
3.233905	0.707081	-4.369437	45.026000
3.243286	0.705027	-4.369806	45.126000
3.256125	0.701966	-4.342084	45.226000
3.268119	0.702135	-4.311397	45.326000
3.277340	0.709602	-4.313367	45.426000
3.289467	0.710676	-4.318134	45.526000
3.301884	0.703606	-4.339213	45.626000
3.311710	0.701628	-4.378881	45.726000
3.323084	0.699798	-4.381456	45.827000
3.335848	0.703656	-4.391573	45.926000
3.345801	0.703025	-4.383011	46.027000
3.356796	0.706865	-4.352145	46.126000
3.369222	0.708100	-4.352477	46.226000
3.380404	0.706752	-4.385362	46.326000
3.391601	0.708813	-4.403990	46.426000
3.402400	0.709703	-4.380005	46.526000
3.414388	0.712514	-4.360797	46.626000
3.425646	0.715784	-4.368664	46.726000
3.437348	0.721007	-4.376836	46.826000
3.448802	0.717092	-4.360776	46.926000
3.460024	0.711451	-4.366099	47.026000
3.470883	0.708781	-4.367668	47.126000
3.483023	0.706932	-4.358620	47.227000
3.494264	0.709053	-4.348908	47.326000
3.505178	0.709804	-4.348416	47.426000
3.516772	0.706515	-4.338549	47.526000
3.527895	0.706769	-4.341477	47.626000
3.539595	0.705812	-4.362505	47.726000
3.551082	0.699347	-4.393266	47.826000
3.562577	0.692492	-4.397760	47.926000
3.574212	0.696774	-4.409642	48.026000
3.585142	0.706287	-4.407179	48.126000
3.596755	0.711528	-4.380560	48.226000
3.608119	0.710963	-4.368818	48.326000
3.619521	0.711949	-4.357961	48.426000
3.631068	0.710493	-4.385114	48.526000
3.642496	0.713415	-4.392258	48.626000
3.653618	0.720689	-4.386985	48.726000
3.665316	0.724341	-4.379812	48.826000
3.676784	0.717516	-4.376973	48.926000
3.688228	0.711856	-4.376267	49.027000
3.700163	0.712906	-4.386142	49.126000
3.710645	0.716498	-4.381718	49.226000
3.721957	0.716518	-4.378752	49.326000
3.733803	0.712359	-4.347626	49.426000
3.745124	0.711642	-4.348410	49.526000
3.756265	0.713616	-4.379851	49.626000
3.767768	0.711640	-4.396886	49.726000
3.779707	0.708612	-4.342321	49.826000
3.790745	0.714730	-4.317840	49.926000
3.802054	0.719682	-4.328419	50.026000
3.813959	0.720421	-4.337431	50.126000
3.824542	0.714554	-4.365642	50.226000
3.835774	0.709197	-4.404285	50.326000
3.847097	0.703280	-4.421459	50.426000
3.858489	0.702797	-4.407696	50.526000
3.867828	0.703356	-4.374922	50.626000
3.882304	0.702636	-4.367880	50.726000
3.891638	0.699571	-4.369282	50.827000
3.902986	0.698206	-4.373919	50.926000
3.916283	0.702901	-4.375620	51.026000
3.924330	0.706427	-4.349594	51.126000
3.938789	0.710462	-4.321658	51.227000
3.949843	0.712838	-4.326577	51.326000
3.958398	0.709494	-4.332425	51.426000
3.972515	0.698220	-4.343943	51.526000
3.985119	0.698815	-4.337047	51.626000
3.994568	0.710223	-4.326483	51.726000
4.006353	0.712114	-4.329291	51.826000
4.016695	0.710609	-4.345672	51.926000
4.030745	0.712457	-4.372796	52.026000
4.042342	0.711958	-4.380236	52.126000
4.052759	0.711651	-4.390035	52.226000
4.061613	0.709522	-4.374767	52.326000
4.076060	0.714458	-4.355260	52.426000
4.084589	0.714503	-4.355093	52.526000
4.098490	0.711926	-4.355160	52.626000
4.107107	0.708844	-4.369472	52.726000
4.119222	0.707555	-4.377801	52.826000
4.131295	0.710613	-4.385135	52.926000
4.142779	0.715238	-4.401100	53.026000
4.154283	0.713788	-4.389807	53.126000
4.164772	0.713614	-4.336588	53.226000
4.175839	0.721100	-4.336741	53.327000
4.187437	0.721974	-4.355167	53.426000
4.199488	0.717517	-4.363845	53.526000
4.211147	0.705965	-4.348053	53.627000
4.222398	0.698891	-4.342990	53.726000
4.232973	0.699381	-4.359179	53.826000
4.244353	0.695332	-4.377529	53.926000
4.255975	0.697173	-4.396649	54.026000
4.267863	0.702150	-4.369318	54.126000
4.278841	0.710830	-4.359352	54.227000
4.289511	0.719078	-4.381452	54.326000
4.301229	0.718480	-4.387254	54.426000
4.312369	0.714752	-4.390586	54.527000
4.324281	0.715224	-4.388188	54.626000
4.335301	0.709890	-4.367364	54.726000
4.345922	0.708220	-4.345974	54.826000
4.357284	0.707358	-4.331041	54.926000
4.368008	0.701369	-4.344636	55.027000
4.379128	0.701173	-4.376859	55.126000
4.390349	0.706122	-4.371934	55.226000
4.402197	0.712822	-4.373384	55.326000
4.413834	0.715288	-4.376244	55.426000
4.424619	0.711630	-4.369366	55.526000
4.435222	0.711463	-4.346720	55.626000
4.446438	0.708467	-4.345555	55.726000
4.458505	0.702107	-4.363813	55.826000
4.469356	0.701898	-4.368111	55.927000
4.481354	0.701906	-4.360517	56.026000
4.491586	0.696613	-4.341563	56.126000
4.503431	0.695816	-4.314167	56.229000
4.514920	0.702249	-4.316692	56.327000
4.526288	0.710536	-4.331439	56.426000
4.537023	0.712463	-4.375087	56.527000
4.548464	0.714321	-4.397448	56.626000
4.559324	0.707136	-4.371029	56.726000
4.570738	0.701811	-4.334259	56.826000
4.582424	0.706205	-4.307517	56.926000
4.593379	0.711981	-4.315302	57.026000
4.604905	0.711400	-4.322832	57.126000
4.616582	0.709115	-4.314631	57.226000
4.627507	0.710378	-4.302318	57.326000
4.638622	0.715474	-4.306944	57.426000
4.650215	0.710441	-4.325825	57.526000
4.661442	0.709111	-4.334912	57.627000
4.672685	0.712897	-4.355859	57.726000
4.683660	0.712368	-4.354733	57.826000
4.695184	0.709653	-4.341238	57.926000
4.706589	0.705146	-4.348360	58.027000
4.718085	0.701911	-4.359556	58.127000
4.729439	0.698852	-4.364709	58.226000
4.740766	0.696241	-4.337868	58.326000
4.751700	0.702617	-4.307225	58.426000
4.762989	0.706312	-4.307881	58.526000
4.774150	0.703211	-4.322657	58.626000
4.785904	0.700627	-4.324014	58.726000
4.796671	0.699200	-4.344850	58.826000
4.808271	0.697974	-4.344358	58.926000
4.819442	0.698585	-4.330751	59.026000
4.830716	0.694174	-4.357183	59.126000
4.841762	0.692248	-4.378145	59.226000
4.853099	0.696660	-4.370631	59.326000
4.863939	0.697040	-4.349869	59.426000
4.875389	0.692739	-4.341448	59.526000
4.886257	0.693249	-4.355724	59.626000
4.897666	0.699828	-4.356439	59.726000
4.908678	0.703670	-4.340116	59.827000
4.920179	0.706652	-4.351630	59.926000
4.930968	0.711066	-4.355562	60.026000
4.941999	0.711045	-4.353062	60.126000
4.953223	0.710438	-4.346343	60.226000
4.964584	0.710460	-4.342075	60.327000
4.976140	0.713606	-4.346109	60.426000
4.987227	0.713666	-4.342225	60.526000
4.998497	0.710510	-4.333820	60.626000
5.009404	0.709759	-4.319641	60.726000
5.020691	0.707078	-4.328504	60.827000
5.032023	0.707861	-4.344040	60.926000
5.043257	0.710322	-4.374260	61.026000
5.054291	0.709478	-4.367788	61.126000
5.065580	0.702623	-4.356691	61.226000
5.076923	0.701633	-4.359801	61.326000
5.087987	0.705171	-4.372378	61.426000
5.099344	0.713703	-4.375688	61.526000
5.110584	0.716821	-4.350327	61.626000
5.121732	0.715750	-4.349754	61.726000
5.133079	0.708045	-4.354095	61.826000
5.143889	0.709526	-4.351877	61.926000
5.155372	0.711718	-4.348457	62.026000
5.166669	0.706667	-4.327688	62.126000
5.177781	0.706812	-4.314462	62.226000
5.188548	0.707567	-4.341356	62.326000
5.200360	0.704052	-4.348207	62.426000
5.210784	0.697093	-4.349867	62.526000
5.223025	0.692087	-4.347015	62.626000
5.233547	0.695319	-4.342625	62.727000
5.244770	0.699474	-4.372013	62.826000
5.255627	0.701958	-4.414543	62.926000
5.267634	0.699902	-4.423003	63.026000
5.277118	0.699792	-4.415181	63.126000
5.289671	0.701862	-4.392783	63.226000
5.300592	0.705717	-4.366589	63.326000
5.310546	0.706722	-4.348307	63.426000
5.322834	0.700951	-4.387558	63.526000
5.331754	0.700242	-4.390308	63.626000
5.332748	0.703724	-4.376447	63.726000
5.330966	0.698389	-4.366998	63.827000
5.326090	0.695117	-4.383797	63.926000
5.324075	0.703160	-4.382884	64.026000
5.317981	0.709687	-4.411285	64.126000
5.312741	0.703129	-4.377932	64.226000
5.307689	0.706226	-4.332176	64.326000
5.301274	0.709222	-4.347694	64.426000
5.294872	0.707653	-4.333348	64.526000
5.288213	0.703248	-4.347733	64.626000
5.280582	0.698233	-4.353411	64.726000
5.273751	0.699795	-4.362297	64.826000
5.266260	0.703966	-4.392102	64.926000
5.259090	0.710149	-4.388527	65.026000
5.251630	0.711943	-4.369581	65.127000
5.243345	0.708185	-4.346045	65.226000
5.235214	0.703811	-4.342864	65.327000
5.227609	0.694828	-4.346710	65.426000
5.219414	0.692729	-4.337253	65.527000
5.211009	0.696219	-4.355028	65.626000
5.202856	0.697416	-4.380880	65.727000
5.194599	0.703135	-4.386297	65.826000
5.185794	0.709683	-4.380314	65.926000
5.176578	0.708191	-4.375045	66.026000
5.169201	0.704122	-4.372532	66.126000
5.159883	0.698817	-4.367669	66.226000
5.150505	0.698514	-4.356069	66.326000
5.142699	0.702954	-4.370629	66.426000
5.132664	0.702104	-4.378092	66.527000
5.124673	0.696208	-4.371578	66.626000
5.116690	0.692502	-4.351730	66.726000
5.105261	0.687443	-4.350611	66.826000
5.095741	0.687356	-4.346959	66.926000
5.087209	0.693106	-4.316526	67.026000
5.079929	0.702003	-4.290713	67.126000
5.070651	0.710586	-4.301491	67.226000
5.059592	0.715623	-4.332657	67.326000
5.050913	0.715913	-4.340403	67.426000
5.042825	0.712551	-4.340114	67.526000
5.034662	0.707257	-4.349651	67.626000
5.025106	0.702744	-4.346395	67.726000
5.015864	0.705380	-4.334740	67.826000
5.005917	0.707054	-4.336785	67.927000
4.995930	0.703514	-4.351707	68.026000
4.986783	0.699790	-4.359112	68.126000
4.977246	0.701906	-4.378516	68.226000
4.969247	0.703847	-4.400640	68.327000
4.959683	0.707128	-4.413999	68.426000
4.948772	0.710904	-4.406892	68.526000
4.937498	0.713600	-4.383648	68.626000
4.929568	0.710201	-4.377116	68.726000
4.921468	0.706186	-4.403220	68.826000
4.910635	0.705210	-4.386133	68.926000
4.899431	0.703506	-4.339884	69.026000
4.892217	0.699660	-4.329805	69.126000
4.881246	0.697306	-4.326318	69.226000
4.870166	0.703687	-4.324890	69.326000
4.863140	0.710627	-4.321234	69.426000
4.853698	0.713916	-4.327831	69.526000
4.840829	0.713827	-4.371779	69.626000
4.833374	0.708735	-4.397949	69.726000
4.821274	0.710436	-4.398104	69.826000
4.814074	0.713525	-4.377432	69.927000
4.802382	0.712444	-4.360033	70.026000
4.793528	0.705430	-4.367701	70.126000
4.784209	0.704011	-4.349026	70.226000
4.773477	0.701936	-4.322215	70.326000
4.762717	0.710022	-4.315504	70.427000
4.752623	0.711113	-4.311465	70.526000
4.743492	0.709989	-4.314954	70.627000
4.733505	0.707197	-4.326669	70.726000
4.723628	0.702193	-4.341577	70.827000
4.713916	0.708463	-4.351408	70.926000
4.704230	0.715725	-4.356101	71.026000
4.694185	0.717980	-4.368959	71.126000
4.684082	0.715120	-4.357266	71.226000
4.673864	0.711917	-4.373294	71.326000
4.664268	0.705699	-4.379412	71.426000
4.653669	0.700229	-4.380843	71.526000
4.643550	0.700929	-4.383625	71.626000
4.633760	0.705878	-4.379371	71.726000
4.623648	0.705417	-4.376217	71.826000
4.613492	0.701827	-4.362171	71.926000
4.603518	0.699679	-4.370115	72.026000
4.593277	0.698064	-4.392011	72.126000
4.583077	0.700648	-4.405693	72.226000
4.573277	0.701853	-4.382032	72.326000
4.562727	0.700651	-4.368639	72.431000
4.552675	0.697940	-4.367802	72.526000
4.543421	0.700452	-4.365875	72.626000
4.532777	0.704349	-4.348959	72.726000
4.523144	0.704367	-4.323421	72.827000
4.512855	0.701617	-4.299542	72.926000
4.502756	0.705263	-4.293169	73.026000
4.492390	0.712880	-4.305382	73.126000
4.482187	0.717197	-4.326026	73.226000
4.471360	0.716649	-4.350590	73.326000
4.460994	0.717140	-4.371396	73.426000
4.450995	0.718582	-4.367414	73.526000
4.440768	0.715882	-4.353229	73.626000
4.430026	0.709551	-4.348845	73.726000
4.419574	0.701612	-4.346838	73.826000
4.410070	0.693328	-4.309139	73.926000
4.399897	0.693779	-4.303951	74.026000
4.389039	0.697882	-4.347520	74.126000
4.378004	0.696393	-4.399262	74.227000
4.368631	0.692372	-4.424606	74.326000
4.357374	0.693364	-4.422006	74.427000
4.347515	0.697822	-4.404046	74.526000
4.336532	0.700492	-4.402880	74.626000
4.325361	0.707062	-4.401053	74.726000
4.316326	0.711160	-4.366807	74.826000
4.306428	0.712143	-4.355789	74.926000
4.292894	0.713895	-4.362905	75.026000
4.285866	0.713382	-4.377414	75.126000
4.272652	0.710027	-4.372615	75.226000
4.264384	0.707220	-4.355864	75.326000
4.252056	0.708585	-4.340947	75.426000
4.243617	0.708530	-4.321317	75.526000
4.229213	0.712979	-4.320596	75.626000
4.222951	0.718092	-4.353235	75.727000
4.210650	0.718136	-4.377830	75.826000
4.198049	0.712239	-4.386694	75.926000
4.190270	0.707447	-4.414261	76.026000
4.180748	0.699004	-4.418143	76.126000
4.168158	0.697096	-4.416155	76.226000
4.154963	0.697286	-4.390037	76.326000
4.145314	0.698851	-4.352340	76.426000
4.136416	0.694831	-4.357419	76.526000
4.125766	0.701827	-4.347297	76.627000
4.114403	0.712300	-4.349865	76.726000
4.103629	0.711519	-4.367843	76.826000
4.093646	0.710233	-4.361932	76.926000
4.081883	0.706258	-4.344262	77.027000
4.071131	0.708915	-4.345487	77.127000
4.062972	0.714988	-4.356974	77.226000
4.054325	0.711450	-4.345757	77.326000
4.043803	0.710598	-4.331840	77.426000
4.030370	0.705392	-4.304032	77.526000
4.018775	0.704831	-4.295661	77.626000
4.011226	0.707343	-4.313633	77.727000
3.997925	0.707920	-4.324009	77.826000
3.989745	0.708720	-4.348564	77.926000
3.975879	0.703898	-4.380941	78.027000
3.968362	0.704389	-4.370623	78.126000
3.956988	0.707288	-4.360640	78.226000
3.945810	0.710942	-4.329278	78.326000
3.934790	0.712913	-4.343022	78.426000
3.923953	0.708926	-4.348434	78.526000
3.913036	0.710192	-4.345226	78.626000
3.902134	0.712039	-4.360333	78.726000
3.891311	0.710220	-4.385476	78.826000
3.880828	0.705177	-4.395506	78.926000
3.869931	0.706890	-4.392116	79.026000
3.858352	0.702867	-4.395538	79.126000
3.846943	0.701827	-4.381894	79.226000
3.839177	0.699973	-4.364479	79.326000
3.827381	0.699179	-4.354912	79.426000
3.815111	0.701194	-4.361896	79.527000
3.803988	0.703141	-4.363943	79.627000
3.794794	0.706629	-4.338483	79.726000
3.783869	0.704115	-4.329011	79.826000
3.771188	0.707095	-4.331659	79.926000
3.761743	0.708703	-4.344890	80.026000
3.751012	0.711734	-4.367087	80.126000
3.738280	0.710843	-4.379314	80.226000
3.729939	0.710762	-4.372623	80.326000
3.716774	0.710282	-4.361577	80.426000
3.708582	0.705757	-4.380291	80.526000
3.694543	0.701344	-4.399127	80.626000
3.685738	0.706159	-4.389663	80.726000
3.672641	0.708613	-4.368438	80.826000
3.664061	0.707028	-4.375257	80.926000
3.650537	0.701573	-4.353514	81.026000
3.643049	0.701102	-4.324690	81.126000
3.628391	0.707269	-4.354357	81.226000
3.621097	0.703362	-4.371126	81.326000
3.606889	0.703267	-4.357378	81.426000
3.598867	0.707549	-4.332014	81.526000
3.586117	0.706733	-4.340437	81.627000
3.577058	0.706499	-4.380394	81.726000
3.563966	0.706396	-4.382578	81.826000
3.555484	0.701799	-4.362202	81.926000
3.542263	0.703420	-4.354315	82.026000
3.533066	0.704661	-4.350130	82.126000
3.522906	0.705343	-4.356732	82.226000
3.509329	0.712337	-4.350772	82.326000
3.499382	0.716060	-4.356171	82.426000
3.488374	0.715988	-4.381320	82.526000
3.477481	0.715612	-4.388848	82.626000
3.465339	0.708103	-4.366359	82.729000
3.456474	0.702227	-4.329575	82.826000
3.443780	0.704777	-4.334641	82.926000
3.433785	0.705509	-4.342354	83.026000
3.422067	0.706939	-4.342420	83.126000
3.411795	0.710762	-4.336524	83.226000
3.399307	0.715795	-4.339453	83.327000
3.388782	0.717441	-4.363664	83.426000
3.377884	0.716811	-4.387452	83.526000
3.367073	0.719640	-4.367030	83.626000
3.356571	0.711287	-4.334510	83.726000
3.345325	0.704778	-4.340555	83.826000
3.332999	0.702157	-4.344372	83.926000
3.322150	0.703758	-4.350166	84.027000
3.311535	0.707813	-4.347298	84.126000
3.299945	0.699577	-4.355643	84.226000
3.288935	0.696821	-4.400789	84.326000
3.277473	0.693663	-4.410893	84.426000
3.266825	0.690043	-4.374537	84.526000
3.255881	0.697390	-4.356405	84.626000
3.243863	0.700693	-4.346884	84.726000
3.233637	0.708844	-4.345396	84.826000
3.221934	0.709306	-4.373098	84.926000
3.211330	0.704024	-4.375479	85.026000
3.199974	0.704835	-4.341566	85.126000
3.188329	0.705181	-4.304036	85.226000
3.177805	0.705250	-4.309417	85.326000
3.165797	0.707190	-4.316464	85.426000
3.155614	0.712143	-4.334488	85.526000
3.143753	0.713038	-4.355875	85.626000
3.132395	0.712134	-4.368739	85.727000
3.121721	0.710035	-4.363008	85.826000
3.110494	0.708027	-4.348985	85.926000
3.099328	0.704642	-4.341369	86.026000
3.088469	0.703514	-4.330908	86.126000
3.077206	0.705341	-4.331130	86.226000
3.066104	0.701529	-4.325697	86.326000
3.055659	0.705647	-4.318259	86.426000
3.044417	0.708719	-4.344955	86.526000
3.033148	0.707566	-4.342351	86.626000
3.021938	0.711162	-4.335606	86.726000
3.010214	0.709516	-4.359633	86.826000
2.999804	0.707773	-4.391386	86.926000
2.988112	0.705512	-4.404497	87.026000
2.976311	0.705335	-4.402013	87.127000
2.966384	0.708672	-4.390889	87.226000
2.954096	0.706984	-4.378224	87.326000
2.941758	0.706971	-4.375983	87.426000
2.932301	0.709346	-4.394740	87.526000
2.924561	0.707925	-4.359023	87.626000
2.911327	0.704221	-4.342413	87.726000
2.899005	0.696095	-4.366390	87.826000
2.890411	0.691516	-4.375477	87.926000
2.877055	0.697201	-4.366489	88.026000
2.866099	0.705965	-4.357963	88.126000
2.852773	0.711403	-4.359642	88.226000
2.842554	0.709576	-4.363099	88.326000
2.831628	0.705235	-4.354324	88.426000
2.819887	0.704604	-4.345871	88.526000
2.808138	0.705786	-4.339921	88.627000
2.797403	0.709182	-4.337701	88.726000
2.786265	0.708183	-4.312488	88.827000
2.774687	0.704069	-4.324913	88.926000
2.763690	0.703605	-4.364547	89.026000
2.752208	0.706624	-4.382888	89.127000
2.740380	0.710075	-4.363630	89.226000
2.729188	0.708687	-4.349688	89.326000
2.718337	0.707868	-4.335916	89.426000
2.706913	0.710822	-4.323775	89.526000
2.695734	0.709297	-4.312661	89.627000
2.684868	0.713936	-4.304260	89.726000
2.671966	0.717463	-4.347434	89.826000
2.662786	0.712678	-4.378515	89.926000
2.647253	0.711496	-4.384831	90.026000
2.636937	0.716274	-4.372539	90.126000
2.628343	0.715937	-4.380535	90.226000
2.616040	0.711588	-4.377662	90.326000
2.605966	0.709166	-4.373780	90.426000
2.593031	0.707285	-4.353913	90.526000
2.581264	0.706378	-4.342387	90.626000
2.571615	0.703574	-4.335081	90.727000
2.559624	0.701734	-4.335446	90.826000
2.547977	0.704122	-4.342449	90.926000
2.536110	0.712672	-4.336263	91.026000
2.525035	0.711644	-4.333676	91.127000
2.513776	0.707266	-4.324764	91.226000
2.502308	0.711547	-4.316356	91.326000
2.491008	0.712559	-4.332429	91.426000
2.479575	0.706272	-4.361516	91.526000
2.468787	0.703208	-4.372278	91.626000
2.457700	0.696985	-4.369179	91.727000
2.444194	0.696235	-4.372761	91.827000
2.435508	0.701931	-4.366920	91.926000
2.424329	0.706774	-4.356208	92.026000
2.409794	0.708884	-4.375203	92.126000
2.401640	0.706158	-4.398177	92.226000
2.387229	0.706060	-4.412348	92.326000
2.376493	0.706864	-4.425682	92.426000
2.365168	0.707342	-4.432869	92.526000
2.354934	0.707461	-4.405682	92.626000
2.342056	0.711400	-4.373950	92.726000
2.331080	0.708407	-4.393091	92.826000
2.319724	0.703571	-4.392217	92.926000
2.308412	0.701861	-4.379003	93.026000
2.296993	0.706089	-4.355913	93.126000
2.284698	0.709725	-4.351673	93.226000
2.274143	0.706920	-4.350580	93.326000
2.261854	0.707592	-4.354728	93.426000
2.250241	0.710292	-4.368567	93.526000
2.238764	0.712513	-4.373779	93.626000
2.228595	0.709418	-4.349736	93.726000
2.216668	0.703717	-4.331982	93.826000
2.204727	0.704716	-4.350790	93.926000
2.192958	0.706681	-4.371093	94.026000
2.182176	0.704774	-4.373728	94.126000
2.170471	0.700604	-4.383903	94.226000
2.158857	0.698100	-4.368586	94.326000
2.147115	0.703537	-4.372494	94.426000
2.135899	0.703350	-4.389680	94.526000
2.124518	0.705501	-4.389156	94.626000
2.113029	0.711463	-4.367028	94.726000
2.102176	0.712290	-4.358704	94.826000
2.090326	0.711378	-4.352317	94.926000
2.079116	0.706889	-4.349638	95.026000
2.067349	0.700961	-4.358509	95.126000
2.056147	0.700217	-4.373657	95.226000
2.044079	0.700627	-4.401995	95.326000
2.032663	0.704572	-4.421274	95.426000
2.023078	0.708070	-4.397505	95.526000
2.010540	0.711691	-4.375337	95.626000
1.999606	0.711560	-4.363776	95.726000
1.987828	0.704310	-4.350103	95.826000
1.976708	0.706143	-4.345469	95.926000
1.965082	0.716240	-4.377637	96.026000
1.953275	0.726115	-4.379218	96.127000
1.941975	0.728899	-4.385386	96.226000
1.930549	0.722040	-4.383439	96.326000
1.918899	0.721083	-4.379241	96.426000
1.907480	0.716929	-4.378904	96.526000
1.895768	0.711317	-4.380185	96.626000
1.884280	0.706815	-4.402460	96.726000
1.872903	0.706501	-4.406721	96.826000
1.860512	0.705809	-4.399980	96.926000
1.849780	0.709826	-4.391871	97.026000
1.838619	0.710823	-4.381843	97.126000
1.826280	0.712233	-4.378173	97.226000
1.815633	0.712415	-4.391358	97.326000
1.803744	0.709846	-4.371680	97.426000
1.792420	0.705808	-4.376144	97.526000
1.780836	0.701757	-4.381991	97.626000
1.769274	0.703109	-4.383485	97.726000
1.757135	0.702000	-4.391481	97.826000
1.745540	0.699125	-4.403060	97.926000
1.734110	0.701340	-4.408548	98.026000
1.722402	0.702334	-4.407180	98.126000
1.711201	0.701375	-4.408380	98.226000
1.699242	0.705654	-4.417369	98.326000
1.687626	0.715236	-4.414265	98.426000
1.676059	0.712050	-4.415420	98.527000
1.664799	0.704610	-4.414263	98.626000
1.653200	0.707181	-4.393928	98.726000
1.641557	0.713606	-4.370765	98.826000
1.629994	0.720385	-4.375103	98.926000
1.618090	0.720702	-4.365271	99.026000
1.606434	0.715306	-4.343246	99.126000
1.595205	0.718417	-4.341096	99.226000
1.583754	0.721233	-4.362234	99.326000
1.572093	0.713801	-4.356709	99.426000
1.560739	0.711502	-4.336300	99.527000
1.549339	0.708405	-4.315657	99.626000
1.537722	0.707102	-4.320514	99.726000
1.526070	0.707381	-4.347528	99.827000
1.514514	0.703150	-4.340098	99.926000
1.503257	0.699582	-4.331595	100.026000
1.491833	0.698377	-4.329582	100.126000
1.480392	0.701676	-4.341738	100.226000
1.468373	0.709821	-4.371828	100.326000
1.457418	0.711890	-4.395854	100.427000
1.445730	0.711902	-4.371939	100.526000
1.434065	0.712800	-4.349273	100.626000
1.422548	0.717428	-4.375317	100.726000
1.410863	0.715531	-4.403793	100.826000
1.399236	0.707946	-4.417826	100.926000
1.387599	0.708512	-4.417589	101.026000
1.376069	0.708694	-4.376484	101.127000
1.364312	0.705913	-4.375043	101.226000
1.352577	0.707493	-4.378051	101.326000
1.341062	0.711431	-4.389693	101.426000
1.329623	0.709064	-4.369250	101.526000
1.317786	0.709970	-4.360845	101.627000
1.306356	0.709514	-4.368968	101.726000
1.294730	0.708519	-4.356747	101.826000
1.282802	0.709863	-4.357217	101.926000
1.271300	0.705784	-4.385647	102.026000
1.259803	0.704068	-4.388930	102.126000
1.248292	0.709357	-4.373843	102.226000
1.236672	0.709204	-4.397311	102.327000
1.224663	0.709778	-4.398743	102.426000
1.213024	0.713241	-4.410031	102.526000
1.201450	0.714645	-4.414386	102.626000
1.189803	0.712204	-4.407973	102.726000
1.178339	0.710480	-4.399118	102.826000
1.166245	0.707403	-4.373016	102.926000
1.154633	0.705913	-4.339786	103.026000
1.143055	0.710046	-4.322828	103.126000
1.131581	0.713930	-4.338260	103.226000
1.119871	0.711767	-4.346322	103.327000
1.108314	0.706869	-4.362241	103.426000
1.096410	0.703142	-4.381005	103.526000
1.084596	0.700736	-4.375830	103.626000
1.072864	0.707852	-4.401594	103.726000
1.061421	0.710800	-4.416288	103.826000
1.049917	0.711119	-4.386673	103.926000
1.038122	0.710171	-4.374447	104.026000
1.026701	0.702566	-4.372729	104.126000
1.015121	0.698124	-4.385535	104.226000
1.003530	0.697664	-4.382786	104.326000
0.992452	0.705988	-4.369124	104.426000
0.980752	0.711208	-4.356098	104.526000
0.968940	0.715933	-4.343166	104.627000
0.957758	0.713436	-4.347092	104.726000
0.946290	0.715803	-4.347370	104.826000
0.934533	0.710488	-4.353381	104.926000
0.923320	0.716009	-4.353140	105.026000
0.911795	0.721287	-4.354570	105.126000
0.899795	0.723904	-4.361032	105.226000
0.887782	0.718274	-4.359526	105.326000
0.876361	0.710433	-4.348099	105.426000
0.865019	0.707150	-4.371398	105.526000
0.853628	0.707323	-4.385188	105.626000
0.841985	0.709324	-4.370698	105.726000
0.829989	0.711028	-4.360082	105.826000
0.818164	0.714493	-4.369022	105.926000
0.806332	0.715025	-4.385499	106.026000
0.794842	0.711712	-4.412340	106.126000
0.783449	0.708668	-4.400343	106.226000
0.771913	0.709783	-4.359354	106.326000
0.760149	0.711340	-4.349737	106.426000
0.748510	0.711041	-4.347767	106.526000
0.736739	0.713547	-4.356696	106.626000
0.725345	0.716395	-4.360737	106.726000
0.713902	0.719642	-4.374235	106.826000
0.702051	0.713555	-4.385918	106.926000
0.690087	0.710723	-4.403196	107.026000
0.678570	0.707780	-4.418713	107.126000
0.666766	0.703118	-4.393637	107.226000
0.655237	0.708560	-4.394909	107.326000
0.643814	0.710420	-4.395579	107.426000
0.631925	0.711291	-4.377819	107.526000
0.620336	0.703351	-4.397192	107.626000
0.608724	0.699744	-4.400213	107.726000
0.597164	0.700712	-4.383469	107.826000
0.585847	0.700129	-4.379157	107.926000
0.574362	0.702120	-4.375528	108.026000
0.562384	0.706417	-4.360281	108.126000
0.550445	0.707083	-4.362535	108.226000
0.538931	0.707005	-4.359128	108.326000
0.527374	0.706933	-4.342780	108.426000
0.515912	0.708641	-4.338379	108.526000
0.504289	0.709991	-4.328986	108.626000
0.492601	0.709922	-4.316016	108.726000
0.481281	0.714789	-4.318962	108.826000
0.469640	0.716642	-4.345756	108.926000
0.458090	0.712944	-4.382937	109.026000
0.446697	0.711843	-4.409134	109.126000
0.435345	0.712268	-4.427078	109.226000
0.423793	0.710399	-4.426917	109.326000
0.412474	0.715154	-4.413156	109.426000
0.400844	0.719538	-4.428484	109.526000
0.389328	0.716979	-4.440001	109.626000
0.377941	0.719735	-4.417112	109.726000
0.366062	0.722093	-4.383171	109.826000
0.354256	0.719323	-4.379912	109.926000
0.342649	0.718390	-4.380386	110.026000
0.331088	0.717678	-4.375828	110.127000
0.319747	0.714742	-4.362239	110.227000
0.308129	0.713837	-4.365365	110.326000
0.296374	0.708106	-4.379679	110.426000
0.284860	0.700771	-4.389819	110.526000
0.273295	0.701742	-4.382162	110.626000
0.261900	0.699235	-4.381952	110.726000
0.250693	0.698467	-4.391059	110.826000
0.238723	0.702270	-4.390928	110.926000
0.226839	0.700856	-4.358252	111.027000
0.215318	0.701042	-4.344205	111.126000
0.203693	0.703861	-4.347731	111.226000
0.192250	0.710737	-4.366858	111.326000
0.180884	0.719028	-4.392535	111.426000
0.168920	0.717965	-4.388206	111.526000
0.157203	0.714128	-4.374850	111.626000
0.145266	0.715177	-4.383433	111.727000
0.133818	0.720752	-4.389530	111.826000
0.122667	0.717392	-4.350777	111.926000
0.111088	0.710426	-4.311238	112.026000
0.099169	0.710807	-4.288699	112.127000
0.087586	0.704049	-4.309302	112.226000
0.075965	0.700064	-4.348440	112.326000
0.064352	0.697919	-4.376814	112.426000
0.053013	0.700651	-4.380686	112.526000
0.041387	0.702056	-4.402844	112.626000
0.029271	0.701650	-4.407503	112.726000
0.018028	0.701736	-4.371228	112.826000
0.006303	0.704435	-4.339422	112.926000
-0.004950	0.709855	-4.345503	113.026000
-0.016338	0.709478	-4.373503	113.127000
-0.028064	0.708054	-4.365334	113.226000
-0.039476	0.708010	-4.340246	113.326000
-0.050877	0.708845	-4.336863	113.426000
-0.062242	0.711687	-4.334589	113.526000
-0.072251	0.706363	-4.335290	113.626000
-0.078179	0.701287	-4.361423	113.727000
-0.082562	0.701123	-4.383252	113.826000
-0.086051	0.701556	-4.409795	113.926000
-0.089270	0.703073	-4.431015	114.026000
-0.092144	0.702663	-4.428633	114.126000
-0.094450	0.704610	-4.407256	114.226000
-0.097002	0.705171	-4.394344	114.326000
-0.098752	0.704563	-4.394534	114.426000
-0.100773	0.697754	-4.363001	114.526000
-0.102370	0.696446	-4.338642	114.626000
-0.103944	0.702603	-4.351199	114.726000
-0.105510	0.706790	-4.358247	114.826000
-0.106917	0.709022	-4.373363	114.926000
-0.108378	0.707808	-4.377765	115.026000
-0.109498	0.704319	-4.368387	115.126000
-0.110485	0.702117	-4.379034	115.226000
-0.111702	0.708777	-4.411418	115.326000
-0.112844	0.713044	-4.419420	115.426000
-0.113689	0.716227	-4.408295	115.526000
-0.114694	0.709330	-4.393984	115.626000
-0.115601	0.701330	-4.373138	115.726000
-0.116471	0.698937	-4.384485	115.826000
-0.117418	0.704036	-4.380840	115.926000
-0.118054	0.710828	-4.363402	116.026000
-0.118884	0.708776	-4.360441	116.126000
-0.119601	0.706870	-4.370611	116.226000
-0.120054	0.709908	-4.357398	116.326000
-0.120714	0.714315	-4.362581	116.427000
-0.121153	0.715409	-4.397660	116.526000
-0.121866	0.712736	-4.411307	116.627000
-0.122395	0.713164	-4.384017	116.726000
-0.123105	0.712857	-4.365211	116.826000
-0.123590	0.707709	-4.365340	116.926000
-0.124160	0.701735	-4.378681	117.026000
-0.124727	0.703260	-4.395902	117.126000
-0.125182	0.714226	-4.399607	117.226000
-0.125298	0.719307	-4.407252	117.326000
-0.125839	0.711755	-4.392985	117.426000
-0.126367	0.704293	-4.382209	117.527000
