-0.791355	0.120803	-5.872996	8.492000
-0.790701	0.118673	-5.955381	8.592000
-0.790644	0.117895	-5.971008	8.692000
-0.790819	0.120134	-5.868671	8.792000
-0.790560	0.116711	-5.827185	8.892000
-0.790846	0.116550	-5.645513	8.992000
-0.790489	0.113850	-5.522505	9.092000
-0.790599	0.115261	-5.550429	9.192000
-0.790545	0.114767	-5.562716	9.303000
-0.790632	0.111001	-5.573670	9.392000
-0.790570	0.108357	-5.688065	9.492000
-0.790708	0.106413	-5.764022	9.593000
-0.790577	0.110102	-5.741685	9.692000
-0.790788	0.111113	-5.745158	9.792000
-0.790991	0.116322	-5.715215	9.892000
-0.790622	0.119615	-5.674260	9.992000
-0.790677	0.114029	-5.666971	10.092000
-0.790720	0.117651	-5.600594	10.192000
-0.790603	0.120000	-5.676227	10.292000
-0.790620	0.111215	-5.743969	10.392000
-0.790743	0.105236	-5.795083	10.492000
-0.790705	0.110844	-5.775477	10.592000
-0.790857	0.116714	-5.745852	10.692000
-0.790622	0.119927	-5.650792	10.792000
-0.790579	0.122591	-5.526527	10.892000
-0.790601	0.122216	-5.432509	10.992000
-0.790919	0.120588	-5.473644	11.092000
-0.790864	0.120386	-5.594162	11.192000
-0.790861	0.119225	-5.708161	11.292000
-0.790921	0.120239	-5.782282	11.392000
-0.790948	0.119494	-5.767767	11.492000
-0.790819	0.115006	-5.716954	11.592000
-0.790402	0.117464	-5.784679	11.692000
-0.786387	0.119634	-5.827344	11.792000
-0.780200	0.118894	-5.678368	11.892000
-0.773206	0.120884	-5.534834	11.992000
-0.765968	0.124719	-5.636346	12.092000
-0.758262	0.134367	-5.944987	12.192000
-0.750718	0.136688	-6.052240	12.292000
-0.742707	0.136283	-5.967151	12.392000
-0.734163	0.134736	-5.848681	12.492000
-0.725768	0.131146	-5.785002	12.592000
-0.716845	0.129717	-5.711126	12.692000
-0.707641	0.121262	-5.724406	12.792000
-0.699124	0.116328	-5.734429	12.892000
-0.690241	0.116258	-5.715103	12.992000
-0.681346	0.116175	-5.682776	13.092000
-0.672389	0.115860	-5.663953	13.192000
-0.663005	0.118240	-5.746212	13.292000
-0.653876	0.122329	-5.860791	13.392000
-0.644986	0.121995	-6.114542	13.492000
-0.635473	0.118849	-6.212406	13.592000
-0.626223	0.110462	-6.107720	13.692000
-0.616899	0.111902	-6.022792	13.792000
-0.606804	0.119642	-5.947568	13.892000
-0.597378	0.126489	-5.850204	13.992000
-0.588094	0.124067	-5.911974	14.092000
-0.578356	0.121252	-5.990396	14.192000
-0.569113	0.125365	-5.926613	14.292000
-0.559520	0.125938	-5.868986	14.392000
-0.549602	0.127829	-5.825838	14.492000
-0.539912	0.128011	-5.769493	14.592000
-0.530095	0.128665	-5.812596	14.692000
-0.520365	0.127299	-5.759609	14.792000
-0.510858	0.123498	-5.772499	14.892000
-0.500846	0.125212	-5.809059	14.992000
-0.490684	0.130232	-5.886797	15.092000
-0.481214	0.128981	-5.997209	15.192000
-0.471379	0.126720	-6.062715	15.292000
-0.461497	0.123227	-5.985626	15.392000
-0.451643	0.125629	-5.838033	15.492000
-0.441608	0.126205	-5.809992	15.592000
-0.431378	0.124769	-5.868072	15.692000
-0.421664	0.121172	-5.851168	15.792000
-0.411896	0.123570	-5.766742	15.892000
-0.401982	0.124114	-5.714782	15.992000
-0.391959	0.123486	-5.796028	16.092000
-0.382299	0.120968	-5.945245	16.192000
-0.372163	0.120385	-5.986702	16.292000
-0.362296	0.123773	-6.019416	16.392000
-0.352299	0.121816	-6.008536	16.492000
-0.342253	0.122477	-5.982991	16.592000
-0.332248	0.126259	-6.010197	16.692000
-0.321930	0.130678	-6.120631	16.792000
-0.312139	0.134149	-6.144769	16.892000
-0.302128	0.130848	-6.060793	16.992000
-0.291796	0.127394	-5.871295	17.093000
-0.281670	0.126377	-5.715283	17.192000
-0.271068	0.125329	-5.646007	17.292000
-0.260524	0.125819	-5.585451	17.392000
-0.250594	0.120942	-5.593488	17.492000
-0.240273	0.115808	-5.663353	17.592000
-0.230130	0.117447	-5.694283	17.692000
-0.219734	0.121429	-5.730566	17.793000
-0.209428	0.128521	-5.745465	17.892000
-0.198960	0.128102	-5.799911	17.992000
-0.188866	0.123896	-5.896537	18.092000
-0.178598	0.120660	-5.916733	18.192000
-0.168386	0.118821	-5.840448	18.292000
-0.157517	0.117449	-5.807747	18.392000
-0.147041	0.120809	-5.877532	18.492000
-0.136639	0.119258	-5.829233	18.592000
-0.126438	0.118416	-5.830689	18.692000
-0.116169	0.119266	-5.930341	18.792000
-0.105631	0.120301	-5.889633	18.892000
-0.094709	0.119477	-5.880579	18.992000
-0.084203	0.120378	-5.941008	19.092000
-0.074132	0.121516	-5.997775	19.192000
-0.063645	0.119685	-5.846059	19.292000
-0.053345	0.119732	-5.763249	19.392000
-0.042834	0.123188	-5.810394	19.492000
-0.031834	0.121996	-5.866111	19.592000
-0.021365	0.121092	-5.803888	19.692000
-0.010672	0.120371	-5.735587	19.792000
-0.000024	0.117039	-5.755049	19.892000
0.010112	0.116682	-5.817464	19.992000
0.020539	0.120187	-5.929329	20.092000
0.031511	0.126773	-5.959750	20.192000
0.042521	0.131821	-6.082291	20.292000
0.052730	0.128503	-6.152483	20.392000
0.063252	0.123762	-6.089865	20.492000
0.073805	0.123276	-6.049160	20.592000
0.084528	0.124785	-5.992141	20.692000
0.094896	0.123537	-5.934361	20.792000
0.105449	0.127275	-5.931092	20.892000
0.116085	0.131815	-6.015642	20.992000
0.126718	0.127678	-6.057354	21.092000
0.137194	0.121614	-5.946457	21.192000
0.147777	0.123433	-5.890794	21.292000
0.158651	0.121103	-5.856041	21.392000
0.169200	0.122024	-5.820852	21.492000
0.179827	0.124329	-5.852740	21.592000
0.190521	0.121071	-5.984966	21.692000
0.200994	0.122951	-5.965647	21.792000
0.212102	0.125983	-5.903253	21.892000
0.222919	0.124358	-5.946387	21.992000
0.233410	0.120887	-6.026748	22.092000
0.243985	0.119746	-6.061512	22.192000
0.255121	0.121207	-5.899349	22.292000
0.265693	0.126637	-5.794969	22.392000
0.276558	0.126690	-5.742271	22.492000
0.287464	0.124447	-5.747279	22.592000
0.298025	0.122788	-5.777438	22.692000
0.309023	0.119037	-5.785033	22.792000
0.319907	0.118712	-5.756894	22.892000
0.330856	0.127797	-5.809147	22.992000
0.341900	0.127591	-5.801756	23.092000
0.352643	0.123696	-5.765939	23.192000
0.363480	0.125501	-5.746341	23.292000
0.373931	0.127579	-5.737619	23.392000
0.384888	0.127846	-5.764879	23.492000
0.395993	0.130116	-5.813004	23.592000
0.407206	0.126955	-5.831883	23.692000
0.417791	0.126811	-5.783135	23.792000
0.428746	0.128947	-5.817968	23.892000
0.439989	0.128140	-5.906721	23.992000
0.450967	0.127492	-5.790054	24.092000
0.462092	0.128367	-5.669111	24.192000
0.472753	0.125766	-5.706855	24.292000
0.483718	0.123091	-5.866857	24.392000
0.494342	0.121823	-5.997619	24.492000
0.505263	0.123696	-6.030791	24.592000
0.516559	0.125716	-5.961207	24.692000
0.527470	0.129648	-5.861326	24.792000
0.538512	0.128170	-5.777336	24.892000
0.549309	0.122658	-5.783235	24.992000
0.560436	0.117396	-5.805179	25.093000
0.571346	0.116299	-5.741842	25.192000
0.582047	0.120426	-5.778894	25.292000
0.592693	0.124815	-5.782626	25.392000
0.603828	0.126358	-5.771124	25.492000
0.614785	0.123934	-5.805547	25.592000
0.625553	0.127508	-5.928345	25.692000
0.636217	0.127576	-5.909566	25.792000
0.647595	0.124879	-5.873852	25.892000
0.658378	0.128026	-5.825445	25.992000
0.669484	0.136008	-5.835195	26.092000
0.680584	0.134388	-5.924657	26.192000
0.691400	0.130465	-6.020657	26.292000
0.702503	0.128845	-6.141349	26.392000
0.713663	0.130533	-6.035686	26.492000
0.725285	0.135768	-5.955227	26.592000
0.736034	0.138002	-6.105377	26.692000
0.746807	0.136509	-6.236751	26.792000
0.757989	0.136733	-6.073094	26.892000
0.769311	0.138089	-5.932784	26.992000
0.780403	0.144725	-5.897742	27.092000
0.791541	0.144863	-5.897812	27.192000
0.802261	0.145565	-5.831046	27.292000
0.813289	0.149785	-5.783046	27.392000
0.824934	0.155806	-5.836740	27.492000
0.836371	0.159705	-5.888724	27.592000
0.847428	0.165412	-5.951770	27.692000
0.858337	0.174650	-6.151151	27.792000
0.869413	0.183834	-6.217033	27.892000
0.880413	0.189239	-6.270458	27.992000
0.891355	0.199692	-6.283058	28.092000
0.902568	0.213845	-6.310463	28.192000
0.913494	0.234669	-6.363920	28.292000
0.924735	0.261562	-6.442507	28.393000
0.935681	0.295722	-6.457577	28.492000
0.946870	0.334389	-6.466196	28.592000
0.957832	0.359264	-6.525538	28.692000
0.969352	0.378582	-6.563372	28.792000
0.980749	0.394476	-6.589318	28.893000
0.991508	0.398120	-6.632709	28.992000
1.002747	0.397229	-6.653614	29.092000
1.013568	0.398968	-6.629285	29.192000
1.025248	0.396542	-6.643309	29.292000
1.036528	0.390782	-6.692082	29.392000
1.047948	0.377263	-6.706406	29.492000
1.058723	0.365092	-6.672330	29.592000
1.070255	0.364310	-6.665310	29.692000
1.081363	0.361292	-6.635418	29.792000
1.092340	0.356429	-6.536418	29.892000
1.103511	0.354008	-6.503864	29.992000
1.115181	0.348676	-6.486008	30.092000
1.125873	0.338881	-6.492617	30.192000
1.137305	0.326866	-6.497101	30.293000
1.148296	0.319010	-6.515112	30.392000
1.159158	0.322370	-6.526042	30.492000
1.170730	0.322435	-6.530342	30.592000
1.181422	0.316349	-6.538573	30.692000
1.192576	0.312004	-6.539076	30.792000
1.204523	0.315727	-6.506153	30.892000
1.215046	0.319788	-6.508318	30.992000
1.227088	0.321309	-6.521107	31.092000
1.237667	0.317947	-6.528516	31.192000
1.249335	0.317326	-6.588663	31.292000
1.260126	0.314722	-6.586056	31.392000
1.271231	0.313720	-6.576681	31.492000
1.282862	0.315175	-6.580006	31.592000
1.294313	0.314790	-6.592073	31.692000
1.305556	0.311527	-6.554245	31.792000
1.316599	0.305375	-6.499809	31.892000
1.328287	0.303403	-6.469914	31.992000
1.339316	0.305489	-6.541642	32.092000
1.351591	0.307498	-6.602813	32.192000
1.361816	0.309627	-6.581267	32.292000
1.374099	0.311038	-6.522455	32.392000
1.384950	0.307072	-6.458507	32.492000
1.395457	0.300754	-6.466933	32.592000
1.407698	0.296763	-6.481904	32.692000
1.419045	0.296253	-6.470474	32.792000
1.430134	0.294474	-6.466029	32.892000
1.441603	0.293392	-6.455228	32.992000
1.452327	0.298796	-6.429040	33.092000
1.464427	0.299252	-6.453475	33.192000
1.475471	0.297539	-6.488462	33.292000
1.487157	0.300441	-6.508402	33.392000
1.498769	0.298948	-6.571022	33.492000
1.509229	0.295223	-6.581236	33.592000
1.520698	0.292438	-6.585824	33.692000
1.531974	0.293141	-6.634879	33.792000
1.543076	0.287030	-6.626922	33.892000
1.554594	0.288993	-6.581162	33.992000
1.566038	0.297615	-6.548660	34.092000
1.576801	0.297187	-6.529048	34.192000
1.588548	0.293907	-6.489719	34.292000
1.599789	0.291144	-6.446165	34.392000
1.611106	0.289250	-6.438741	34.492000
1.623038	0.292233	-6.532773	34.592000
1.634204	0.291568	-6.595724	34.692000
1.645711	0.293459	-6.529638	34.792000
1.656727	0.288416	-6.477889	34.892000
1.667856	0.281820	-6.474120	34.992000
1.679648	0.284399	-6.459881	35.092000
1.690645	0.290690	-6.416069	35.192000
1.701898	0.293349	-6.416599	35.292000
1.713330	0.289380	-6.519419	35.392000
1.724578	0.281850	-6.644277	35.492000
1.736370	0.275386	-6.635100	35.592000
1.747403	0.281147	-6.536494	35.692000
1.759415	0.288624	-6.492532	35.792000
1.769855	0.285100	-6.461550	35.892000
1.782578	0.281841	-6.423654	35.992000
1.793931	0.283693	-6.419800	36.092000
1.804495	0.292203	-6.428216	36.192000
1.816849	0.295331	-6.442249	36.292000
1.826532	0.299125	-6.503242	36.392000
1.837878	0.297701	-6.580731	36.492000
1.849411	0.296385	-6.565885	36.592000
1.862028	0.300825	-6.497161	36.692000
1.872271	0.296973	-6.466777	36.792000
1.884334	0.292612	-6.460554	36.892000
1.895349	0.291436	-6.446830	36.992000
1.906532	0.291342	-6.444470	37.092000
1.917744	0.291511	-6.446036	37.192000
1.929503	0.291422	-6.452795	37.292000
1.940977	0.295015	-6.435575	37.392000
1.952286	0.296374	-6.473856	37.492000
1.963510	0.295437	-6.492743	37.592000
1.974867	0.292389	-6.457555	37.692000
1.985724	0.287661	-6.434783	37.792000
1.997263	0.285900	-6.424976	37.892000
2.008623	0.284011	-6.479979	37.992000
2.019674	0.283337	-6.519995	38.092000
2.031567	0.277055	-6.552737	38.192000
2.042281	0.279379	-6.504230	38.292000
2.053697	0.283700	-6.469289	38.392000
2.064875	0.283929	-6.503697	38.492000
2.077365	0.283585	-6.544345	38.592000
2.088155	0.285098	-6.587371	38.692000
2.097724	0.284042	-6.604821	38.792000
2.109694	0.285662	-6.561833	38.892000
2.120845	0.285328	-6.510054	38.992000
2.131814	0.281141	-6.508381	39.092000
2.144907	0.271343	-6.490925	39.192000
2.156641	0.264179	-6.478227	39.292000
2.166625	0.265757	-6.508493	39.392000
2.178975	0.266214	-6.558540	39.492000
2.189677	0.267716	-6.633189	39.592000
2.200798	0.272240	-6.619959	39.692000
2.211676	0.276682	-6.513829	39.792000
2.223842	0.278687	-6.483426	39.892000
2.234716	0.278539	-6.461370	39.992000
2.246401	0.274024	-6.460557	40.092000
2.258064	0.275172	-6.407725	40.192000
2.269357	0.276344	-6.447032	40.292000
2.280233	0.275306	-6.541204	40.392000
2.292349	0.278780	-6.594671	40.493000
2.303195	0.280882	-6.600369	40.592000
2.314425	0.284630	-6.548747	40.692000
2.326599	0.287789	-6.491948	40.792000
2.337377	0.285516	-6.466512	40.892000
2.349143	0.286306	-6.454369	40.992000
2.359855	0.286354	-6.428433	41.092000
2.371805	0.285539	-6.378732	41.192000
2.382534	0.283340	-6.351497	41.292000
2.395352	0.283941	-6.252388	41.392000
2.406866	0.292818	-6.196893	41.492000
2.418076	0.298611	-6.173789	41.592000
2.428693	0.305534	-6.158981	41.692000
2.440187	0.308645	-6.136483	41.792000
2.450882	0.306499	-6.092000	41.892000
2.462341	0.305199	-5.990976	41.992000
2.476909	0.304457	-5.955349	42.092000
2.486199	0.308193	-5.915000	42.192000
2.495570	0.316464	-5.838734	42.292000
2.511409	0.326145	-5.794426	42.392000
2.517750	0.335269	-5.785348	42.492000
2.533794	0.341851	-5.766484	42.592000
2.541922	0.349770	-5.746508	42.692000
2.555469	0.358463	-5.738352	42.792000
2.565772	0.363896	-5.727132	42.892000
2.577466	0.364924	-5.665153	42.992000
2.588638	0.377118	-5.620799	43.092000
2.603327	0.385914	-5.627189	43.192000
2.610221	0.396537	-5.594889	43.292000
2.620509	0.403103	-5.541535	43.392000
2.634040	0.411928	-5.495518	43.492000
2.646957	0.421244	-5.531172	43.592000
2.658549	0.427190	-5.551039	43.692000
2.669161	0.432577	-5.510252	43.792000
2.680171	0.440196	-5.480588	43.892000
2.690979	0.452713	-5.465022	43.992000
2.701041	0.463438	-5.418788	44.092000
2.711483	0.470193	-5.357913	44.192000
2.722756	0.474199	-5.319998	44.292000
2.735727	0.483886	-5.303860	44.392000
2.750060	0.497068	-5.269030	44.492000
2.758596	0.504765	-5.219442	44.592000
2.768896	0.504458	-5.181987	44.692000
2.783726	0.502352	-5.176888	44.792000
2.795112	0.502919	-5.140424	44.892000
2.803519	0.503185	-5.099149	44.992000
2.815460	0.509171	-5.083258	45.092000
2.829624	0.518662	-5.082199	45.192000
2.838552	0.528433	-5.074564	45.292000
2.848625	0.533165	-5.060247	45.392000
2.864273	0.537428	-5.045017	45.492000
2.872070	0.542010	-5.075270	45.592000
2.883129	0.547396	-5.065428	45.692000
2.895690	0.549699	-5.037612	45.793000
2.907900	0.549798	-5.023468	45.892000
2.920276	0.553925	-5.007692	45.992000
2.932447	0.557553	-4.985504	46.092000
2.944082	0.561250	-4.973645	46.192000
2.954658	0.559670	-4.973202	46.292000
2.965290	0.558624	-4.973797	46.392000
2.977654	0.558020	-4.941908	46.492000
2.988892	0.560953	-4.948125	46.592000
3.000988	0.564630	-4.946499	46.692000
3.012136	0.565883	-4.892827	46.792000
3.022267	0.562360	-4.846116	46.892000
3.032374	0.559298	-4.826611	46.992000
3.044059	0.563405	-4.807621	47.092000
3.055595	0.570003	-4.821308	47.192000
3.067064	0.574920	-4.810962	47.292000
3.078068	0.577324	-4.826126	47.392000
3.088723	0.575548	-4.842578	47.492000
3.101843	0.573756	-4.848701	47.592000
3.114886	0.572946	-4.854737	47.692000
3.124732	0.569466	-4.821273	47.792000
3.135080	0.577944	-4.794072	47.892000
3.148377	0.588017	-4.802188	47.992000
3.157465	0.586239	-4.806498	48.092000
3.169637	0.582363	-4.810682	48.192000
3.181419	0.579865	-4.814864	48.292000
3.192655	0.581743	-4.817045	48.392000
3.203982	0.582267	-4.816959	48.492000
3.215043	0.582963	-4.808717	48.592000
3.226474	0.583991	-4.817696	48.692000
3.236726	0.582026	-4.820306	48.792000
3.248711	0.581491	-4.829800	48.892000
3.260898	0.582199	-4.807326	48.992000
3.272031	0.582208	-4.784026	49.092000
3.283353	0.576308	-4.755852	49.192000
3.295248	0.571868	-4.744758	49.292000
3.306670	0.574958	-4.721928	49.393000
3.317906	0.579466	-4.704248	49.492000
3.329398	0.586047	-4.747575	49.592000
3.340239	0.591386	-4.790073	49.692000
3.351707	0.590735	-4.801170	49.793000
3.363329	0.586819	-4.815028	49.892000
3.374761	0.581580	-4.825142	49.992000
3.386060	0.583814	-4.772908	50.092000
3.397450	0.580380	-4.745380	50.192000
3.408474	0.573784	-4.749049	50.292000
3.420182	0.577315	-4.750573	50.393000
3.431699	0.582534	-4.769433	50.492000
3.442804	0.583963	-4.770054	50.592000
3.454570	0.580895	-4.758870	50.692000
3.465498	0.576878	-4.759018	50.792000
3.476783	0.573688	-4.746368	50.892000
3.488755	0.579557	-4.750086	50.992000
3.499783	0.585484	-4.765686	51.092000
3.511059	0.586917	-4.764375	51.192000
3.522967	0.583050	-4.748182	51.292000
3.533812	0.580413	-4.760739	51.392000
3.545504	0.579324	-4.767204	51.492000
3.556913	0.578866	-4.757965	51.592000
3.568339	0.579512	-4.745291	51.692000
3.579636	0.583160	-4.747938	51.792000
3.591150	0.578163	-4.787493	51.892000
3.602287	0.576905	-4.798667	51.992000
3.613567	0.577934	-4.806334	52.092000
3.625584	0.576408	-4.799053	52.192000
3.636961	0.578094	-4.781483	52.292000
3.648495	0.581909	-4.766612	52.392000
3.659538	0.586528	-4.763742	52.492000
3.670689	0.586991	-4.788433	52.592000
3.682093	0.584948	-4.821947	52.692000
3.693139	0.578351	-4.816794	52.792000
3.703911	0.574247	-4.791446	52.892000
3.715191	0.581660	-4.790431	52.992000
3.726022	0.580776	-4.806217	53.092000
3.737902	0.573683	-4.771828	53.192000
3.748890	0.570244	-4.750241	53.292000
3.760201	0.574604	-4.743452	53.392000
3.771809	0.580978	-4.752554	53.492000
3.782873	0.581993	-4.764519	53.592000
3.794087	0.582616	-4.763484	53.692000
3.805060	0.581962	-4.761340	53.792000
3.816980	0.583878	-4.744228	53.892000
3.828333	0.588687	-4.766549	53.992000
3.840145	0.589483	-4.806896	54.092000
3.851021	0.593829	-4.811700	54.192000
3.862273	0.593487	-4.799881	54.292000
3.873753	0.591402	-4.782536	54.392000
3.885009	0.590138	-4.787408	54.492000
3.896413	0.585567	-4.810119	54.592000
3.907393	0.581226	-4.807099	54.692000
3.918847	0.583878	-4.792759	54.792000
3.930318	0.581043	-4.794500	54.893000
3.941597	0.572921	-4.798840	54.992000
3.952810	0.569564	-4.824154	55.092000
3.963959	0.570079	-4.833904	55.192000
3.974756	0.576045	-4.790607	55.292000
3.986252	0.583555	-4.757702	55.392000
3.997781	0.588434	-4.772249	55.492000
4.010974	0.582679	-4.765278	55.592000
4.021199	0.574709	-4.707768	55.692000
4.031273	0.572047	-4.712935	55.793000
4.045106	0.572377	-4.743452	55.892000
4.054774	0.574972	-4.733649	55.992000
4.065293	0.574204	-4.723662	56.092000
4.078839	0.567983	-4.752015	56.192000
4.089415	0.568516	-4.794357	56.292000
4.099178	0.576523	-4.837176	56.392000
4.113156	0.580881	-4.824992	56.492000
4.121485	0.581796	-4.807439	56.592000
4.135952	0.584445	-4.803524	56.692000
4.147932	0.585312	-4.782558	56.793000
4.157101	0.578655	-4.762540	56.892000
4.167160	0.576357	-4.772827	56.992000
4.178047	0.579097	-4.791222	57.092000
4.191153	0.575606	-4.795101	57.192000
4.203510	0.571949	-4.820381	57.292000
4.215393	0.565221	-4.851576	57.392000
4.226051	0.565688	-4.843999	57.492000
4.236447	0.572261	-4.825277	57.592000
4.247495	0.577029	-4.790857	57.692000
4.256719	0.575055	-4.787006	57.792000
4.268164	0.569129	-4.800029	57.892000
4.281060	0.568892	-4.791425	57.992000
4.293404	0.569779	-4.760801	58.092000
4.305057	0.570926	-4.732025	58.192000
4.312553	0.576302	-4.711837	58.292000
4.325794	0.582732	-4.746489	58.392000
4.336514	0.591964	-4.806910	58.492000
4.350200	0.588683	-4.837969	58.592000
4.358749	0.579830	-4.855820	58.692000
4.372528	0.580086	-4.834435	58.792000
4.382434	0.583953	-4.810877	58.892000
4.393787	0.581321	-4.792215	58.992000
4.405874	0.575158	-4.793810	59.092000
4.417592	0.574204	-4.794926	59.192000
4.428014	0.576316	-4.807293	59.292000
4.438549	0.577096	-4.826047	59.392000
4.450227	0.580079	-4.808848	59.492000
4.462800	0.582649	-4.760373	59.592000
4.473987	0.588232	-4.713350	59.692000
4.485331	0.591660	-4.737114	59.792000
4.496667	0.589898	-4.759702	59.892000
4.507540	0.587207	-4.798759	59.992000
4.518334	0.586349	-4.826646	60.092000
4.530046	0.580159	-4.846049	60.192000
4.541833	0.576388	-4.846460	60.298000
4.552409	0.579926	-4.845464	60.392000
4.564000	0.587457	-4.800761	60.492000
4.575314	0.593702	-4.752754	60.592000
4.587221	0.593476	-4.730643	60.692000
4.597921	0.589319	-4.746853	60.792000
4.609429	0.583728	-4.791315	60.892000
4.620920	0.579541	-4.820903	60.992000
4.632735	0.575300	-4.816542	61.093000
4.643767	0.572022	-4.812898	61.192000
4.655253	0.568604	-4.785791	61.292000
4.667060	0.571227	-4.761118	61.392000
4.678283	0.577249	-4.751467	61.492000
4.689373	0.579415	-4.791185	61.592000
4.700270	0.574470	-4.841550	61.692000
4.702446	0.569566	-4.844252	61.792000
4.700607	0.571799	-4.806104	61.892000
4.698131	0.577913	-4.777718	61.992000
4.692357	0.583414	-4.777621	62.092000
4.689555	0.585198	-4.780318	62.192000
4.683178	0.583295	-4.784002	62.292000
4.676377	0.581289	-4.819972	62.392000
4.670678	0.576893	-4.843608	62.492000
4.665411	0.574506	-4.819696	62.592000
4.657277	0.579723	-4.785621	62.692000
4.650049	0.579551	-4.782130	62.792000
4.642629	0.578192	-4.791963	62.892000
4.636351	0.581826	-4.776898	62.992000
4.628403	0.579603	-4.744062	63.092000
4.620899	0.577552	-4.735095	63.192000
4.612621	0.588400	-4.713111	63.292000
4.604332	0.593296	-4.696470	63.392000
4.596609	0.585553	-4.691729	63.492000
4.588284	0.577431	-4.704109	63.592000
4.580309	0.576858	-4.710679	63.692000
4.572245	0.582524	-4.709903	63.792000
4.563229	0.587057	-4.721029	63.892000
4.554608	0.580644	-4.741408	63.992000
4.546273	0.575917	-4.737691	64.092000
4.537301	0.576148	-4.743554	64.192000
4.529034	0.574147	-4.741249	64.292000
4.519817	0.577671	-4.706327	64.392000
4.511207	0.578138	-4.680852	64.492000
4.501791	0.582118	-4.685130	64.593000
4.493231	0.579199	-4.719146	64.692000
4.484347	0.570074	-4.746114	64.792000
4.475477	0.566266	-4.751087	64.892000
4.466026	0.570472	-4.743234	64.992000
4.456564	0.577714	-4.763790	65.092000
4.447408	0.580378	-4.782332	65.192000
4.438826	0.583145	-4.790576	65.292000
4.429099	0.580843	-4.768938	65.392000
4.420002	0.574899	-4.760405	65.492000
4.411175	0.570508	-4.753954	65.592000
4.401758	0.562782	-4.720816	65.692000
4.392798	0.564780	-4.714886	65.792000
4.383065	0.572544	-4.731140	65.892000
4.373671	0.577628	-4.749751	65.992000
4.364495	0.575675	-4.769177	66.092000
4.354997	0.570721	-4.765786	66.192000
4.345947	0.571119	-4.719511	66.292000
4.336545	0.576496	-4.701847	66.392000
4.326583	0.578203	-4.720527	66.492000
4.317338	0.574668	-4.743656	66.592000
4.307444	0.574349	-4.750731	66.692000
4.297028	0.580774	-4.763306	66.792000
4.287721	0.582016	-4.761505	66.892000
4.278442	0.579006	-4.725946	66.992000
4.268803	0.577167	-4.690768	67.092000
4.259172	0.578094	-4.691109	67.192000
4.249007	0.581799	-4.729629	67.292000
4.239219	0.578127	-4.778532	67.392000
4.229730	0.569482	-4.805951	67.492000
4.220372	0.571459	-4.824731	67.592000
4.210314	0.575697	-4.838264	67.692000
4.201002	0.579178	-4.838406	67.792000
4.190125	0.578674	-4.818444	67.892000
4.180228	0.574477	-4.798850	67.993000
4.170241	0.568958	-4.775357	68.092000
4.160770	0.564877	-4.752864	68.192000
4.150624	0.562505	-4.741856	68.292000
4.140692	0.564501	-4.740779	68.392000
4.130837	0.567235	-4.736396	68.492000
4.121162	0.571918	-4.736512	68.592000
4.111282	0.571753	-4.725443	68.692000
4.100685	0.571385	-4.733048	68.792000
4.090862	0.575276	-4.746428	68.892000
4.081394	0.573026	-4.741185	68.992000
4.071567	0.571429	-4.741105	69.092000
4.061105	0.571965	-4.721368	69.192000
4.051263	0.574808	-4.711926	69.292000
4.041554	0.575211	-4.723860	69.392000
4.031287	0.572568	-4.746254	69.492000
4.021854	0.575839	-4.761296	69.592000
4.010047	0.570163	-4.750145	69.692000
4.000129	0.569579	-4.741050	69.792000
3.991622	0.573124	-4.755007	69.892000
3.980572	0.571100	-4.768940	69.992000
3.969274	0.573004	-4.790596	70.092000
3.962207	0.582248	-4.779087	70.192000
3.949067	0.587102	-4.745942	70.292000
3.941567	0.587117	-4.721740	70.392000
3.928123	0.583637	-4.741452	70.492000
3.921461	0.577638	-4.745369	70.592000
3.908489	0.577075	-4.746149	70.692000
3.901176	0.575380	-4.770166	70.792000
3.890365	0.581629	-4.764648	70.892000
3.877804	0.583112	-4.742607	70.992000
3.869888	0.587560	-4.733741	71.092000
3.861570	0.587028	-4.746163	71.192000
3.850723	0.582530	-4.724206	71.292000
3.839957	0.583423	-4.715533	71.392000
3.828762	0.584303	-4.757948	71.492000
3.817933	0.578675	-4.788248	71.592000
3.807756	0.575226	-4.779433	71.692000
3.798231	0.582682	-4.756578	71.792000
3.788618	0.581613	-4.765596	71.892000
3.777049	0.578201	-4.766529	71.992000
3.764219	0.580552	-4.746101	72.092000
3.753508	0.580076	-4.748579	72.192000
3.746880	0.580001	-4.757445	72.292000
3.735988	0.579424	-4.757218	72.392000
3.722346	0.578126	-4.739552	72.492000
3.712551	0.577498	-4.707333	72.592000
3.703592	0.577873	-4.719462	72.692000
3.694387	0.577520	-4.777807	72.792000
3.684686	0.574840	-4.787976	72.892000
3.672530	0.577110	-4.760633	72.992000
3.659138	0.580200	-4.758234	73.092000
3.650718	0.578898	-4.758136	73.192000
3.642016	0.577214	-4.724888	73.292000
3.628413	0.580121	-4.731741	73.392000
3.619120	0.580870	-4.744823	73.492000
3.609721	0.585073	-4.780842	73.594000
3.596393	0.586231	-4.809813	73.692000
3.587980	0.584970	-4.799970	73.792000
3.579041	0.585079	-4.781784	73.892000
3.566540	0.589317	-4.760754	73.992000
3.554735	0.587630	-4.751134	74.092000
3.547046	0.581613	-4.756565	74.192000
3.532886	0.576415	-4.746848	74.292000
3.523193	0.572309	-4.757610	74.392000
3.515019	0.569662	-4.774682	74.492000
3.501376	0.570089	-4.796816	74.592000
3.493147	0.570226	-4.764539	74.692000
3.480963	0.572538	-4.708284	74.793000
3.471876	0.572529	-4.700593	74.892000
3.459983	0.576194	-4.689822	74.992000
3.449440	0.576952	-4.682990	75.092000
3.440768	0.575809	-4.691483	75.192000
3.430617	0.581796	-4.707399	75.292000
3.418189	0.581565	-4.712608	75.392000
3.406679	0.577389	-4.740596	75.492000
3.397769	0.579263	-4.775018	75.592000
3.387686	0.575372	-4.795855	75.692000
3.376919	0.574578	-4.792497	75.792000
3.364485	0.575253	-4.763984	75.892000
3.354144	0.578264	-4.757372	75.992000
3.344658	0.578146	-4.753389	76.092000
3.333712	0.578654	-4.752472	76.192000
3.323146	0.581486	-4.757342	76.293000
3.312533	0.578814	-4.750178	76.392000
3.301429	0.576966	-4.743064	76.492000
3.289909	0.577354	-4.736128	76.592000
3.278962	0.576757	-4.733124	76.692000
3.269114	0.575365	-4.762974	76.792000
3.258246	0.579435	-4.772647	76.892000
3.246845	0.577430	-4.765327	76.992000
3.236830	0.577288	-4.752121	77.092000
3.225290	0.579707	-4.759730	77.192000
3.214797	0.577354	-4.772506	77.292000
3.203598	0.572499	-4.765352	77.392000
3.193641	0.575127	-4.761087	77.492000
3.181422	0.579366	-4.760149	77.592000
3.171338	0.575078	-4.775955	77.692000
3.161030	0.576810	-4.770568	77.792000
3.149676	0.578316	-4.772680	77.892000
3.139056	0.577998	-4.775539	77.992000
3.128446	0.580710	-4.784320	78.092000
3.116986	0.580999	-4.812918	78.192000
3.106016	0.578551	-4.816167	78.292000
3.094615	0.578004	-4.810246	78.392000
3.084112	0.582854	-4.818121	78.492000
3.073736	0.588579	-4.840908	78.592000
3.062220	0.590961	-4.849954	78.692000
3.050842	0.590613	-4.849484	78.792000
3.040472	0.586465	-4.855202	78.892000
3.028731	0.581396	-4.848598	78.992000
3.018369	0.572048	-4.831851	79.092000
3.007453	0.564418	-4.844869	79.192000
2.996584	0.558555	-4.846354	79.292000
2.986570	0.557259	-4.844918	79.392000
2.975128	0.558926	-4.864666	79.492000
2.964058	0.560141	-4.874296	79.592000
2.953498	0.558580	-4.902653	79.692000
2.942795	0.556392	-4.915331	79.792000
2.932810	0.559640	-4.899737	79.892000
2.917595	0.561041	-4.887819	79.992000
2.910648	0.556584	-4.890599	80.092000
2.900256	0.552406	-4.896440	80.193000
2.888803	0.556293	-4.894287	80.292000
2.879483	0.555905	-4.892910	80.392000
2.864782	0.552263	-4.922886	80.492000
2.852725	0.547940	-4.955228	80.593000
2.845695	0.544382	-4.961811	80.692000
2.830677	0.542524	-4.988845	80.792000
2.821795	0.536211	-5.014470	80.892000
2.809975	0.533746	-5.044058	80.993000
2.799110	0.534901	-5.099161	81.092000
2.788191	0.527651	-5.130983	81.192000
2.777865	0.521813	-5.098413	81.292000
2.766143	0.523073	-5.114122	81.392000
2.755529	0.522176	-5.139375	81.492000
2.744252	0.512694	-5.171392	81.592000
2.733393	0.502926	-5.197616	81.692000
2.721920	0.496269	-5.184805	81.793000
2.711044	0.489417	-5.209739	81.892000
2.700113	0.480064	-5.228405	81.992000
2.689630	0.472847	-5.274152	82.092000
2.674888	0.469854	-5.320138	82.192000
2.668160	0.460234	-5.383147	82.292000
2.655625	0.447591	-5.408912	82.392000
2.642350	0.442608	-5.428330	82.492000
2.631016	0.437666	-5.479409	82.592000
2.621619	0.424860	-5.517571	82.692000
2.610929	0.416486	-5.549845	82.792000
2.598376	0.411682	-5.591904	82.892000
2.587206	0.404789	-5.613669	82.992000
2.576951	0.391837	-5.630411	83.092000
2.566146	0.378306	-5.580308	83.192000
2.554367	0.363369	-5.593518	83.292000
2.543244	0.355992	-5.640552	83.392000
2.531946	0.352370	-5.678512	83.492000
2.520715	0.342730	-5.718335	83.592000
2.509787	0.333113	-5.769197	83.692000
2.498734	0.324900	-5.802213	83.792000
2.487828	0.319915	-5.808603	83.892000
2.477076	0.315158	-5.755568	83.992000
2.465474	0.307384	-5.736274	84.092000
2.453360	0.305249	-5.740313	84.192000
2.444670	0.298166	-5.725313	84.292000
2.431379	0.294974	-5.782731	84.392000
2.422221	0.291541	-5.830831	84.493000
2.408889	0.286845	-5.874988	84.592000
2.397934	0.282310	-5.911860	84.692000
2.387675	0.277974	-5.983702	84.792000
2.376630	0.269001	-6.032110	84.892000
2.366076	0.261717	-6.041044	84.992000
2.353982	0.257566	-6.100919	85.092000
2.341983	0.252791	-6.208330	85.192000
2.331976	0.249459	-6.252071	85.292000
2.319760	0.246577	-6.277792	85.392000
2.309136	0.247584	-6.350353	85.492000
2.298033	0.249441	-6.408161	85.592000
2.286989	0.247545	-6.393217	85.692000
2.275994	0.245039	-6.385056	85.792000
2.264117	0.242893	-6.386063	85.892000
2.253375	0.241777	-6.415078	85.992000
2.242723	0.241701	-6.439191	86.092000
2.231026	0.249313	-6.443977	86.192000
2.219658	0.256437	-6.359810	86.292000
2.208222	0.256415	-6.331848	86.392000
2.197037	0.256415	-6.344539	86.492000
2.185895	0.259769	-6.321911	86.592000
2.174517	0.260735	-6.309476	86.692000
2.162886	0.259413	-6.333075	86.792000
2.151291	0.259676	-6.419620	86.892000
2.140249	0.259285	-6.471711	86.992000
2.129803	0.259410	-6.456419	87.092000
2.117199	0.254686	-6.432082	87.192000
2.105647	0.247456	-6.435243	87.292000
2.094504	0.242533	-6.408953	87.392000
2.083090	0.237725	-6.366721	87.493000
2.071972	0.243325	-6.402409	87.592000
2.061992	0.248210	-6.421714	87.692000
2.049809	0.251927	-6.434816	87.792000
2.038918	0.253993	-6.396702	87.892000
2.027084	0.254005	-6.398015	87.992000
2.015642	0.251493	-6.363569	88.092000
2.004409	0.249316	-6.331895	88.192000
1.993167	0.249331	-6.325270	88.292000
1.981794	0.248259	-6.290292	88.392000
1.970602	0.250056	-6.259797	88.492000
1.959042	0.252941	-6.348659	88.592000
1.947552	0.251281	-6.432217	88.692000
1.936564	0.249013	-6.407018	88.792000
1.925384	0.250841	-6.408095	88.892000
1.914344	0.250015	-6.454121	88.992000
1.902341	0.244283	-6.448055	89.092000
1.890987	0.244695	-6.411899	89.192000
1.879713	0.248658	-6.366306	89.292000
1.867921	0.247127	-6.337388	89.392000
1.856596	0.243763	-6.387589	89.492000
1.845514	0.244555	-6.450153	89.592000
1.833782	0.246476	-6.462806	89.692000
1.822890	0.247886	-6.456359	89.792000
1.811449	0.253706	-6.379867	89.892000
1.800105	0.252628	-6.283705	89.992000
1.788997	0.254003	-6.247690	90.092000
1.776953	0.256458	-6.243939	90.192000
1.765533	0.254607	-6.310057	90.292000
1.754374	0.254068	-6.433530	90.392000
1.742620	0.254259	-6.501751	90.492000
1.731618	0.250962	-6.464605	90.592000
1.719885	0.245919	-6.446135	90.692000
1.708406	0.250217	-6.390476	90.792000
1.696518	0.256014	-6.292369	90.892000
1.685510	0.256394	-6.244416	90.992000
1.674064	0.250458	-6.264108	91.092000
1.662530	0.243180	-6.292340	91.192000
1.650967	0.239754	-6.297530	91.292000
1.639230	0.244376	-6.318029	91.392000
1.627709	0.253031	-6.322797	91.492000
1.616564	0.249945	-6.357587	91.592000
1.605094	0.250540	-6.373472	91.692000
1.593558	0.255483	-6.390573	91.792000
1.582140	0.255171	-6.439596	91.892000
1.570592	0.252085	-6.446778	91.992000
1.559003	0.252538	-6.390288	92.092000
1.547531	0.259531	-6.317553	92.192000
1.536231	0.261913	-6.271953	92.292000
1.524824	0.256934	-6.235520	92.392000
1.512947	0.255304	-6.225469	92.492000
1.501639	0.252929	-6.334803	92.593000
1.490328	0.251878	-6.375801	92.692000
1.479165	0.251698	-6.429406	92.792000
1.467414	0.246912	-6.428419	92.892000
1.455714	0.242313	-6.359188	92.992000
1.444790	0.242527	-6.382051	93.092000
1.433423	0.244120	-6.444397	93.192000
1.421998	0.245990	-6.434257	93.292000
1.410503	0.247518	-6.458882	93.392000
1.399332	0.248172	-6.506857	93.492000
1.387837	0.245395	-6.523556	93.592000
1.376501	0.248489	-6.408833	93.692000
1.365069	0.246331	-6.265104	93.792000
1.353409	0.241103	-6.222383	93.892000
1.342046	0.238245	-6.269203	93.992000
1.330541	0.234559	-6.342486	94.092000
1.318672	0.240854	-6.338176	94.192000
1.307061	0.249436	-6.379074	94.292000
1.295808	0.253183	-6.475690	94.392000
1.284459	0.255035	-6.434220	94.492000
1.272925	0.251676	-6.378068	94.592000
1.261633	0.251145	-6.353842	94.692000
1.249404	0.256523	-6.361634	94.792000
1.237899	0.256589	-6.392200	94.892000
1.226395	0.252061	-6.397329	94.992000
1.215109	0.251374	-6.433698	95.092000
1.203271	0.252155	-6.463460	95.192000
1.191937	0.245234	-6.448573	95.292000
1.180596	0.234542	-6.419797	95.392000
1.169080	0.231861	-6.425368	95.492000
1.157426	0.238642	-6.453488	95.592000
1.145967	0.241537	-6.477586	95.692000
1.134628	0.246512	-6.428753	95.792000
1.122694	0.247338	-6.432342	95.892000
1.110940	0.247644	-6.396337	95.992000
1.099481	0.245869	-6.378051	96.092000
1.087955	0.242710	-6.398011	96.192000
1.076402	0.232815	-6.375931	96.292000
1.064792	0.235987	-6.317401	96.392000
1.052908	0.240811	-6.322111	96.492000
1.041351	0.235734	-6.296680	96.592000
1.029898	0.236257	-6.222371	96.692000
1.018307	0.234813	-6.198850	96.792000
1.006890	0.233470	-6.210419	96.892000
0.995009	0.231360	-6.244298	96.992000
0.983108	0.230108	-6.274967	97.092000
0.971519	0.229459	-6.377801	97.192000
0.959944	0.232348	-6.432465	97.292000
0.948474	0.236266	-6.444020	97.392000
0.937096	0.235712	-6.391921	97.492000
0.925429	0.234232	-6.343690	97.592000
0.914186	0.232639	-6.339071	97.692000
0.902581	0.231202	-6.326740	97.792000
0.890837	0.231179	-6.271099	97.892000
0.879660	0.228200	-6.237817	97.992000
0.868070	0.229677	-6.260422	98.092000
0.856651	0.236301	-6.246741	98.192000
0.844908	0.237970	-6.273314	98.292000
0.833557	0.235136	-6.337456	98.392000
0.822151	0.234548	-6.350637	98.492000
0.810776	0.235312	-6.340348	98.592000
0.799176	0.239064	-6.361308	98.692000
0.787037	0.241499	-6.351074	98.792000
0.775484	0.239288	-6.339282	98.892000
0.763853	0.236346	-6.355819	98.992000
0.752529	0.236577	-6.402738	99.092000
0.741167	0.240969	-6.427154	99.193000
0.729723	0.238496	-6.397324	99.292000
0.718103	0.235796	-6.367127	99.392000
0.706536	0.232834	-6.343231	99.492000
0.694879	0.230985	-6.284219	99.592000
0.683192	0.233083	-6.203948	99.693000
0.671735	0.235072	-6.176224	99.793000
0.659899	0.234193	-6.210788	99.892000
0.647893	0.230076	-6.282128	99.992000
0.636204	0.229378	-6.373636	100.092000
0.624930	0.226881	-6.450368	100.192000
0.613329	0.227133	-6.464608	100.292000
0.601926	0.227279	-6.465302	100.392000
0.589912	0.227125	-6.488287	100.492000
0.577987	0.221020	-6.433831	100.592000
0.566328	0.220827	-6.324360	100.692000
0.555039	0.224787	-6.312825	100.792000
0.543585	0.224214	-6.297177	100.892000
0.531494	0.226326	-6.344144	100.992000
0.519616	0.221719	-6.406412	101.092000
0.508080	0.215363	-6.371938	101.192000
0.496457	0.206902	-6.333972	101.292000
0.484939	0.198591	-6.278190	101.392000
0.473203	0.198802	-6.265286	101.492000
0.461336	0.202622	-6.332070	101.592000
0.449556	0.204428	-6.419319	101.692000
0.437719	0.203877	-6.434141	101.792000
0.425978	0.198439	-6.410052	101.892000
0.414417	0.192964	-6.401219	101.992000
0.402816	0.191143	-6.406787	102.093000
0.391015	0.186066	-6.334146	102.192000
0.379721	0.186181	-6.258685	102.292000
0.367975	0.188889	-6.244487	102.392000
0.356635	0.188654	-6.203700	102.492000
0.345027	0.184719	-6.209931	102.592000
0.333407	0.180645	-6.274705	102.692000
0.321863	0.179997	-6.240763	102.792000
0.310210	0.177654	-6.179336	102.892000
0.298759	0.176327	-6.185265	102.992000
0.287261	0.176983	-6.165448	103.092000
0.275802	0.178012	-6.171232	103.192000
0.263809	0.176528	-6.089855	103.292000
0.251819	0.174244	-6.103142	103.392000
0.240307	0.172685	-6.178921	103.492000
0.228613	0.168788	-6.175176	103.592000
0.217249	0.157110	-6.130524	103.692000
0.205506	0.154655	-6.135448	103.792000
0.193607	0.155815	-6.119739	103.892000
0.181849	0.158616	-6.078725	103.992000
0.170267	0.153478	-6.084524	104.092000
0.158708	0.143825	-5.999990	104.192000
0.147174	0.140648	-5.960144	104.292000
0.135559	0.143769	-6.003774	104.392000
0.123203	0.149859	-6.013311	104.492000
0.111519	0.156549	-6.040853	104.592000
0.100078	0.159282	-6.084927	104.692000
0.088479	0.154254	-6.113402	104.792000
0.077138	0.153341	-6.054078	104.892000
0.065557	0.152310	-6.038132	104.992000
0.053278	0.145977	-6.015103	105.092000
0.041529	0.142970	-5.964961	105.192000
0.029822	0.141113	-5.942499	105.292000
0.018282	0.134467	-5.868091	105.392000
0.006823	0.135915	-5.875488	105.492000
-0.005269	0.134544	-5.917073	105.592000
-0.016901	0.133654	-5.983522	105.692000
-0.028511	0.139536	-5.956338	105.792000
-0.040228	0.147751	-5.793352	105.892000
-0.051473	0.144217	-5.841643	105.992000
-0.063282	0.140704	-6.050379	106.092000
-0.075271	0.139443	-6.076424	106.192000
-0.086917	0.141626	-6.016283	106.292000
-0.098562	0.138647	-6.099896	106.392000
-0.110182	0.135697	-6.113443	106.492000
-0.121683	0.135871	-5.964310	106.592000
-0.133239	0.133489	-5.867993	106.692000
-0.145022	0.137643	-5.784087	106.792000
-0.156606	0.141771	-5.718540	106.892000
-0.168374	0.140872	-5.696569	106.992000
-0.179908	0.143987	-5.831282	107.092000
-0.191312	0.145422	-5.792194	107.192000
-0.202884	0.143791	-5.805311	107.292000
-0.214350	0.142446	-5.812400	107.392000
-0.225662	0.145657	-5.778773	107.492000
-0.237509	0.144892	-5.787385	107.592000
-0.248811	0.138347	-5.802086	107.692000
-0.260518	0.131128	-5.752031	107.792000
-0.272456	0.129302	-5.900962	107.892000
-0.284293	0.133129	-6.097067	107.992000
-0.296069	0.137694	-6.130322	108.093000
-0.307680	0.136648	-6.106006	108.192000
-0.319159	0.129194	-5.996038	108.292000
-0.330836	0.124591	-5.845805	108.392000
-0.342692	0.127082	-5.917027	108.492000
-0.354405	0.125422	-6.006520	108.592000
-0.366057	0.129207	-5.928870	108.692000
-0.377615	0.134687	-5.758371	108.792000
-0.389290	0.138841	-5.762916	108.892000
-0.400964	0.137056	-5.904042	108.992000
-0.412898	0.141353	-6.022490	109.092000
-0.424578	0.148567	-6.016840	109.192000
-0.435909	0.143622	-6.012376	109.293000
-0.447474	0.139596	-6.037235	109.392000
-0.459105	0.138406	-6.010836	109.492000
-0.471034	0.138901	-6.030881	109.592000
-0.483185	0.138735	-6.088302	109.692000
-0.494788	0.137130	-6.117050	109.792000
-0.506208	0.135550	-6.049898	109.892000
-0.517705	0.137100	-5.906434	109.992000
-0.529104	0.136336	-5.875155	110.092000
-0.541041	0.132981	-5.896465	110.192000
-0.552682	0.130789	-5.754454	110.292000
-0.564518	0.130524	-5.630535	110.392000
-0.576116	0.134060	-5.646542	110.492000
-0.587408	0.130433	-5.743299	110.592000
-0.599246	0.128668	-5.818190	110.692000
-0.611230	0.130562	-5.860602	110.792000
-0.622891	0.134665	-5.873641	110.892000
-0.634567	0.135150	-5.966163	110.992000
-0.646211	0.137697	-5.907243	111.092000
-0.658003	0.138497	-5.828815	111.192000
-0.669311	0.139409	-5.728828	111.292000
-0.681174	0.143050	-5.696881	111.392000
-0.692609	0.144690	-5.750400	111.492000
-0.704440	0.147926	-5.919623	111.592000
-0.714951	0.151716	-6.010448	111.692000
-0.721463	0.153464	-5.957224	111.792000
-0.726249	0.144826	-6.008779	111.892000
-0.729874	0.133865	-6.001503	111.992000
-0.733191	0.129192	-5.959631	112.092000
-0.735967	0.129502	-5.941076	112.192000
-0.738423	0.126840	-5.906866	112.292000
-0.740831	0.127677	-5.810124	112.392000
-0.742718	0.127776	-5.839542	112.492000
-0.744633	0.123266	-5.865155	112.593000
-0.746453	0.117902	-5.808085	112.692000
-0.748056	0.121236	-5.689989	112.792000
-0.749744	0.123545	-5.696404	112.892000
-0.750785	0.119512	-5.728207	112.992000
-0.752033	0.115037	-5.850541	113.092000
-0.753380	0.119236	-5.933031	113.192000
-0.754352	0.124173	-5.883891	113.292000
-0.755738	0.126117	-5.863023	113.392000
-0.757049	0.123683	-5.847347	113.492000
-0.757879	0.122294	-5.823178	113.592000
-0.758825	0.121897	-5.755656	113.692000
-0.759762	0.120614	-5.806405	113.792000
-0.760609	0.118214	-6.058071	113.892000
-0.761409	0.110637	-6.191785	113.992000
-0.762113	0.106047	-6.125436	114.092000
-0.762849	0.106933	-5.909113	114.192000
-0.763415	0.104801	-5.700910	114.292000
-0.764131	0.107669	-5.620984	114.392000
-0.764899	0.110637	-5.672772	114.492000
-0.765516	0.114548	-5.786947	114.592000
-0.765797	0.116403	-5.843982	114.692000
-0.766454	0.115224	-5.789495	114.792000
-0.766964	0.120766	-5.771027	114.892000
-0.767230	0.127705	-5.756772	114.992000
-0.767860	0.128827	-5.641144	115.092000
-0.768442	0.121700	-5.553382	115.192000
-0.768847	0.113221	-5.558827	115.292000
-0.769257	0.116914	-5.614853	115.392000
-0.769823	0.122977	-5.742581	115.492000
-0.770173	0.125885	-5.855962	115.592000
-0.770634	0.127118	-5.968706	115.692000
-0.770939	0.123518	-6.087606	115.793000
-0.771711	0.119478	-6.050651	115.892000
-0.771636	0.114552	-6.068776	115.993000
-0.772107	0.110568	-5.960642	116.092000
-0.772502	0.112323	-5.819082	116.192000
-0.772701	0.115247	-5.780792	116.292000
-0.773420	0.119004	-5.789876	116.392000
-0.773650	0.125863	-5.888576	116.492000
-0.774044	0.127400	-5.995455	116.592000
-0.774356	0.126284	-5.983989	116.692000
-0.774487	0.122770	-5.823293	116.792000
-0.774933	0.119145	-5.733968	116.892000
-0.774991	0.117076	-5.824577	116.992000
-0.775342	0.122591	-5.942580	117.092000
-0.775734	0.126845	-5.932011	117.192000
