NaN	NaN	NaN	36.893000
0.052365	2.708550	-4.551339	36.993000
0.052179	2.745513	-4.561401	37.093000
0.052151	2.755156	-4.560090	37.193000
0.052205	2.735298	-4.560537	37.293000
0.052141	2.717960	-4.568501	37.394000
0.052203	2.680199	-4.564112	37.493000
0.052420	2.654440	-4.548968	37.593000
0.052063	2.675067	-4.530163	37.693000
0.052147	2.700180	-4.552446	37.793000
0.052253	2.700147	-4.576764	37.893000
0.052022	2.676305	-4.582935	37.993000
0.052054	2.678516	-4.616241	38.093000
0.052282	2.668831	-4.625521	38.193000
0.052096	2.664514	-4.610247	38.294000
0.052306	2.694177	-4.583039	38.393000
0.052135	2.730324	-4.571411	38.493000
0.052004	2.731357	-4.580362	38.593000
0.051962	2.712269	-4.589106	38.693000
0.052117	2.700449	-4.576566	38.793000
0.052091	2.691244	-4.579712	38.893000
0.052129	2.672640	-4.601142	38.993000
0.052220	2.671387	-4.571844	39.093000
0.051924	2.671363	-4.550888	39.193000
0.052202	2.684477	-4.543646	39.293000
0.052107	2.725690	-4.561093	39.393000
0.051818	2.752873	-4.601798	39.493000
0.051980	2.740799	-4.616643	39.593000
0.051900	2.706193	-4.601179	39.694000
0.052039	2.689585	-4.577960	39.793000
0.051959	2.697463	-4.578951	39.893000
0.051972	2.692139	-4.558353	39.993000
0.051946	2.699731	-4.528656	40.093000
0.052069	2.693324	-4.521476	40.193000
0.051987	2.688557	-4.514566	40.293000
0.051992	2.671833	-4.531044	40.393000
0.052133	2.638697	-4.554097	40.493000
0.051978	2.648078	-4.549976	40.593000
0.053538	2.683817	-4.546801	40.693000
0.058935	2.712035	-4.580074	40.793000
0.065345	2.720442	-4.589654	40.893000
0.072612	2.732114	-4.580782	40.994000
0.080032	2.756151	-4.589165	41.093000
0.088110	2.772041	-4.601797	41.194000
0.096009	2.777192	-4.608336	41.293000
0.104348	2.791516	-4.611096	41.393000
0.112663	2.842291	-4.625045	41.494000
0.121333	2.877743	-4.645235	41.593000
0.130331	2.902462	-4.671663	41.694000
0.139017	2.916500	-4.672924	41.793000
0.147672	2.923701	-4.656702	41.893000
0.156700	2.935160	-4.654450	41.993000
0.165831	2.944315	-4.670059	42.093000
0.174954	2.949514	-4.701681	42.193000
0.184321	2.940936	-4.711354	42.293000
0.193619	2.936107	-4.703754	42.393000
0.202788	2.941637	-4.697460	42.493000
0.212263	2.967526	-4.678974	42.593000
0.221517	2.989821	-4.680325	42.693000
0.230950	2.963318	-4.683889	42.793000
0.240727	2.923479	-4.687708	42.893000
0.250191	2.953522	-4.680764	42.993000
0.259571	3.001516	-4.695483	43.093000
0.269229	3.040708	-4.719800	43.193000
0.279028	3.080222	-4.726358	43.293000
0.289019	3.082062	-4.731776	43.393000
0.298485	3.094267	-4.729574	43.493000
0.308213	3.087491	-4.731154	43.593000
0.317847	3.053298	-4.735588	43.693000
0.327453	2.995924	-4.726208	43.793000
0.337323	2.964382	-4.716006	43.893000
0.347333	3.003744	-4.695421	43.993000
0.357478	3.014510	-4.704152	44.094000
0.367168	3.027055	-4.729831	44.193000
0.376934	3.010577	-4.742131	44.293000
0.386973	3.006203	-4.709735	44.393000
0.396886	3.036672	-4.692030	44.493000
0.407153	3.067960	-4.720580	44.593000
0.416991	3.075682	-4.755959	44.694000
0.426964	3.042973	-4.767184	44.793000
0.437094	3.039449	-4.726212	44.893000
0.447025	3.015395	-4.690830	44.993000
0.456898	2.997117	-4.687351	45.094000
0.466953	3.025748	-4.675265	45.193000
0.477029	3.055087	-4.659650	45.293000
0.486634	3.054056	-4.695691	45.393000
0.496703	3.047169	-4.720458	45.493000
0.506753	3.044680	-4.713083	45.593000
0.517061	3.048710	-4.681773	45.694000
0.527272	3.037514	-4.662364	45.793000
0.537214	3.019652	-4.660361	45.893000
0.547316	3.038225	-4.653059	45.993000
0.557635	3.066560	-4.652794	46.093000
0.567992	3.075373	-4.682763	46.193000
0.578339	3.096558	-4.681605	46.293000
0.589075	3.104894	-4.681431	46.393000
0.598876	3.093341	-4.697545	46.493000
0.609008	3.086956	-4.689376	46.593000
0.619404	3.065264	-4.663058	46.693000
0.629953	3.043978	-4.647409	46.793000
0.640224	3.052102	-4.643677	46.893000
0.650874	3.082211	-4.639271	46.994000
0.660833	3.087608	-4.637998	47.093000
0.671099	3.102987	-4.662091	47.193000
0.681655	3.109323	-4.682508	47.293000
0.692267	3.105218	-4.661656	47.393000
0.702748	3.122373	-4.642707	47.494000
0.713340	3.122873	-4.659130	47.593000
0.723334	3.089586	-4.645896	47.693000
0.733589	3.092670	-4.627471	47.793000
0.744479	3.093442	-4.632303	47.893000
0.755244	3.047207	-4.645399	47.993000
0.765897	3.039296	-4.650606	48.093000
0.776194	3.061340	-4.658430	48.194000
0.786121	3.085475	-4.692449	48.293000
0.796886	3.090240	-4.709300	48.394000
0.807865	3.091833	-4.683930	48.493000
0.817881	3.081114	-4.680051	48.594000
0.828492	3.091822	-4.690595	48.693000
0.839031	3.080169	-4.697342	48.794000
0.849690	3.066563	-4.702484	48.893000
0.860254	3.061263	-4.701579	48.993000
0.871293	3.056443	-4.669400	49.093000
0.882259	3.065035	-4.626061	49.193000
0.892732	3.076190	-4.630244	49.293000
0.903229	3.077500	-4.641162	49.393000
0.913874	3.110142	-4.658961	49.493000
0.924592	3.115015	-4.671212	49.593000
0.934593	3.091940	-4.678640	49.693000
0.945212	3.069195	-4.691094	49.793000
0.955800	3.063405	-4.709341	49.893000
0.966283	3.050396	-4.709703	49.993000
0.977265	3.007078	-4.711367	50.093000
0.987855	2.991851	-4.688381	50.193000
0.998220	3.008541	-4.656595	50.293000
1.009046	3.044738	-4.651728	50.394000
1.019764	3.075799	-4.643926	50.493000
1.030122	3.108143	-4.660939	50.593000
1.041110	3.107384	-4.694304	50.693000
1.051794	3.107280	-4.724211	50.793000
1.063193	3.066615	-4.715754	50.894000
1.073632	3.046370	-4.658840	50.993000
1.084521	3.049439	-4.613381	51.093000
1.095234	3.061851	-4.620601	51.193000
1.105954	3.067193	-4.631372	51.293000
1.117072	3.079230	-4.623109	51.393000
1.128212	3.072813	-4.621877	51.494000
1.138668	3.041948	-4.624703	51.593000
1.149592	3.014050	-4.619700	51.693000
1.160035	2.995926	-4.635629	51.793000
1.170938	2.993972	-4.641497	51.893000
1.182131	3.002748	-4.642010	51.993000
1.193267	3.009214	-4.661338	52.093000
1.204398	3.039457	-4.704618	52.193000
1.214911	3.060962	-4.734782	52.293000
1.225950	3.060028	-4.715211	52.394000
1.237052	3.062821	-4.653453	52.493000
1.248041	3.058248	-4.593102	52.593000
1.258985	3.030929	-4.571334	52.693000
1.269645	3.040017	-4.588155	52.793000
1.280546	3.064126	-4.599700	52.893000
1.290867	3.100550	-4.616062	52.993000
1.302235	3.124541	-4.624992	53.094000
1.313486	3.115318	-4.624325	53.193000
1.323966	3.075155	-4.658992	53.293000
1.335474	3.048726	-4.680799	53.393000
1.346503	3.046773	-4.686833	53.493000
1.357739	3.054114	-4.686430	53.593000
1.368180	3.059766	-4.694257	53.693000
1.379719	3.063510	-4.714079	53.793000
1.390329	3.057328	-4.705466	53.893000
1.401282	3.033560	-4.659529	53.993000
1.412404	3.007006	-4.632135	54.093000
1.423057	3.010275	-4.597388	54.193000
1.433996	3.017840	-4.607424	54.293000
1.444970	3.032175	-4.630459	54.393000
1.455599	3.026872	-4.677395	54.493000
1.466556	3.047329	-4.712017	54.593000
1.477842	3.045283	-4.700881	54.693000
1.488436	3.025979	-4.671373	54.793000
1.500747	3.015596	-4.662603	54.894000
1.511468	3.022203	-4.686881	54.993000
1.521100	3.019838	-4.693613	55.093000
1.532856	3.026106	-4.686551	55.193000
1.543229	3.036057	-4.679198	55.294000
1.555221	3.013592	-4.665964	55.393000
1.566765	2.999006	-4.661282	55.493000
1.577445	3.007018	-4.670425	55.593000
1.588388	3.011491	-4.690193	55.694000
1.599493	2.996210	-4.699821	55.793000
1.610498	3.005210	-4.696249	55.894000
1.622051	3.036185	-4.704429	55.993000
1.632641	3.036312	-4.703000	56.093000
1.643952	3.041140	-4.700131	56.193000
1.654874	3.066540	-4.692973	56.293000
1.666091	3.073423	-4.688119	56.393000
1.677169	3.098760	-4.694310	56.494000
1.688358	3.109581	-4.713560	56.593000
1.700324	3.100600	-4.719214	56.693000
1.711340	3.101881	-4.694952	56.793000
1.722253	3.103952	-4.690470	56.893000
1.732975	3.081365	-4.676284	56.993000
1.744461	3.067912	-4.633766	57.093000
1.755649	3.080466	-4.646912	57.194000
1.766808	3.099230	-4.665181	57.293000
1.777844	3.085299	-4.674204	57.393000
1.788721	3.035034	-4.701464	57.493000
1.800209	3.034062	-4.709240	57.594000
1.811619	3.057975	-4.694809	57.693000
1.823095	3.049990	-4.682329	57.793000
1.834225	3.059286	-4.671308	57.893000
1.845309	3.033802	-4.662569	57.993000
1.856456	3.012133	-4.660522	58.093000
1.867850	2.999239	-4.672571	58.193000
1.879010	2.985158	-4.658066	58.293000
1.889721	2.985465	-4.676495	58.393000
1.901975	3.002672	-4.682209	58.493000
1.912502	3.007540	-4.680069	58.593000
1.923629	3.004067	-4.685536	58.693000
1.936100	3.028263	-4.665382	58.793000
1.945227	3.040744	-4.647785	58.893000
1.958292	3.042282	-4.646531	58.993000
1.968983	3.060903	-4.687141	59.093000
1.980562	3.075285	-4.705076	59.193000
1.991523	3.064183	-4.710733	59.293000
2.002732	3.065990	-4.695612	59.395000
2.013074	3.069741	-4.666998	59.493000
2.024879	3.049948	-4.643900	59.593000
2.035609	3.029951	-4.660592	59.693000
2.047014	3.030088	-4.655440	59.793000
2.058138	3.060231	-4.638887	59.894000
2.069554	3.074335	-4.644336	59.993000
2.080923	3.070337	-4.659207	60.093000
2.091960	3.078054	-4.663148	60.193000
2.103324	3.086779	-4.656334	60.293000
2.114599	3.079714	-4.653381	60.393000
2.126119	3.073116	-4.665396	60.493000
2.137013	3.057526	-4.673615	60.593000
2.149023	3.059805	-4.685207	60.693000
2.159654	3.053601	-4.673826	60.793000
2.170913	3.049266	-4.678469	60.893000
2.181658	3.035261	-4.684963	60.993000
2.192612	3.047598	-4.652099	61.093000
2.206565	3.046659	-4.631065	61.193000
2.215670	3.025265	-4.627291	61.293000
2.227606	3.043339	-4.622360	61.393000
2.241112	3.063035	-4.658899	61.493000
2.251925	3.054932	-4.689473	61.593000
2.263353	3.040586	-4.703559	61.693000
2.272983	3.061968	-4.676963	61.793000
2.284989	3.074778	-4.651287	61.893000
2.296180	3.082248	-4.640161	61.993000
2.307660	3.077250	-4.643578	62.094000
2.319137	3.052259	-4.619200	62.193000
2.330200	3.028015	-4.603292	62.293000
2.341777	3.010503	-4.609032	62.393000
2.353364	2.999231	-4.616231	62.493000
2.364107	2.998007	-4.651584	62.593000
2.375394	3.013055	-4.651734	62.694000
2.386912	3.022522	-4.636777	62.793000
2.398615	3.042683	-4.631161	62.893000
2.410114	3.065431	-4.624402	62.993000
2.421383	3.067750	-4.620721	63.093000
2.432765	3.062520	-4.639118	63.193000
2.444001	3.035526	-4.666255	63.293000
2.455419	3.013423	-4.687880	63.393000
2.466559	2.988232	-4.713796	63.493000
2.479038	2.935098	-4.717696	63.593000
2.489362	2.942482	-4.688092	63.693000
2.501452	2.956619	-4.658675	63.794000
2.512124	2.984588	-4.644108	63.893000
2.523730	3.027818	-4.647283	63.993000
2.535118	3.057406	-4.650891	64.093000
2.546010	3.059976	-4.666514	64.193000
2.558077	3.086042	-4.689652	64.293000
2.568667	3.086127	-4.705330	64.394000
2.580705	3.062359	-4.704209	64.493000
2.592359	3.054167	-4.675762	64.593000
2.603144	3.039636	-4.653896	64.693000
2.614380	3.028500	-4.648050	64.793000
2.626415	3.004239	-4.667969	64.893000
2.638274	2.972147	-4.692049	64.993000
2.649510	2.946467	-4.692820	65.093000
2.660297	2.966574	-4.685393	65.193000
2.671116	2.971049	-4.647369	65.293000
2.681911	2.959000	-4.634650	65.393000
2.695890	2.947141	-4.649283	65.493000
2.706581	2.942644	-4.667650	65.593000
2.716103	2.975239	-4.649900	65.693000
2.728860	3.002975	-4.615775	65.793000
2.741880	3.017254	-4.606399	65.894000
2.749803	3.044120	-4.624457	65.993000
2.762173	3.056988	-4.646007	66.093000
2.776075	3.059400	-4.686791	66.193000
2.784437	3.063674	-4.705046	66.293000
2.797413	3.069747	-4.682427	66.393000
2.809591	3.056100	-4.685731	66.493000
2.819184	3.032252	-4.670640	66.594000
2.832074	3.055474	-4.647143	66.693000
2.842845	3.048825	-4.639293	66.793000
2.853040	3.035965	-4.653205	66.893000
2.865467	3.039501	-4.660763	66.993000
2.875536	3.047677	-4.660318	67.094000
2.888536	3.042686	-4.645259	67.194000
2.897925	3.053829	-4.636063	67.294000
2.911852	3.067557	-4.647224	67.393000
2.920260	3.070227	-4.652158	67.493000
2.935246	3.086094	-4.650000	67.593000
2.944542	3.108467	-4.639023	67.693000
2.956411	3.125293	-4.646714	67.793000
2.966645	3.075932	-4.645311	67.893000
2.980307	3.023472	-4.659360	67.994000
2.989385	3.003457	-4.653213	68.093000
3.000655	3.020168	-4.629000	68.193000
3.013146	3.005573	-4.630987	68.294000
3.024458	3.001743	-4.655027	68.393000
3.035742	3.034406	-4.658606	68.493000
3.046296	3.050466	-4.646750	68.593000
3.057512	3.038504	-4.608002	68.693000
3.068870	3.047344	-4.583840	68.793000
3.080367	3.068104	-4.586734	68.893000
3.091818	3.050541	-4.619731	68.993000
3.103637	3.042122	-4.650624	69.093000
3.115134	3.040785	-4.654037	69.193000
3.126477	3.053432	-4.645039	69.293000
3.138205	3.064260	-4.637255	69.393000
3.148996	3.066452	-4.660639	69.493000
3.160462	3.047378	-4.694880	69.594000
3.171953	3.037619	-4.707015	69.693000
3.183940	3.024019	-4.696915	69.794000
3.195212	2.989518	-4.683062	69.893000
3.206368	2.971218	-4.649801	69.994000
3.217387	2.967760	-4.619788	70.093000
3.229117	2.973686	-4.618225	70.193000
3.240921	2.987942	-4.630433	70.293000
3.252737	2.992837	-4.666017	70.393000
3.263552	3.000956	-4.672725	70.494000
3.275052	2.998953	-4.676105	70.593000
3.286888	2.987815	-4.668784	70.693000
3.297836	2.999156	-4.651470	70.793000
3.309792	3.041910	-4.667030	70.894000
3.321347	3.046454	-4.705170	70.993000
3.332434	3.047263	-4.729906	71.093000
3.343745	3.060368	-4.717943	71.193000
3.355141	3.066116	-4.667911	71.293000
3.366718	3.043732	-4.663408	71.393000
3.378460	3.028083	-4.687183	71.493000
3.390031	3.017462	-4.646094	71.594000
3.401700	3.018884	-4.615697	71.693000
3.412822	3.060263	-4.626873	71.793000
3.423750	3.080265	-4.646482	71.893000
3.435830	3.095712	-4.649110	71.993000
3.447673	3.107627	-4.642930	72.093000
3.458601	3.083288	-4.640266	72.193000
3.470270	3.042693	-4.644080	72.293000
3.481134	3.022090	-4.640523	72.393000
3.492338	3.001929	-4.663914	72.493000
3.504153	3.002040	-4.650538	72.593000
3.514939	3.034666	-4.638182	72.693000
3.526378	3.043516	-4.615792	72.793000
3.538757	3.040413	-4.598621	72.894000
3.549687	3.045530	-4.619628	72.993000
3.560045	3.033197	-4.638081	73.094000
3.571334	3.009035	-4.650081	73.193000
3.583875	2.987068	-4.678935	73.293000
3.595925	2.985673	-4.708922	73.393000
3.605541	2.993095	-4.692968	73.493000
3.616105	2.981394	-4.637202	73.593000
3.630501	2.988126	-4.614765	73.693000
3.639081	3.005025	-4.583500	73.793000
3.653389	3.013502	-4.588161	73.893000
3.661608	3.007774	-4.602200	73.993000
3.676613	2.977626	-4.611657	74.093000
3.686797	2.994342	-4.612872	74.193000
3.696373	3.009983	-4.619090	74.293000
3.706656	3.008633	-4.633847	74.393000
3.719453	2.987316	-4.662075	74.493000
3.733217	2.972512	-4.652393	74.593000
3.745162	2.973418	-4.641429	74.693000
3.755352	2.978831	-4.685132	74.794000
3.764905	3.010639	-4.714695	74.894000
3.778185	3.024437	-4.696400	74.994000
3.790142	3.007551	-4.661841	75.093000
3.799145	2.984924	-4.642910	75.193000
3.811070	2.975925	-4.666236	75.293000
3.822754	2.976023	-4.682551	75.393000
3.835413	3.010281	-4.654837	75.493000
3.846203	3.061010	-4.630233	75.594000
3.858010	3.061593	-4.646672	75.693000
3.869307	3.061738	-4.665084	75.793000
3.880325	3.067941	-4.664806	75.893000
3.891966	3.047956	-4.674621	75.993000
3.902909	3.032805	-4.689236	76.093000
3.915000	3.020430	-4.681212	76.193000
3.926003	3.007831	-4.684665	76.293000
3.937061	2.983433	-4.689663	76.393000
3.948733	3.014801	-4.678133	76.493000
3.960825	3.062884	-4.661572	76.593000
3.971621	3.099074	-4.673232	76.693000
3.983098	3.108463	-4.693914	76.793000
3.994128	3.087527	-4.681681	76.893000
4.005391	3.058714	-4.646860	76.993000
4.018146	3.018450	-4.677471	77.093000
4.026365	2.972139	-4.673866	77.193000
4.041125	2.976799	-4.662711	77.293000
4.053106	2.986910	-4.663612	77.394000
4.063539	3.007297	-4.660665	77.493000
4.073054	3.046290	-4.664110	77.593000
4.082819	3.044436	-4.663694	77.693000
4.093989	3.032516	-4.624392	77.794000
4.108120	3.046080	-4.601170	77.896000
4.121398	3.062674	-4.623595	77.993000
4.130305	3.065670	-4.627585	78.093000
4.139899	3.029477	-4.622674	78.193000
4.155081	2.998599	-4.613404	78.293000
4.164502	2.971941	-4.619212	78.394000
4.174814	2.953671	-4.619233	78.493000
4.187977	2.965420	-4.613938	78.593000
4.197659	2.995935	-4.635520	78.693000
4.208530	3.034238	-4.644565	78.793000
4.223198	3.045564	-4.642932	78.893000
4.232930	3.021827	-4.623555	78.994000
4.243010	3.009976	-4.628618	79.093000
4.255245	3.005747	-4.655296	79.193000
4.266882	3.037617	-4.677623	79.293000
4.278907	3.039507	-4.690280	79.394000
4.289868	3.019434	-4.678943	79.493000
4.300743	3.017459	-4.691608	79.593000
4.312411	2.995779	-4.714585	79.693000
4.323646	2.977166	-4.722131	79.793000
4.334727	2.997777	-4.703668	79.893000
4.347006	3.023041	-4.682680	79.993000
4.357826	3.051405	-4.657349	80.093000
4.369440	3.077776	-4.643322	80.193000
4.381200	3.058243	-4.657730	80.293000
4.391292	3.035826	-4.665823	80.393000
4.403289	3.028009	-4.686226	80.493000
4.414528	2.991141	-4.687191	80.593000
4.426137	2.994161	-4.685802	80.693000
4.437927	3.027195	-4.677536	80.793000
4.448967	3.049059	-4.668679	80.893000
4.460051	3.056060	-4.677994	80.993000
4.472053	3.060543	-4.705040	81.093000
4.483453	3.066809	-4.723387	81.193000
4.494557	3.054877	-4.705718	81.293000
4.506150	3.049513	-4.684663	81.393000
4.517222	3.058743	-4.675110	81.494000
4.528524	3.056995	-4.664662	81.593000
4.539967	3.056339	-4.666126	81.693000
4.550807	3.047143	-4.678398	81.793000
4.561861	3.035828	-4.668523	81.893000
4.573352	3.020671	-4.659294	81.993000
4.584612	3.036810	-4.650040	82.093000
4.595815	3.047598	-4.660405	82.193000
4.606886	3.027185	-4.660994	82.293000
4.618025	3.035206	-4.668986	82.393000
4.629407	3.053504	-4.684167	82.493000
4.640665	3.032556	-4.664637	82.593000
4.651630	3.024553	-4.649217	82.693000
4.662962	3.039507	-4.633335	82.793000
4.674356	3.006245	-4.641288	82.893000
4.685809	2.999027	-4.675333	82.993000
4.697281	3.018869	-4.692639	83.093000
4.708385	2.995964	-4.673369	83.193000
4.719810	2.948353	-4.658843	83.294000
4.730746	2.941799	-4.687470	83.393000
4.742669	2.975309	-4.705722	83.493000
4.754572	3.024489	-4.710356	83.593000
4.764615	3.061916	-4.740256	83.693000
4.775531	3.062124	-4.721042	83.793000
4.788068	3.030660	-4.685353	83.894000
4.798584	3.037918	-4.667791	83.993000
4.809255	3.031326	-4.656999	84.093000
4.820761	3.032670	-4.659163	84.193000
4.832872	3.020290	-4.678144	84.293000
4.844654	3.017579	-4.683572	84.393000
4.856136	3.018406	-4.690476	84.493000
4.867988	3.023380	-4.676899	84.593000
4.879062	3.027914	-4.697271	84.693000
4.890614	3.018007	-4.725150	84.793000
4.901668	3.015060	-4.688872	84.893000
4.912860	3.029398	-4.655312	84.993000
4.924013	3.021079	-4.653499	85.093000
4.935542	3.011469	-4.690241	85.193000
4.947204	2.997905	-4.728799	85.293000
4.956257	2.966811	-4.751638	85.393000
4.968579	2.979430	-4.750527	85.493000
4.979953	3.002069	-4.713141	85.593000
4.991480	3.059036	-4.699199	85.693000
5.001398	3.088911	-4.691921	85.793000
5.014622	3.072620	-4.690566	85.893000
5.024826	3.038989	-4.704301	85.993000
5.036184	3.017261	-4.682004	86.093000
5.047981	3.000830	-4.673371	86.193000
5.057990	3.003942	-4.689675	86.293000
5.070637	3.014667	-4.723839	86.393000
5.080500	3.019976	-4.732336	86.493000
5.093031	3.002323	-4.711661	86.593000
5.101832	2.991186	-4.683140	86.694000
5.115070	2.974634	-4.687726	86.793000
5.124701	2.968134	-4.665479	86.893000
5.136296	2.971019	-4.660505	86.993000
5.147700	2.981643	-4.677786	87.093000
5.158985	2.972142	-4.722990	87.193000
5.169248	2.961346	-4.732485	87.293000
5.182554	2.985628	-4.705701	87.394000
5.191735	3.028054	-4.686521	87.493000
5.205819	3.042746	-4.683354	87.593000
5.214225	3.037932	-4.700281	87.693000
5.227999	3.033075	-4.688173	87.793000
5.237146	3.021488	-4.719954	87.893000
5.248711	3.039026	-4.741606	87.993000
5.260378	3.050270	-4.714994	88.093000
5.271985	3.070604	-4.697633	88.194000
5.283529	3.081155	-4.686092	88.293000
5.292865	3.047422	-4.696377	88.394000
5.304254	3.018054	-4.693349	88.493000
5.316395	3.007498	-4.688596	88.593000
5.328618	3.006137	-4.668166	88.693000
5.339504	3.019133	-4.645280	88.793000
5.350757	3.021766	-4.635122	88.893000
5.361551	3.002856	-4.651508	88.994000
5.372466	3.009202	-4.653887	89.093000
5.383242	3.011317	-4.672510	89.193000
5.394426	3.002550	-4.697215	89.293000
5.405605	3.014790	-4.707271	89.393000
5.417502	3.043655	-4.688771	89.493000
5.427995	3.059581	-4.674931	89.593000
5.439108	3.045517	-4.668472	89.693000
5.450439	3.029560	-4.671311	89.793000
5.461736	3.001802	-4.650348	89.893000
5.472971	2.967959	-4.647056	89.993000
5.483931	2.964118	-4.644100	90.094000
5.495012	2.990569	-4.630187	90.193000
5.506202	3.010521	-4.608324	90.293000
5.518061	3.032643	-4.618001	90.393000
5.528761	3.017685	-4.620858	90.493000
5.540071	2.990640	-4.611842	90.593000
5.547873	2.983788	-4.607078	90.693000
5.547334	2.993785	-4.615591	90.793000
5.544600	2.995575	-4.606168	90.893000
5.541124	3.006573	-4.614625	90.993000
5.537352	3.023639	-4.594905	91.093000
5.532083	3.024463	-4.605506	91.193000
5.525950	2.984819	-4.619155	91.294000
5.519273	2.969667	-4.617331	91.393000
5.514541	2.982825	-4.633968	91.493000
5.506667	2.995396	-4.640956	91.593000
5.498805	3.001425	-4.623207	91.693000
5.491862	3.034239	-4.600033	91.793000
5.485894	3.045449	-4.590852	91.894000
5.478128	3.021624	-4.585605	91.994000
5.470093	3.016532	-4.626050	92.098000
5.461635	3.019124	-4.662685	92.193000
5.455359	3.027546	-4.668688	92.294000
5.449212	3.000743	-4.633960	92.393000
5.438883	3.001775	-4.613546	92.493000
5.429981	2.996514	-4.636619	92.593000
5.424752	2.977731	-4.677024	92.693000
5.413822	2.984921	-4.690784	92.793000
5.406496	3.031794	-4.668673	92.893000
5.396780	3.059405	-4.649937	92.993000
5.389868	3.032945	-4.660475	93.093000
5.379645	3.025426	-4.643166	93.193000
5.373337	3.023804	-4.651990	93.293000
5.362065	3.030398	-4.673954	93.393000
5.353276	3.039203	-4.669060	93.493000
5.346738	3.047872	-4.629765	93.593000
5.335939	3.079354	-4.597771	93.694000
5.326434	3.075322	-4.596627	93.793000
5.318583	3.036310	-4.601033	93.893000
5.308815	3.003449	-4.634828	93.993000
5.299909	3.004100	-4.663351	94.093000
5.291183	2.971774	-4.692146	94.193000
5.281402	2.940480	-4.695056	94.294000
5.272323	2.927859	-4.679416	94.394000
5.263520	2.956455	-4.658762	94.493000
5.254066	2.998183	-4.626673	94.593000
5.245164	3.027846	-4.606142	94.693000
5.235770	3.025574	-4.612814	94.793000
5.225935	2.988887	-4.643319	94.893000
5.216651	2.978782	-4.630847	94.993000
5.207701	2.991327	-4.617198	95.094000
5.197745	2.988037	-4.617949	95.193000
5.188533	2.973422	-4.616620	95.294000
5.179224	2.953074	-4.620172	95.393000
5.169628	2.953762	-4.603261	95.493000
5.160484	2.947945	-4.608208	95.593000
5.150168	2.966885	-4.627947	95.693000
5.140673	2.986290	-4.668934	95.793000
5.131125	2.980146	-4.692959	95.893000
5.121526	2.986055	-4.698555	95.993000
5.111550	3.003189	-4.682354	96.093000
5.102058	3.000224	-4.665989	96.193000
5.092288	2.991994	-4.666356	96.293000
5.082590	3.019842	-4.649521	96.393000
5.073293	3.064857	-4.635607	96.493000
5.063516	3.070000	-4.621257	96.593000
5.053364	3.049883	-4.630665	96.693000
5.043513	2.992821	-4.643266	96.793000
5.032953	2.962478	-4.619129	96.893000
5.023982	2.971242	-4.614818	96.993000
5.014539	2.991231	-4.624246	97.093000
5.003917	3.013677	-4.663780	97.193000
4.993603	3.020065	-4.688690	97.293000
4.985343	3.026760	-4.690975	97.393000
4.974236	3.043120	-4.677159	97.493000
4.964042	3.007201	-4.678654	97.593000
4.955017	2.980474	-4.669579	97.693000
4.942950	2.988705	-4.668235	97.793000
4.936122	2.993149	-4.669975	97.893000
4.925310	2.975422	-4.660472	97.993000
4.913567	2.963559	-4.636429	98.093000
4.904999	2.975062	-4.648918	98.193000
4.896201	3.001664	-4.692913	98.293000
4.885431	3.010569	-4.723684	98.393000
4.874965	2.990864	-4.715808	98.493000
4.864928	2.958554	-4.662900	98.593000
4.855452	2.978468	-4.622544	98.693000
4.845679	3.001610	-4.620958	98.793000
4.834159	3.013866	-4.639150	98.893000
4.823886	3.006154	-4.638135	98.993000
4.812788	3.006782	-4.643530	99.093000
4.802723	2.989269	-4.663945	99.194000
4.794841	3.008159	-4.673898	99.293000
4.784776	3.054064	-4.668557	99.393000
4.772585	3.088775	-4.655894	99.493000
4.761938	3.103709	-4.663451	99.593000
4.753567	3.067028	-4.660330	99.693000
4.743946	3.046015	-4.650350	99.793000
4.731062	3.018951	-4.627385	99.893000
4.723682	3.008428	-4.613396	99.993000
4.711626	3.045546	-4.597537	100.093000
4.702059	3.039875	-4.621114	100.193000
4.691705	3.008990	-4.635472	100.293000
4.681262	2.982008	-4.615676	100.393000
4.671145	2.963110	-4.597386	100.493000
4.660635	2.951066	-4.587071	100.593000
4.650362	2.957826	-4.588040	100.693000
4.639980	2.989458	-4.615135	100.793000
4.629337	3.042196	-4.618614	100.893000
4.619181	3.085428	-4.624523	100.993000
4.608796	3.070821	-4.656250	101.093000
4.598412	3.038513	-4.714686	101.193000
4.588584	3.027872	-4.717733	101.293000
4.577401	3.050586	-4.697997	101.395000
4.566499	3.088058	-4.679976	101.493000
4.556408	3.095723	-4.679032	101.593000
4.546629	3.083376	-4.683916	101.693000
4.536816	3.066578	-4.698596	101.793000
4.524347	3.040181	-4.676591	101.894000
4.515472	3.034764	-4.669716	101.994000
4.502433	3.042062	-4.663628	102.094000
4.495123	3.046261	-4.640281	102.193000
4.483042	3.039519	-4.639600	102.294000
4.473002	3.036801	-4.641298	102.395000
4.460556	3.033520	-4.658689	102.493000
4.451910	3.037770	-4.690272	102.594000
4.441155	3.057782	-4.720481	102.693000
4.428841	3.051970	-4.714206	102.793000
4.418397	3.015582	-4.652660	102.893000
4.408243	2.989773	-4.611812	102.993000
4.396846	2.987653	-4.605198	103.093000
4.389439	3.005493	-4.623342	103.193000
4.377661	3.051461	-4.661676	103.294000
4.364830	3.097581	-4.691813	103.393000
4.354533	3.087076	-4.681121	103.493000
4.346866	3.065162	-4.638436	103.593000
4.337348	3.068528	-4.616042	103.693000
4.324389	3.078032	-4.613731	103.793000
4.312204	3.055085	-4.630748	103.893000
4.302681	3.008716	-4.635824	103.993000
4.294771	2.970610	-4.641788	104.093000
4.281600	2.975485	-4.655822	104.194000
4.272150	2.989982	-4.665869	104.293000
4.262178	3.003236	-4.644865	104.393000
4.249556	3.005250	-4.622754	104.493000
4.241793	3.004221	-4.621909	104.593000
4.227478	2.987393	-4.626238	104.693000
4.219524	2.988330	-4.650636	104.793000
4.209254	2.978819	-4.646810	104.893000
4.197465	2.978411	-4.622027	104.993000
4.186691	2.996539	-4.613758	105.093000
4.173995	3.036288	-4.623133	105.193000
4.164126	3.027731	-4.625532	105.293000
4.156962	2.994652	-4.611872	105.394000
4.143174	2.985396	-4.577623	105.493000
4.132022	2.983356	-4.575110	105.593000
4.124060	2.988125	-4.579651	105.693000
4.110894	3.017201	-4.584303	105.793000
4.101230	3.010561	-4.615018	105.893000
4.089631	2.999046	-4.639391	105.993000
4.078273	2.987667	-4.640320	106.093000
4.068570	2.991508	-4.632323	106.193000
4.055869	2.992743	-4.628928	106.293000
4.047011	2.990245	-4.624763	106.393000
4.036557	3.004843	-4.584560	106.493000
4.023938	3.033589	-4.554591	106.593000
4.011981	3.016047	-4.552652	106.693000
4.002841	3.002931	-4.568770	106.794000
3.992578	3.021895	-4.597470	106.893000
3.980011	3.009810	-4.632843	106.994000
3.970698	2.978225	-4.643423	107.093000
3.959258	2.975813	-4.658385	107.193000
3.947444	3.003883	-4.653741	107.293000
3.938929	3.054256	-4.621090	107.393000
3.925394	3.051192	-4.600129	107.493000
3.917322	3.036273	-4.600504	107.593000
3.902885	3.028250	-4.619790	107.693000
3.894367	3.048836	-4.604706	107.793000
3.882726	3.061216	-4.607491	107.893000
3.870693	3.048268	-4.594985	107.993000
3.861485	3.028886	-4.592189	108.093000
3.850145	3.030438	-4.599951	108.193000
3.838111	3.018088	-4.612054	108.293000
3.827179	3.004004	-4.619223	108.393000
3.818788	3.014251	-4.620263	108.493000
3.806304	2.995753	-4.632119	108.594000
3.793832	2.957212	-4.645463	108.693000
3.786012	2.956959	-4.652099	108.793000
3.772856	3.013130	-4.643785	108.893000
3.762677	3.034644	-4.632993	108.993000
3.752521	3.019724	-4.660629	109.093000
3.739644	3.012553	-4.640615	109.193000
3.730045	3.012655	-4.617726	109.294000
3.719752	3.002405	-4.637577	109.393000
3.707283	3.013467	-4.677704	109.493000
3.696039	3.015356	-4.698296	109.594000
3.684827	2.983910	-4.666740	109.694000
3.674071	2.966531	-4.615189	109.793000
3.663390	2.950833	-4.596733	109.893000
3.652666	2.969237	-4.607588	109.993000
3.641000	2.964681	-4.613040	110.093000
3.629621	2.960543	-4.605444	110.193000
3.619478	2.937715	-4.609428	110.293000
3.607452	2.957578	-4.614352	110.394000
3.597531	2.991596	-4.601504	110.493000
3.585399	3.007474	-4.632892	110.593000
3.574732	3.004730	-4.639582	110.694000
3.564613	3.015478	-4.648624	110.793000
3.551450	3.054035	-4.640264	110.893000
3.541209	3.063293	-4.654408	110.994000
3.531146	3.058436	-4.669989	111.093000
3.520247	3.042381	-4.663169	111.193000
3.509137	3.022157	-4.642927	111.294000
3.497868	3.018536	-4.662249	111.393000
3.486736	3.013546	-4.665414	111.494000
3.474794	2.995326	-4.649438	111.597000
3.463126	2.999886	-4.637438	111.694000
3.451211	2.988127	-4.644285	111.793000
3.440193	2.956765	-4.626063	111.893000
3.430725	2.966097	-4.584958	111.993000
3.419014	3.005022	-4.575450	112.093000
3.407424	3.011133	-4.581987	112.193000
3.396756	3.021485	-4.608207	112.293000
3.384983	2.999251	-4.619487	112.393000
3.373716	2.976774	-4.616514	112.493000
3.362672	2.961458	-4.608550	112.593000
3.351808	2.985122	-4.614326	112.694000
3.340264	3.007091	-4.604852	112.793000
3.329758	3.028446	-4.583587	112.893000
3.318358	3.039710	-4.581386	112.994000
3.307386	3.051682	-4.616463	113.093000
3.296829	3.067717	-4.626701	113.193000
3.285952	3.093627	-4.614091	113.293000
3.274843	3.094633	-4.595266	113.393000
3.263755	3.053338	-4.624509	113.493000
3.252624	3.019496	-4.644611	113.593000
3.241302	3.022078	-4.640480	113.693000
3.229475	3.042268	-4.646097	113.793000
3.218204	3.056842	-4.636437	113.893000
3.207187	3.044398	-4.645477	113.993000
3.195661	3.029118	-4.656421	114.093000
3.184555	3.029823	-4.622369	114.193000
3.172944	3.029087	-4.611362	114.293000
3.161689	3.003316	-4.635394	114.394000
3.151414	2.961769	-4.657768	114.493000
3.139540	2.958850	-4.643958	114.593000
3.127494	2.980485	-4.650131	114.693000
3.117218	2.996948	-4.655819	114.793000
3.105868	3.040101	-4.643242	114.893000
3.095307	3.055898	-4.648325	114.993000
3.085259	3.051941	-4.627908	115.093000
3.070646	3.050097	-4.611680	115.193000
3.060971	3.031086	-4.610408	115.293000
3.048233	2.992801	-4.598831	115.393000
3.040741	2.984590	-4.605624	115.493000
3.026897	3.002002	-4.625692	115.593000
3.014510	3.028683	-4.640125	115.693000
3.002708	3.062023	-4.655614	115.793000
2.995460	3.052436	-4.630777	115.893000
2.981389	3.070774	-4.608169	115.993000
2.971099	3.076538	-4.615569	116.093000
2.957593	3.055983	-4.632765	116.194000
2.947826	3.055227	-4.649134	116.293000
2.936490	3.068707	-4.654617	116.394000
2.924941	3.090669	-4.639117	116.494000
2.913372	3.083561	-4.638414	116.594000
2.902235	3.057154	-4.644520	116.693000
2.890868	3.038588	-4.630903	116.793000
2.878670	3.039226	-4.614934	116.893000
2.867314	3.034693	-4.603351	116.993000
2.855977	3.041787	-4.589873	117.093000
2.844599	3.047184	-4.605085	117.193000
2.833749	3.034926	-4.617515	117.293000
2.822576	3.042458	-4.620304	117.393000
2.810524	3.043024	-4.624790	117.493000
2.798657	3.027975	-4.635887	117.593000
2.788801	3.036537	-4.660469	117.693000
2.779196	3.058301	-4.681787	117.793000
2.767441	3.070269	-4.644597	117.893000
2.756000	3.057768	-4.599627	117.993000
2.740584	3.054331	-4.595115	118.094000
2.730827	3.042563	-4.599808	118.193000
2.718489	3.028372	-4.619605	118.293000
2.708604	3.014583	-4.621839	118.394000
2.696467	3.000160	-4.617447	118.493000
2.685245	3.019136	-4.617256	118.594000
2.674800	3.030093	-4.604159	118.693000
2.662900	3.003838	-4.588413	118.793000
2.651563	2.976895	-4.582925	118.893000
2.640054	2.973931	-4.605322	118.993000
2.628981	2.997634	-4.638068	119.093000
2.617325	3.018282	-4.657436	119.193000
2.605593	3.051251	-4.659498	119.293000
2.594495	3.052729	-4.666291	119.393000
2.582953	3.045925	-4.658757	119.493000
2.572889	3.050822	-4.631854	119.593000
2.558994	3.051320	-4.607901	119.693000
2.547325	3.015887	-4.599884	119.793000
2.535929	2.995216	-4.581640	119.893000
2.524002	2.987918	-4.591471	119.993000
2.515426	2.968291	-4.630620	120.094000
2.501690	2.990251	-4.634316	120.193000
2.490321	3.018949	-4.639190	120.293000
2.478917	3.031047	-4.650693	120.393000
2.468416	3.024741	-4.641769	120.493000
2.455807	3.002081	-4.634604	120.593000
2.444830	3.002573	-4.629826	120.693000
2.433075	3.009225	-4.638680	120.793000
2.421385	3.020156	-4.655588	120.894000
2.409874	3.055147	-4.660563	120.993000
2.398192	3.042266	-4.643497	121.093000
2.386996	3.006925	-4.613466	121.194000
2.375639	3.002927	-4.617418	121.293000
2.364065	3.026596	-4.625803	121.393000
2.351474	3.028635	-4.617000	121.493000
2.340295	3.012271	-4.617946	121.593000
2.329270	3.011988	-4.610626	121.693000
2.318278	3.011735	-4.613781	121.793000
2.306510	3.011819	-4.592104	121.893000
2.294996	3.017234	-4.591838	121.993000
2.283512	3.023827	-4.592991	122.094000
2.272179	3.035997	-4.585211	122.194000
2.260579	3.048590	-4.599384	122.293000
2.249436	3.066134	-4.637819	122.393000
2.238218	3.070230	-4.666448	122.493000
2.226292	3.070526	-4.639928	122.593000
2.215175	3.068731	-4.630597	122.693000
2.203785	3.030409	-4.611895	122.793000
2.192047	2.987306	-4.618020	122.893000
2.180921	2.980170	-4.643390	122.993000
2.169045	3.004785	-4.634511	123.093000
2.157502	3.001096	-4.601267	123.193000
2.145667	2.998319	-4.597062	123.293000
2.134347	3.005312	-4.606708	123.393000
2.123319	2.995871	-4.623798	123.493000
2.111494	3.010553	-4.632284	123.593000
2.098830	2.994567	-4.626864	123.694000
2.088312	2.959721	-4.619602	123.793000
2.076904	2.962316	-4.615920	123.893000
2.064217	2.990891	-4.609100	123.993000
2.053259	3.033239	-4.608275	124.093000
2.042447	3.056046	-4.587321	124.193000
2.029662	3.079783	-4.575609	124.293000
2.019439	3.101682	-4.608012	124.393000
2.006579	3.095823	-4.626936	124.493000
1.996314	3.085105	-4.618765	124.594000
1.984269	3.079388	-4.631895	124.693000
1.972215	3.065069	-4.644882	124.793000
1.961207	3.087023	-4.632496	124.893000
1.948324	3.100616	-4.619551	124.993000
1.937753	3.106532	-4.627736	125.093000
1.925917	3.117963	-4.625347	125.193000
1.914490	3.100763	-4.624089	125.293000
1.902824	3.080586	-4.647597	125.393000
1.891064	3.061128	-4.674318	125.493000
1.879371	3.055185	-4.685725	125.594000
1.867704	3.029719	-4.664502	125.693000
1.856499	3.000647	-4.660668	125.793000
1.844391	3.013628	-4.657770	125.893000
1.833760	3.018934	-4.642171	125.993000
1.821480	3.011974	-4.625654	126.093000
1.808868	3.031782	-4.617971	126.194000
1.797893	3.066446	-4.630394	126.293000
1.786159	3.082960	-4.647503	126.393000
1.774941	3.071391	-4.662239	126.493000
1.763041	3.047737	-4.672718	126.593000
1.751350	3.031348	-4.668394	126.693000
1.740021	3.016352	-4.672258	126.793000
1.728614	3.048470	-4.683653	126.893000
1.717049	3.053777	-4.680791	126.993000
1.705668	3.050804	-4.652764	127.093000
1.693697	3.074446	-4.606659	127.193000
1.682485	3.105092	-4.591391	127.293000
1.670783	3.086653	-4.626914	127.393000
1.659141	3.061009	-4.647203	127.493000
1.647638	3.043819	-4.639930	127.593000
1.635991	3.072552	-4.620925	127.693000
1.624160	3.091134	-4.606246	127.793000
1.612394	3.078309	-4.606956	127.893000
1.601028	3.096865	-4.611673	127.993000
1.589624	3.109375	-4.613991	128.093000
1.578108	3.090621	-4.640232	128.193000
1.565993	3.064414	-4.668322	128.293000
1.554481	3.028852	-4.659376	128.393000
1.542735	3.005059	-4.619950	128.493000
1.530974	3.012049	-4.618332	128.594000
1.519342	3.027409	-4.632604	128.693000
1.507915	3.030830	-4.618676	128.793000
1.495627	3.025730	-4.601013	128.893000
1.483945	3.072459	-4.621440	128.994000
1.472002	3.096922	-4.640645	129.093000
1.460702	3.067985	-4.665470	129.193000
1.449089	3.054286	-4.696371	129.293000
1.437316	3.029814	-4.695367	129.393000
1.425180	2.996959	-4.670302	129.493000
1.413649	2.996827	-4.651463	129.594000
1.401988	3.015617	-4.673578	129.694000
1.390385	3.030723	-4.693184	129.793000
1.378932	3.043460	-4.683455	129.893000
1.366713	3.009436	-4.655020	129.993000
1.354846	2.983286	-4.641933	130.094000
1.343362	2.997440	-4.636614	130.193000
1.331541	3.045812	-4.611338	130.293000
1.319795	3.063353	-4.582674	130.393000
1.308364	3.029302	-4.579210	130.494000
1.295949	3.018253	-4.611316	130.593000
1.284324	3.019615	-4.619620	130.694000
1.272697	3.027122	-4.618129	130.793000
1.260924	3.020469	-4.623783	130.894000
1.249589	3.007045	-4.605960	130.993000
1.237700	3.018183	-4.603688	131.094000
1.226182	3.034861	-4.629237	131.193000
1.214846	3.053712	-4.660298	131.293000
1.203158	3.046798	-4.669138	131.393000
1.191411	3.045115	-4.623705	131.493000
1.179820	3.038918	-4.612157	131.593000
1.167743	3.034510	-4.648868	131.693000
1.156535	3.053173	-4.670228	131.793000
1.144933	3.049062	-4.657239	131.893000
1.133580	3.050384	-4.642901	131.994000
1.122192	3.045410	-4.641884	132.093000
1.110631	3.035043	-4.635723	132.193000
1.098191	3.019498	-4.646390	132.293000
1.086601	3.019166	-4.657989	132.393000
1.074760	3.013279	-4.646101	132.493000
1.063119	2.995576	-4.614101	132.593000
1.051599	2.992010	-4.604475	132.693000
1.039930	3.037871	-4.615286	132.793000
1.027738	3.057249	-4.640636	132.894000
1.016160	3.046765	-4.620720	132.993000
1.004203	3.046681	-4.598587	133.093000
0.992812	3.062415	-4.592507	133.193000
0.981486	3.073095	-4.592045	133.293000
0.969500	3.088984	-4.616877	133.393000
0.957486	3.073312	-4.639711	133.493000
0.946018	3.050286	-4.652660	133.593000
0.934161	3.047410	-4.679671	133.693000
0.922711	3.043114	-4.670024	133.793000
0.911094	3.050892	-4.656826	133.893000
0.899166	3.046859	-4.647875	133.993000
0.887591	3.056691	-4.642768	134.093000
0.875441	3.074091	-4.646285	134.194000
0.863709	3.079693	-4.651858	134.293000
0.852048	3.099491	-4.645410	134.394000
0.840204	3.110311	-4.659908	134.493000
0.828544	3.107116	-4.652714	134.593000
0.816896	3.082754	-4.645269	134.693000
0.805003	3.095389	-4.651069	134.793000
0.793439	3.089703	-4.659310	134.894000
0.782130	3.051603	-4.666758	134.993000
0.770437	3.029086	-4.672643	135.093000
0.758356	3.032935	-4.655930	135.193000
0.746850	3.043344	-4.623683	135.293000
0.734915	3.031039	-4.617290	135.393000
0.723281	3.028454	-4.627155	135.493000
0.711776	3.030651	-4.655280	135.593000
0.700033	3.030122	-4.649554	135.694000
0.688426	3.021033	-4.634714	135.793000
0.676868	2.993798	-4.622526	135.893000
0.665077	2.979241	-4.634041	135.993000
0.653411	2.987308	-4.665475	136.097000
0.641719	3.009245	-4.669563	136.193000
0.630379	3.036901	-4.645383	136.293000
0.619203	3.065644	-4.630502	136.394000
0.607177	3.062679	-4.600198	136.493000
0.595824	3.037480	-4.575374	136.593000
0.584467	3.018008	-4.611279	136.693000
0.572618	2.990410	-4.608988	136.794000
0.560859	2.980688	-4.597958	136.893000
0.549205	2.999320	-4.609272	136.993000
0.537486	3.019758	-4.623284	137.093000
0.526046	3.036467	-4.643996	137.193000
0.514198	3.050572	-4.645703	137.293000
0.502552	3.061775	-4.645850	137.393000
0.490671	3.047867	-4.662217	137.493000
0.478973	3.045571	-4.706736	137.593000
0.467529	3.027330	-4.723375	137.693000
0.455844	3.004721	-4.702289	137.794000
0.444322	3.005792	-4.686724	137.894000
0.432309	3.051625	-4.677838	137.994000
0.420380	3.081008	-4.651947	138.093000
0.408782	3.062262	-4.633227	138.193000
0.396848	3.064467	-4.621849	138.293000
0.385414	3.053779	-4.629864	138.393000
0.373907	3.047542	-4.641560	138.493000
0.362004	3.050662	-4.647513	138.593000
0.350144	3.062973	-4.663905	138.693000
0.338183	3.074617	-4.668003	138.793000
0.326584	3.057464	-4.661596	138.893000
0.314928	3.026767	-4.656608	138.993000
0.303682	3.042754	-4.664984	139.093000
0.291687	3.061235	-4.669265	139.193000
0.279919	3.029993	-4.650153	139.294000
0.268067	3.001659	-4.631459	139.393000
0.256823	2.996917	-4.607979	139.494000
0.245288	3.003949	-4.587735	139.594000
0.233716	3.010286	-4.572541	139.693000
0.221745	2.998355	-4.581081	139.793000
0.210079	3.018686	-4.578462	139.893000
0.198525	3.017124	-4.577781	139.993000
0.187070	3.020934	-4.575844	140.093000
0.175483	3.001294	-4.588925	140.193000
0.163555	2.969177	-4.604426	140.293000
0.152180	2.963451	-4.634983	140.393000
0.140415	2.960479	-4.642188	140.493000
0.128952	2.921904	-4.643614	140.593000
0.119983	2.886837	-4.638446	140.693000
0.114733	2.881988	-4.648934	140.793000
0.110229	2.866560	-4.678663	140.893000
0.106669	2.875201	-4.688068	140.993000
0.103803	2.886803	-4.678567	141.093000
0.100921	2.860529	-4.639678	141.193000
0.098579	2.827836	-4.612268	141.294000
0.096594	2.821515	-4.615431	141.393000
0.094547	2.822320	-4.619477	141.493000
0.092682	2.832019	-4.612481	141.594000
0.091174	2.829303	-4.649729	141.693000
0.089447	2.803236	-4.677054	141.793000
0.087966	2.807715	-4.629244	141.893000
0.086587	2.812245	-4.618333	141.993000
0.085422	2.811329	-4.633651	142.094000
0.084102	2.813727	-4.637248	142.194000
0.082875	2.810482	-4.627278	142.293000
0.081907	2.805297	-4.609696	142.393000
0.080981	2.798756	-4.617384	142.493000
0.079972	2.765106	-4.612028	142.593000
0.078897	2.736429	-4.572441	142.693000
0.078193	2.752198	-4.564146	142.794000
0.077223	2.773947	-4.585719	142.893000
0.076601	2.760307	-4.574386	142.993000
0.075642	2.755269	-4.578864	143.094000
0.074927	2.739644	-4.591862	143.193000
0.074271	2.744913	-4.606378	143.293000
0.073596	2.774903	-4.613890	143.393000
0.072919	2.776564	-4.615428	143.493000
0.072110	2.766968	-4.631526	143.593000
0.071605	2.762121	-4.639469	143.693000
0.071218	2.764181	-4.621646	143.793000
0.070776	2.757997	-4.634637	143.893000
0.070046	2.766536	-4.642115	143.993000
0.069405	2.788917	-4.632361	144.094000
0.069012	2.817057	-4.661889	144.193000
0.068494	2.816804	-4.685260	144.293000
0.068174	2.779698	-4.688134	144.394000
0.067612	2.766488	-4.667095	144.493000
0.067113	2.771816	-4.643562	144.593000
0.066551	2.777597	-4.640802	144.694000
0.066353	2.764480	-4.622759	144.793000
0.065812	2.761104	-4.588770	144.893000
0.065814	2.767857	-4.604289	144.994000
0.065469	2.769957	-4.600241	145.094000
0.064953	2.745890	-4.586846	145.193000
0.064678	2.750687	-4.577512	145.293000
0.064346	2.774492	-4.590751	145.394000
0.064149	2.783949	-4.608939	145.493000
0.063694	2.770613	-4.606287	145.594000
0.063539	2.755564	-4.583798	145.693000
0.063134	2.738442	-4.604187	145.793000
0.062961	2.731058	-4.655700	145.893000
0.062731	2.764386	-4.657219	145.993000
0.062498	2.786646	-4.647238	146.093000
0.062109	2.764058	-4.617178	146.193000
0.061933	2.770390	-4.604413	146.293000
0.061608	2.755196	-4.633298	146.393000
0.061469	2.753863	-4.637374	146.493000
0.061127	2.745543	-4.615193	146.593000
0.061026	2.739988	-4.595760	146.693000
0.060714	2.730133	-4.580530	146.793000
0.060758	2.725257	-4.571684	146.893000
0.060313	2.742246	-4.562338	146.993000
0.060255	2.749719	-4.573928	147.093000
0.059919	2.728407	-4.599342	147.193000
0.059898	2.750344	-4.583871	147.293000
0.059564	2.758721	-4.610745	147.393000
0.059420	2.753429	-4.622995	147.493000
0.059103	2.746918	-4.639323	147.594000
0.058985	2.732590	-4.621855	147.693000
0.058892	2.733800	-4.618368	147.794000
0.058844	2.735729	-4.607081	147.893000
0.058440	2.710723	-4.592788	147.993000
0.058516	2.713720	-4.607724	148.093000
0.058368	2.726408	-4.632478	148.194000
0.058131	2.739358	-4.643225	148.293000
0.057991	2.724700	-4.647237	148.393000
0.057806	2.737330	-4.606732	148.493000
0.057677	2.758918	-4.569257	148.593000
0.057517	2.770923	-4.583260	148.694000
0.057565	2.763099	-4.587484	148.793000
0.057625	2.751446	-4.595595	148.893000
0.057105	2.721535	-4.606360	148.993000
0.056933	2.688477	-4.586149	149.094000
0.056897	2.683570	-4.571520	149.193000
0.056831	2.682913	-4.571449	149.293000
0.056709	2.708968	-4.576896	149.394000
0.056595	2.728568	-4.598506	149.493000
0.056440	2.742983	-4.623044	149.594000
0.056554	2.751718	-4.633944	149.693000
0.056405	2.757371	-4.628590	149.793000
0.056232	2.729057	-4.615208	149.893000
0.056061	2.721489	-4.598051	149.994000
0.056081	2.713064	-4.592464	150.093000
0.055968	2.702952	-4.593994	150.193000
0.055939	2.732902	-4.581986	150.293000
0.055536	2.753880	-4.592055	150.394000
0.055519	2.752547	-4.572697	150.494000
0.055578	2.737170	-4.588111	150.593000
0.055627	2.725394	-4.576919	150.693000
0.055428	2.707584	-4.569648	150.793000
0.055345	2.724861	-4.567353	150.893000
0.055551	2.728477	-4.583794	150.993000
0.055172	2.700972	-4.580644	151.093000
0.055165	2.679862	-4.574218	151.193000
0.054867	2.707349	-4.561278	151.294000
0.055206	2.749800	-4.569648	151.393000
0.054809	2.783196	-4.597262	151.494000
0.054851	2.779558	-4.594871	151.593000
0.054748	2.772540	-4.586205	151.693000
0.054677	2.721395	-4.598831	151.793000
0.054434	2.708907	-4.627726	151.893000
0.054490	2.724956	-4.642832	151.993000
0.054014	2.684926	-4.630946	152.093000
0.054456	2.667153	-4.596416	152.193000
0.054282	2.676995	-4.594649	152.293000
0.054233	2.684232	-4.586948	152.393000
0.054132	2.683357	-4.595514	152.493000
0.054368	2.660001	-4.612054	152.593000
0.054220	2.674955	-4.595552	152.693000
0.053913	2.696864	-4.589556	152.793000
0.053861	2.712899	-4.602615	152.893000
0.054016	2.713219	-4.602583	152.993000
0.054069	2.695873	-4.588176	153.093000
0.054163	2.674638	-4.563970	153.194000
0.054029	2.698710	-4.530744	153.294000
0.053990	2.722419	-4.533705	153.393000
0.053999	2.724786	-4.539995	153.493000
0.054022	2.713822	-4.554079	153.593000
0.054127	2.702435	-4.588362	153.693000
0.053933	2.700297	-4.611033	153.794000
0.053925	2.700569	-4.596002	153.893000
0.053878	2.671534	-4.594331	153.993000
0.053766	2.683897	-4.605394	154.093000
0.053609	2.717220	-4.600008	154.194000
0.053713	2.736463	-4.592285	154.293000
0.053686	2.740807	-4.566464	154.393000
0.053493	2.726571	-4.541741	154.493000
0.053398	2.677085	-4.534618	154.593000
0.053718	2.676698	-4.535434	154.694000
0.053439	2.705731	-4.530393	154.793000
0.053565	2.735988	-4.515905	154.894000
0.053253	2.729916	-4.522408	154.993000
0.053259	2.724914	-4.533854	155.093000
0.053236	2.720879	-4.535985	155.193000
0.053158	2.709953	-4.571891	155.293000
0.053140	2.720838	-4.594622	155.393000
0.052996	2.716745	-4.594998	155.494000
0.053176	2.708225	-4.605778	155.593000
0.053143	2.698149	-4.622738	155.694000
0.053077	2.695750	-4.624035	155.793000
0.053247	2.713065	-4.621653	155.893000
0.053328	2.750264	-4.598535	155.993000
0.053216	2.796506	-4.584158	156.093000
0.053158	2.815137	-4.565441	156.194000
