-0.111349	0.653668	-4.045812	9.010000
-0.111789	0.655961	-4.063963	9.110000
-0.111582	0.654655	-4.085164	9.210000
-0.111662	0.650453	-4.075249	9.311000
-0.111742	0.648810	-4.064255	9.410000
-0.111619	0.646553	-4.064175	9.511000
-0.111732	0.644758	-4.072840	9.610000
-0.111942	0.644764	-4.098422	9.710000
-0.111685	0.643339	-4.085358	9.810000
-0.111550	0.645268	-4.073120	9.910000
-0.111770	0.644392	-4.077607	10.010000
-0.111634	0.644440	-4.076723	10.110000
-0.111762	0.642210	-4.099144	10.210000
-0.111724	0.645054	-4.078027	10.310000
-0.111733	0.644308	-4.048338	10.410000
-0.111922	0.645085	-4.031214	10.510000
-0.111789	0.649188	-4.032746	10.610000
-0.111879	0.653714	-4.054214	10.710000
-0.111787	0.653919	-4.065924	10.810000
-0.111716	0.652260	-4.061293	10.911000
-0.111742	0.649557	-4.054773	11.010000
-0.111555	0.646944	-4.070981	11.110000
-0.111574	0.645989	-4.073104	11.210000
-0.111744	0.646317	-4.062352	11.310000
-0.111637	0.648824	-4.061314	11.410000
-0.111644	0.648748	-4.060096	11.510000
-0.111819	0.650585	-4.055312	11.610000
-0.111582	0.653186	-4.069258	11.710000
-0.108669	0.649780	-4.079308	11.810000
-0.102534	0.646658	-4.073768	11.910000
-0.095787	0.643219	-4.082080	12.010000
-0.088548	0.646371	-4.070079	12.111000
-0.080954	0.649915	-4.041363	12.210000
-0.073162	0.648179	-4.040268	12.310000
-0.065098	0.643318	-4.068897	12.410000
-0.057033	0.642412	-4.063230	12.510000
-0.048469	0.643179	-4.051230	12.610000
-0.039689	0.638791	-4.066566	12.710000
-0.030780	0.638463	-4.099720	12.810000
-0.022004	0.638582	-4.113457	12.910000
-0.013317	0.636736	-4.113265	13.010000
-0.004392	0.641168	-4.103109	13.110000
0.004667	0.644259	-4.085071	13.210000
0.014061	0.645945	-4.073278	13.311000
0.023201	0.644571	-4.083892	13.410000
0.032354	0.645274	-4.076759	13.510000
0.041718	0.651035	-4.075494	13.610000
0.051059	0.654858	-4.060711	13.710000
0.060290	0.651153	-4.036135	13.810000
0.069943	0.649479	-4.009634	13.910000
0.079684	0.652610	-4.024930	14.010000
0.088972	0.658085	-4.049486	14.110000
0.098442	0.657770	-4.039416	14.210000
0.107971	0.653921	-4.036971	14.310000
0.117583	0.650510	-4.052575	14.410000
0.127372	0.648964	-4.052216	14.510000
0.137017	0.652798	-4.045226	14.610000
0.146584	0.652928	-4.059722	14.710000
0.156215	0.652963	-4.075364	14.810000
0.165931	0.656020	-4.093015	14.910000
0.175742	0.657124	-4.118889	15.010000
0.185824	0.653595	-4.125832	15.110000
0.195475	0.651292	-4.112306	15.210000
0.205309	0.651153	-4.105377	15.310000
0.215174	0.649497	-4.089124	15.410000
0.225022	0.649084	-4.089395	15.510000
0.235152	0.652411	-4.087801	15.610000
0.245247	0.655158	-4.094848	15.710000
0.255073	0.649627	-4.108326	15.810000
0.265038	0.645813	-4.104811	15.910000
0.274974	0.643244	-4.097108	16.010000
0.284848	0.647018	-4.086559	16.110000
0.294763	0.655719	-4.100111	16.211000
0.304639	0.657712	-4.120168	16.310000
0.314656	0.656353	-4.120694	16.410000
0.324585	0.656421	-4.095362	16.510000
0.334517	0.656654	-4.072816	16.610000
0.344526	0.654219	-4.080470	16.710000
0.354672	0.652438	-4.089788	16.810000
0.364585	0.651237	-4.091961	16.910000
0.374789	0.647602	-4.104870	17.010000
0.384942	0.646075	-4.117996	17.110000
0.395170	0.644301	-4.120862	17.211000
0.405461	0.647500	-4.116201	17.310000
0.415765	0.648041	-4.112859	17.410000
0.425918	0.649288	-4.123429	17.510000
0.436380	0.651840	-4.123677	17.610000
0.446674	0.652858	-4.120520	17.710000
0.456829	0.660582	-4.123529	17.811000
0.467395	0.674530	-4.175064	17.910000
0.477656	0.705996	-4.313583	18.010000
0.487723	0.776581	-4.568800	18.110000
0.498316	0.954224	-5.018351	18.210000
0.508491	1.705152	-5.851486	18.311000
0.518956	2.817106	-6.511461	18.410000
0.529420	2.597698	-6.612670	18.511000
0.539860	1.921306	-6.412316	18.610000
0.550326	1.421797	-6.050908	18.710000
0.560252	1.155826	-5.655485	18.811000
0.570763	1.033972	-5.345533	18.910000
0.581405	0.987127	-5.154607	19.011000
0.592144	0.966759	-5.049665	19.110000
0.602503	0.959480	-4.978400	19.210000
0.613009	0.962731	-4.924612	19.311000
0.623343	0.972867	-4.872885	19.410000
0.633624	0.988225	-4.835707	19.510000
0.644368	1.008648	-4.818626	19.610000
0.654887	1.042472	-4.809725	19.710000
0.665387	1.093748	-4.802136	19.810000
0.675970	1.160453	-4.788993	19.910000
0.686274	1.244714	-4.773465	20.010000
0.697269	1.339792	-4.757316	20.110000
0.708273	1.436087	-4.719006	20.210000
0.718918	1.525594	-4.678644	20.310000
0.729545	1.598208	-4.635694	20.410000
0.740239	1.659592	-4.584721	20.510000
0.750885	1.706313	-4.527668	20.610000
0.761043	1.733716	-4.473525	20.711000
0.771596	1.756560	-4.436924	20.810000
0.782006	1.777445	-4.403737	20.910000
0.792363	1.786685	-4.381638	21.010000
0.802936	1.794758	-4.370300	21.110000
0.813492	1.797241	-4.363016	21.210000
0.824044	1.797105	-4.361285	21.310000
0.834831	1.799043	-4.348954	21.410000
0.845345	1.797833	-4.334501	21.510000
0.855422	1.798539	-4.330626	21.610000
0.866145	1.799194	-4.332595	21.710000
0.877039	1.800246	-4.331306	21.810000
0.888073	1.803568	-4.330646	21.910000
0.898976	1.803383	-4.323991	22.011000
0.909379	1.804229	-4.315813	22.110000
0.920339	1.801700	-4.316797	22.210000
0.930969	1.800772	-4.323809	22.310000
0.941674	1.804181	-4.326562	22.410000
0.952663	1.806494	-4.317944	22.511000
0.963389	1.807933	-4.310600	22.610000
0.974332	1.809878	-4.311213	22.710000
0.984926	1.812650	-4.315770	22.810000
0.995546	1.814297	-4.313560	22.911000
1.006856	1.817276	-4.306592	23.010000
1.017729	1.814696	-4.303754	23.110000
1.028397	1.808476	-4.309370	23.210000
1.039231	1.806378	-4.320653	23.310000
1.049881	1.809718	-4.326790	23.410000
1.060819	1.809487	-4.314740	23.510000
1.072100	1.809108	-4.309800	23.610000
1.083053	1.804961	-4.315796	23.711000
1.094048	1.806622	-4.322548	23.810000
1.104875	1.811247	-4.320658	23.910000
1.115762	1.811680	-4.323135	24.010000
1.126526	1.807433	-4.318019	24.110000
1.137639	1.807296	-4.327880	24.210000
1.148683	1.806399	-4.334846	24.310000
1.159437	1.804785	-4.334515	24.410000
1.170397	1.802533	-4.331642	24.510000
1.181364	1.796177	-4.330751	24.610000
1.192591	1.793127	-4.326683	24.710000
1.203784	1.794067	-4.321022	24.811000
1.214732	1.795851	-4.325365	24.911000
1.225497	1.800356	-4.330111	25.010000
1.236797	1.808544	-4.328192	25.110000
1.247540	1.812887	-4.323474	25.210000
1.258266	1.810904	-4.315341	25.310000
1.269174	1.812909	-4.320673	25.410000
1.280287	1.812378	-4.314876	25.510000
1.291400	1.810419	-4.309133	25.611000
1.302290	1.813943	-4.308531	25.710000
1.312768	1.812717	-4.316997	25.810000
1.323672	1.806492	-4.323132	25.910000
1.334785	1.800077	-4.324255	26.010000
1.345692	1.802956	-4.324432	26.110000
1.356567	1.800624	-4.321666	26.210000
1.367636	1.798777	-4.319922	26.310000
1.378643	1.795830	-4.318042	26.410000
1.390028	1.793693	-4.317108	26.510000
1.401375	1.794885	-4.313186	26.611000
1.412059	1.797863	-4.312830	26.710000
1.423010	1.798687	-4.312241	26.810000
1.434121	1.797763	-4.315383	26.911000
1.445168	1.800531	-4.317887	27.010000
1.456575	1.805824	-4.323446	27.110000
1.467284	1.812435	-4.324070	27.210000
1.478269	1.813712	-4.319094	27.310000
1.488828	1.808462	-4.315612	27.410000
1.500734	1.806090	-4.316372	27.511000
1.511700	1.812114	-4.310037	27.610000
1.523312	1.816917	-4.307821	27.710000
1.534867	1.812221	-4.307956	27.810000
1.545527	1.809276	-4.304556	27.910000
1.556531	1.810914	-4.304932	28.010000
1.567717	1.810787	-4.311267	28.110000
1.578873	1.808438	-4.311078	28.211000
1.589968	1.809654	-4.311426	28.310000
1.600772	1.807404	-4.311535	28.410000
1.611950	1.808714	-4.315308	28.510000
1.623123	1.810827	-4.316156	28.610000
1.634282	1.812594	-4.313160	28.710000
1.645714	1.811373	-4.308464	28.810000
1.656878	1.809996	-4.303646	28.910000
1.668229	1.805606	-4.304223	29.010000
1.678677	1.802663	-4.309707	29.111000
1.690186	1.800721	-4.305202	29.210000
1.701923	1.796958	-4.308163	29.310000
1.712681	1.795661	-4.310936	29.410000
1.724055	1.796441	-4.306365	29.511000
1.736057	1.799293	-4.298312	29.610000
1.746263	1.800991	-4.296482	29.710000
1.757899	1.798477	-4.307071	29.810000
1.769044	1.799316	-4.307093	29.910000
1.780238	1.800263	-4.299360	30.010000
1.791544	1.801341	-4.298748	30.110000
1.802743	1.801497	-4.303794	30.211000
1.813674	1.799711	-4.305449	30.310000
1.824717	1.802634	-4.304756	30.410000
1.836115	1.807922	-4.298635	30.510000
1.847084	1.808474	-4.304120	30.610000
1.857935	1.806707	-4.304313	30.710000
1.869211	1.809420	-4.298231	30.810000
1.880647	1.809127	-4.302859	30.910000
1.891970	1.803884	-4.309854	31.010000
1.903333	1.805992	-4.308928	31.111000
1.914740	1.806146	-4.310337	31.210000
1.925526	1.798627	-4.315695	31.310000
1.936918	1.794346	-4.326619	31.410000
1.948160	1.796084	-4.333068	31.510000
1.960030	1.799241	-4.333653	31.610000
1.971173	1.799245	-4.326238	31.710000
1.982075	1.800613	-4.308336	31.810000
1.993257	1.804059	-4.305528	31.910000
2.004911	1.806367	-4.310946	32.010000
2.016461	1.801197	-4.318591	32.110000
2.028096	1.799396	-4.315803	32.210000
2.039212	1.802000	-4.307212	32.310000
2.050599	1.796821	-4.301388	32.410000
2.061758	1.794878	-4.300121	32.510000
2.073243	1.797617	-4.298309	32.610000
2.084677	1.800253	-4.297801	32.710000
2.096340	1.808205	-4.291151	32.810000
2.107459	1.815953	-4.288514	32.910000
2.118689	1.811414	-4.291377	33.010000
2.129896	1.806413	-4.302386	33.111000
2.141242	1.800751	-4.316437	33.210000
2.152608	1.799016	-4.329727	33.310000
2.164043	1.797626	-4.325868	33.410000
2.175693	1.799806	-4.312923	33.510000
2.186961	1.798149	-4.296874	33.610000
2.198492	1.797640	-4.288169	33.710000
2.209478	1.798588	-4.295294	33.810000
2.220562	1.794813	-4.294158	33.910000
2.231973	1.789966	-4.287152	34.010000
2.243339	1.788945	-4.292482	34.110000
2.254770	1.789531	-4.296539	34.210000
2.266088	1.789999	-4.301618	34.310000
2.277477	1.792783	-4.302136	34.411000
2.289140	1.799739	-4.311570	34.510000
2.300324	1.806767	-4.311445	34.610000
2.311692	1.809928	-4.310790	34.710000
2.323135	1.809069	-4.309801	34.810000
2.334211	1.806169	-4.307589	34.910000
2.345405	1.802705	-4.312002	35.011000
2.356809	1.802819	-4.309721	35.111000
2.368356	1.801882	-4.305615	35.210000
2.379645	1.801889	-4.299827	35.310000
2.391089	1.800694	-4.298446	35.410000
2.402335	1.799289	-4.310889	35.510000
2.414183	1.796255	-4.315987	35.610000
2.425823	1.793478	-4.313924	35.710000
2.436887	1.793729	-4.314585	35.810000
2.448620	1.796419	-4.322585	35.910000
2.459582	1.798344	-4.320413	36.010000
2.471511	1.797238	-4.309638	36.110000
2.483087	1.795220	-4.313682	36.210000
2.494550	1.792734	-4.319089	36.310000
2.505912	1.792548	-4.320444	36.410000
2.517023	1.790034	-4.315777	36.510000
2.528355	1.796278	-4.310784	36.610000
2.539954	1.797898	-4.308734	36.710000
2.551580	1.800944	-4.310218	36.810000
2.563109	1.802455	-4.314789	36.911000
2.574241	1.804502	-4.321101	37.010000
2.585466	1.801169	-4.317053	37.110000
2.597065	1.798780	-4.311569	37.210000
2.608265	1.796550	-4.303327	37.311000
2.619954	1.797294	-4.296239	37.410000
2.631273	1.801754	-4.292836	37.510000
2.642691	1.804492	-4.305946	37.610000
2.653971	1.805143	-4.310762	37.710000
2.665381	1.800844	-4.306243	37.810000
2.676560	1.801326	-4.300108	37.910000
2.687854	1.801673	-4.291839	38.010000
2.698938	1.796186	-4.288070	38.110000
2.710473	1.787451	-4.296712	38.210000
2.721906	1.786114	-4.297911	38.310000
2.733371	1.790178	-4.302771	38.411000
2.745270	1.797406	-4.310657	38.510000
2.756703	1.800411	-4.313221	38.610000
2.768008	1.800552	-4.313965	38.711000
2.779174	1.798873	-4.311749	38.810000
2.790541	1.794803	-4.310440	38.911000
2.802016	1.798240	-4.310372	39.010000
2.813271	1.802403	-4.316221	39.110000
2.824399	1.801163	-4.318454	39.210000
2.835927	1.797351	-4.313214	39.310000
2.847431	1.794725	-4.312633	39.411000
2.858812	1.794818	-4.307887	39.510000
2.869790	1.792708	-4.307927	39.610000
2.881093	1.792041	-4.310886	39.710000
2.892428	1.794890	-4.304349	39.810000
2.903824	1.793512	-4.305880	39.910000
2.915070	1.790613	-4.318446	40.011000
2.926481	1.789355	-4.319299	40.110000
2.938486	1.785668	-4.323026	40.210000
2.949917	1.785989	-4.324010	40.310000
2.961189	1.784907	-4.313441	40.410000
2.972443	1.789356	-4.308045	40.510000
2.983967	1.798072	-4.309737	40.610000
2.995375	1.799916	-4.310848	40.711000
3.007310	1.799379	-4.304943	40.811000
3.018249	1.804187	-4.292178	40.910000
3.029757	1.804840	-4.292856	41.010000
3.041101	1.803435	-4.310529	41.110000
3.052396	1.799452	-4.310449	41.210000
3.064240	1.795887	-4.300707	41.310000
3.076184	1.793058	-4.298406	41.410000
3.087537	1.785966	-4.303064	41.511000
3.099082	1.786211	-4.302630	41.610000
3.110047	1.790196	-4.297258	41.710000
3.122005	1.793871	-4.301076	41.810000
3.133584	1.793369	-4.302313	41.910000
3.144875	1.794528	-4.299045	42.011000
3.156951	1.793834	-4.303070	42.110000
3.167757	1.794690	-4.307209	42.210000
3.179111	1.794781	-4.305201	42.310000
3.190726	1.791420	-4.300689	42.410000
3.202733	1.790511	-4.297147	42.510000
3.214392	1.790632	-4.300387	42.610000
3.225913	1.790892	-4.295114	42.710000
3.237153	1.792364	-4.288277	42.810000
3.248454	1.795042	-4.294792	42.910000
3.259878	1.796118	-4.299843	43.010000
3.271266	1.797186	-4.310143	43.110000
3.282623	1.793135	-4.312878	43.210000
3.294169	1.785752	-4.308118	43.310000
3.305725	1.790575	-4.306900	43.410000
3.316801	1.792896	-4.309862	43.510000
3.327972	1.791127	-4.312647	43.610000
3.339467	1.790024	-4.313058	43.710000
3.351232	1.791866	-4.317429	43.810000
3.362124	1.793904	-4.318728	43.911000
3.373723	1.791111	-4.319705	44.010000
3.385001	1.788632	-4.322185	44.110000
3.396103	1.785031	-4.325669	44.210000
3.407625	1.793911	-4.316154	44.310000
3.419107	1.802041	-4.313464	44.411000
3.430148	1.804175	-4.311687	44.511000
3.441709	1.804894	-4.312645	44.610000
3.452937	1.802107	-4.315204	44.710000
3.464810	1.799941	-4.313215	44.810000
3.475949	1.798974	-4.310631	44.910000
3.487768	1.795398	-4.310416	45.010000
3.499093	1.797819	-4.313605	45.110000
3.510225	1.799441	-4.315356	45.210000
3.522109	1.795253	-4.314428	45.310000
3.533628	1.791227	-4.312094	45.410000
3.544992	1.790308	-4.304215	45.510000
3.556186	1.792316	-4.300088	45.610000
3.567636	1.790351	-4.297728	45.710000
3.578980	1.787930	-4.297167	45.810000
3.590681	1.785229	-4.297247	45.910000
3.602391	1.788944	-4.297242	46.010000
3.613670	1.789958	-4.303444	46.110000
3.625386	1.791381	-4.310646	46.210000
3.636459	1.792956	-4.314588	46.310000
3.647755	1.789775	-4.308058	46.410000
3.659718	1.789749	-4.301698	46.510000
3.671086	1.793041	-4.290161	46.610000
3.682641	1.794297	-4.285848	46.710000
3.693937	1.793123	-4.287097	46.810000
3.705198	1.791738	-4.286882	46.910000
3.716778	1.791194	-4.290852	47.010000
3.728373	1.791339	-4.301900	47.110000
3.739842	1.794301	-4.312556	47.210000
3.751150	1.792312	-4.314877	47.310000
3.762557	1.791454	-4.318464	47.410000
3.773956	1.796786	-4.325047	47.510000
3.785419	1.795966	-4.330679	47.611000
3.797263	1.791268	-4.329312	47.710000
3.808560	1.787395	-4.325768	47.810000
3.820183	1.789898	-4.318171	47.910000
3.831298	1.792079	-4.312905	48.010000
3.842536	1.790032	-4.313067	48.110000
3.854000	1.789109	-4.313710	48.210000
3.865064	1.787907	-4.326532	48.310000
3.876394	1.791103	-4.336989	48.411000
3.887901	1.794784	-4.330876	48.510000
3.899233	1.793625	-4.315239	48.611000
3.910619	1.791727	-4.309501	48.710000
3.922142	1.788529	-4.312806	48.810000
3.933410	1.785302	-4.312890	48.910000
3.944816	1.786359	-4.311192	49.010000
3.956120	1.791361	-4.317561	49.110000
3.967249	1.797368	-4.321099	49.210000
3.978798	1.797700	-4.317696	49.310000
3.990402	1.794974	-4.308279	49.410000
4.001771	1.794971	-4.305731	49.511000
4.013324	1.798867	-4.308308	49.610000
4.024387	1.798559	-4.307324	49.710000
4.035817	1.797890	-4.312637	49.810000
4.047694	1.789277	-4.319065	49.910000
4.058821	1.781866	-4.309540	50.011000
4.070749	1.782620	-4.301926	50.111000
4.081940	1.787064	-4.292606	50.210000
4.092869	1.789017	-4.288441	50.310000
4.104491	1.792095	-4.292154	50.410000
4.116017	1.795034	-4.293227	50.510000
4.127703	1.792320	-4.291952	50.610000
4.138934	1.791057	-4.282800	50.710000
4.150342	1.791517	-4.273050	50.810000
4.161567	1.793753	-4.277868	50.910000
4.172895	1.789929	-4.283717	51.010000
4.184698	1.786687	-4.291949	51.110000
4.196119	1.782402	-4.295490	51.210000
4.207569	1.780172	-4.298981	51.310000
4.218878	1.779134	-4.306200	51.410000
4.230010	1.782716	-4.307320	51.510000
4.241587	1.784890	-4.307964	51.610000
4.253028	1.785561	-4.300539	51.710000
4.264218	1.787454	-4.291006	51.810000
4.275842	1.788379	-4.294528	51.910000
4.287088	1.793602	-4.291356	52.010000
4.298552	1.798563	-4.291922	52.111000
4.310402	1.795979	-4.291685	52.210000
4.321617	1.794164	-4.298730	52.310000
4.333174	1.791122	-4.306727	52.410000
4.344497	1.785766	-4.308679	52.510000
4.355287	1.786173	-4.303883	52.610000
4.366855	1.787499	-4.296010	52.710000
4.378259	1.785604	-4.294443	52.810000
4.389329	1.782846	-4.301083	52.910000
4.400336	1.785849	-4.305180	53.010000
4.412280	1.791553	-4.305687	53.110000
4.423211	1.795702	-4.311882	53.210000
4.434176	1.796222	-4.314945	53.310000
4.445895	1.797658	-4.312683	53.410000
4.456914	1.793347	-4.312898	53.510000
4.468289	1.784127	-4.314748	53.610000
4.479932	1.779276	-4.308162	53.710000
4.491063	1.786114	-4.296774	53.810000
4.502097	1.792832	-4.296232	53.910000
4.514258	1.791477	-4.306763	54.011000
4.526037	1.788756	-4.305140	54.110000
4.537209	1.790393	-4.302103	54.210000
4.547669	1.794721	-4.307794	54.310000
4.559517	1.795375	-4.312358	54.410000
4.571157	1.795989	-4.308341	54.510000
4.581964	1.795426	-4.297043	54.610000
4.593143	1.790928	-4.296664	54.710000
4.604595	1.791316	-4.291708	54.810000
4.615970	1.787603	-4.289568	54.910000
4.626595	1.783652	-4.290596	55.010000
4.638177	1.782266	-4.294390	55.111000
4.649905	1.783857	-4.299586	55.210000
4.661502	1.787886	-4.303083	55.310000
4.672757	1.792089	-4.300668	55.410000
4.683444	1.792539	-4.287909	55.510000
4.694898	1.792645	-4.283693	55.611000
4.706543	1.792342	-4.284785	55.710000
4.717942	1.793117	-4.280790	55.810000
4.729670	1.791451	-4.281923	55.910000
4.741060	1.791675	-4.282468	56.010000
4.752419	1.792398	-4.277732	56.110000
4.763787	1.790773	-4.281439	56.210000
4.774651	1.790720	-4.287422	56.311000
4.786047	1.791824	-4.294576	56.411000
4.797686	1.793241	-4.298851	56.510000
4.808776	1.789529	-4.296449	56.610000
4.820299	1.789250	-4.293903	56.710000
4.831334	1.787945	-4.295030	56.810000
4.842896	1.789532	-4.295976	56.911000
4.854663	1.789238	-4.296754	57.010000
4.865143	1.790855	-4.300028	57.110000
4.876461	1.788742	-4.302626	57.210000
4.888398	1.787016	-4.305241	57.310000
4.899782	1.790951	-4.312766	57.411000
4.910173	1.793086	-4.316107	57.510000
4.922277	1.792345	-4.310473	57.610000
4.932584	1.792516	-4.308859	57.710000
4.944095	1.792857	-4.302738	57.810000
4.955390	1.792123	-4.305046	57.910000
4.966280	1.785055	-4.307012	58.010000
4.977923	1.781673	-4.310108	58.114000
4.989379	1.783750	-4.304344	58.210000
4.999933	1.787097	-4.295971	58.310000
5.011263	1.790025	-4.299437	58.411000
5.023087	1.789473	-4.305183	58.510000
5.034383	1.784482	-4.314473	58.610000
5.046002	1.781543	-4.314552	58.711000
5.056877	1.781495	-4.314547	58.810000
5.068113	1.779698	-4.309544	58.910000
5.079588	1.777148	-4.303035	59.010000
5.090978	1.777079	-4.293085	59.110000
5.102146	1.781645	-4.290599	59.210000
5.113304	1.782580	-4.294182	59.310000
5.124644	1.783426	-4.295119	59.410000
5.135667	1.782651	-4.292153	59.510000
5.147315	1.783000	-4.292594	59.610000
5.158585	1.787648	-4.296299	59.710000
5.169372	1.794012	-4.305792	59.810000
5.181063	1.788852	-4.315698	59.910000
5.191997	1.784814	-4.315514	60.010000
5.203201	1.779786	-4.307454	60.110000
5.214630	1.778005	-4.305775	60.210000
5.225928	1.777896	-4.307361	60.310000
5.237339	1.781552	-4.303480	60.410000
5.248746	1.784425	-4.303107	60.510000
5.259764	1.783801	-4.303907	60.610000
5.270858	1.783247	-4.299547	60.710000
5.282479	1.779995	-4.296623	60.810000
5.293573	1.777303	-4.297759	60.910000
5.304738	1.782606	-4.294950	61.010000
5.315852	1.782268	-4.299023	61.110000
5.326857	1.784064	-4.303677	61.210000
5.338360	1.784758	-4.302556	61.310000
5.349808	1.782649	-4.306733	61.411000
5.361172	1.777900	-4.309322	61.511000
5.372294	1.773931	-4.310798	61.610000
5.383216	1.775365	-4.309564	61.710000
5.387228	1.781933	-4.307670	61.810000
5.386193	1.784510	-4.304717	61.910000
5.383019	1.781505	-4.301255	62.010000
5.379267	1.779491	-4.302700	62.110000
5.374194	1.779512	-4.305847	62.210000
5.368647	1.782022	-4.297826	62.310000
5.363138	1.782186	-4.295835	62.411000
5.357262	1.782267	-4.296612	62.510000
5.350997	1.782839	-4.295819	62.610000
5.344090	1.785939	-4.292313	62.710000
5.337472	1.783595	-4.286674	62.810000
5.330066	1.776744	-4.287097	62.910000
5.322905	1.780481	-4.287232	63.010000
5.315385	1.780163	-4.291511	63.110000
5.308059	1.778561	-4.299700	63.210000
5.300149	1.778293	-4.299776	63.310000
5.292092	1.782043	-4.295377	63.410000
5.284440	1.788134	-4.293018	63.510000
5.276272	1.790095	-4.299097	63.610000
5.267588	1.786279	-4.302715	63.710000
5.259096	1.787034	-4.306453	63.810000
5.251149	1.784936	-4.305715	63.911000
5.242230	1.784976	-4.304509	64.010000
5.233710	1.786327	-4.293622	64.110000
5.225324	1.788138	-4.290296	64.210000
5.216432	1.788574	-4.288702	64.310000
5.207914	1.787369	-4.294362	64.410000
5.198639	1.787641	-4.305391	64.511000
5.190090	1.780337	-4.311389	64.610000
5.181085	1.777057	-4.310563	64.710000
5.171976	1.776981	-4.309393	64.810000
5.163040	1.773136	-4.305256	64.910000
5.153993	1.772423	-4.300482	65.010000
5.144785	1.775763	-4.301447	65.110000
5.135622	1.779626	-4.304492	65.210000
5.126668	1.780010	-4.308655	65.310000
5.117187	1.780978	-4.312480	65.410000
5.107993	1.782204	-4.318362	65.510000
5.098589	1.782203	-4.315959	65.610000
5.089093	1.785410	-4.306170	65.710000
5.079994	1.791931	-4.295716	65.810000
5.070606	1.793484	-4.301296	65.910000
5.061226	1.788162	-4.299554	66.010000
5.051820	1.782811	-4.297809	66.110000
5.042354	1.782179	-4.302708	66.210000
5.033009	1.784555	-4.312930	66.310000
5.023709	1.784036	-4.316932	66.411000
5.013984	1.779998	-4.319800	66.510000
5.004500	1.782789	-4.320123	66.610000
4.994912	1.786668	-4.318986	66.710000
4.985046	1.785609	-4.309513	66.810000
4.975382	1.783624	-4.305966	66.910000
4.966182	1.777283	-4.305513	67.010000
4.956496	1.777795	-4.310267	67.111000
4.946715	1.780682	-4.311114	67.210000
4.936898	1.785283	-4.312550	67.310000
4.926975	1.784948	-4.313687	67.410000
4.917572	1.786175	-4.305160	67.510000
4.907861	1.788304	-4.304550	67.610000
4.897824	1.791536	-4.304225	67.710000
4.888222	1.793529	-4.297570	67.810000
4.878047	1.797322	-4.299236	67.910000
4.868017	1.794115	-4.307031	68.011000
4.857938	1.789999	-4.306970	68.111000
4.848427	1.790200	-4.293025	68.210000
4.838716	1.792042	-4.286470	68.310000
4.828614	1.786967	-4.291778	68.410000
4.818232	1.782479	-4.302250	68.510000
4.808301	1.785521	-4.305304	68.611000
4.798535	1.791769	-4.305760	68.710000
4.788434	1.794088	-4.301153	68.811000
4.778626	1.793379	-4.298827	68.910000
4.768951	1.789212	-4.298014	69.010000
4.758744	1.787547	-4.297040	69.110000
4.748791	1.787713	-4.303234	69.210000
4.738870	1.788758	-4.312339	69.310000
4.729001	1.786389	-4.307627	69.410000
4.718866	1.788491	-4.296782	69.510000
4.708825	1.790020	-4.291429	69.610000
4.698400	1.793649	-4.288643	69.710000
4.688348	1.792903	-4.288248	69.810000
4.678424	1.788746	-4.294160	69.910000
4.668114	1.785341	-4.298569	70.010000
4.657990	1.785711	-4.314064	70.110000
4.647742	1.789148	-4.320151	70.210000
4.637655	1.790898	-4.307825	70.310000
4.627836	1.796889	-4.302591	70.410000
4.617430	1.798945	-4.307389	70.510000
4.607333	1.796283	-4.308629	70.610000
4.597438	1.794482	-4.310746	70.710000
4.587267	1.793405	-4.307852	70.810000
4.577148	1.792622	-4.298192	70.910000
4.567249	1.797763	-4.292447	71.011000
4.556946	1.798582	-4.288647	71.110000
4.546584	1.793368	-4.287840	71.210000
4.535970	1.794938	-4.287851	71.310000
4.525635	1.799072	-4.292787	71.410000
4.515029	1.794440	-4.298950	71.510000
4.504809	1.787962	-4.297640	71.610000
4.494517	1.786393	-4.297859	71.710000
4.484039	1.789966	-4.297413	71.810000
4.473607	1.795624	-4.290438	71.910000
4.463058	1.793753	-4.289248	72.010000
4.452590	1.793114	-4.292403	72.110000
4.442491	1.792753	-4.293869	72.210000
4.431835	1.797112	-4.294029	72.311000
4.421516	1.799093	-4.290893	72.411000
4.411341	1.789220	-4.298425	72.510000
4.400836	1.783995	-4.308252	72.610000
4.390518	1.779989	-4.309066	72.710000
4.379920	1.781706	-4.298720	72.810000
4.369689	1.784931	-4.288317	72.911000
4.358715	1.790534	-4.292000	73.010000
4.348277	1.789062	-4.301596	73.110000
4.337713	1.790378	-4.304750	73.210000
4.327466	1.794730	-4.311851	73.310000
4.316875	1.794409	-4.313205	73.411000
4.306003	1.791030	-4.312559	73.510000
4.295275	1.793045	-4.310553	73.610000
4.284665	1.790976	-4.302868	73.710000
4.274002	1.793515	-4.290172	73.810000
4.263858	1.791860	-4.287721	73.910000
4.252985	1.789575	-4.287579	74.010000
4.242396	1.790623	-4.288684	74.110000
4.231598	1.795984	-4.295122	74.210000
4.220850	1.793463	-4.305405	74.310000
4.210514	1.786717	-4.295892	74.410000
4.199876	1.788628	-4.279517	74.510000
4.189200	1.792359	-4.275821	74.611000
4.178472	1.796799	-4.290646	74.710000
4.167856	1.793692	-4.302511	74.810000
4.157643	1.788308	-4.296098	74.910000
4.147098	1.790262	-4.289513	75.011000
4.136044	1.789483	-4.291704	75.110000
4.125651	1.785262	-4.295333	75.210000
4.115014	1.793777	-4.293204	75.311000
4.104441	1.799982	-4.300028	75.411000
4.093879	1.799011	-4.299373	75.511000
4.083308	1.792529	-4.295571	75.611000
4.072330	1.791452	-4.294098	75.710000
4.061923	1.790866	-4.295374	75.810000
4.051180	1.794696	-4.290351	75.910000
4.040016	1.793572	-4.299312	76.010000
4.029479	1.789679	-4.306573	76.110000
4.018909	1.782284	-4.310577	76.210000
4.008129	1.782995	-4.314255	76.311000
3.997401	1.784877	-4.310984	76.410000
3.986449	1.783547	-4.301265	76.510000
3.975567	1.783249	-4.296293	76.610000
3.965011	1.784050	-4.300168	76.710000
3.954373	1.784042	-4.297481	76.810000
3.943258	1.791609	-4.297908	76.911000
3.932203	1.794737	-4.301062	77.010000
3.921072	1.794105	-4.305051	77.110000
3.910258	1.794169	-4.312445	77.210000
3.899625	1.795398	-4.319077	77.310000
3.888807	1.793551	-4.321371	77.410000
3.878091	1.794078	-4.312200	77.510000
3.866996	1.790919	-4.298662	77.611000
3.855637	1.789509	-4.289189	77.710000
3.844802	1.785480	-4.295329	77.810000
3.834160	1.786587	-4.297376	77.910000
3.823223	1.787524	-4.300251	78.010000
3.812259	1.785744	-4.294846	78.110000
3.801511	1.786415	-4.295316	78.210000
3.790693	1.786011	-4.294890	78.310000
3.779684	1.787336	-4.293686	78.410000
3.768876	1.789336	-4.294398	78.510000
3.758009	1.791384	-4.300210	78.610000
3.746955	1.790806	-4.299741	78.710000
3.735767	1.785766	-4.299291	78.810000
3.724707	1.783853	-4.305757	78.910000
3.713853	1.783209	-4.296107	79.010000
3.702985	1.787853	-4.288462	79.110000
3.691850	1.792779	-4.293636	79.210000
3.681149	1.793150	-4.296108	79.310000
3.669945	1.795774	-4.296271	79.410000
3.659117	1.794662	-4.300598	79.510000
3.648130	1.792135	-4.299800	79.610000
3.636987	1.794592	-4.303985	79.710000
3.626218	1.796358	-4.298050	79.810000
3.615271	1.802679	-4.296579	79.910000
3.604355	1.808428	-4.300963	80.010000
3.593301	1.807023	-4.303193	80.110000
3.582438	1.795481	-4.297607	80.210000
3.571352	1.789607	-4.295180	80.310000
3.560644	1.792189	-4.299882	80.411000
3.549143	1.795575	-4.307409	80.510000
3.538031	1.795114	-4.310179	80.610000
3.527051	1.794241	-4.312719	80.710000
3.516149	1.790646	-4.316831	80.811000
3.505166	1.788391	-4.312708	80.910000
3.493873	1.790382	-4.309372	81.010000
3.482533	1.796386	-4.311695	81.110000
3.471381	1.794013	-4.308394	81.210000
3.460485	1.787306	-4.304536	81.310000
3.449488	1.778866	-4.310539	81.410000
3.438644	1.775492	-4.322859	81.510000
3.427285	1.777569	-4.330020	81.610000
3.416048	1.782284	-4.324649	81.710000
3.404698	1.785986	-4.314186	81.810000
3.393884	1.789788	-4.313062	81.910000
3.382447	1.791477	-4.315039	82.010000
3.371545	1.790599	-4.316491	82.110000
3.359949	1.791534	-4.315779	82.210000
3.348495	1.797649	-4.322964	82.310000
3.337533	1.799568	-4.319397	82.410000
3.326409	1.797542	-4.311670	82.510000
3.315304	1.794904	-4.312991	82.610000
3.304268	1.791903	-4.314396	82.710000
3.292973	1.786054	-4.319861	82.810000
3.281627	1.785865	-4.328172	82.910000
3.270663	1.785969	-4.324026	83.010000
3.259530	1.788912	-4.322114	83.110000
3.248416	1.789857	-4.320458	83.210000
3.237210	1.790306	-4.321094	83.310000
3.225664	1.788384	-4.319519	83.410000
3.214578	1.784753	-4.313716	83.510000
3.203269	1.786023	-4.308708	83.610000
3.191949	1.790298	-4.307146	83.710000
3.180931	1.794836	-4.295776	83.811000
3.169886	1.794586	-4.289021	83.910000
3.158992	1.787623	-4.294859	84.010000
3.147780	1.784888	-4.300751	84.110000
3.136962	1.785452	-4.291417	84.210000
3.125689	1.788854	-4.288747	84.311000
3.114308	1.795434	-4.297531	84.411000
3.102957	1.796193	-4.305663	84.510000
3.091684	1.789872	-4.305280	84.610000
3.080757	1.787803	-4.305903	84.710000
3.069662	1.790009	-4.303915	84.810000
3.058650	1.789923	-4.297129	84.910000
3.047362	1.790589	-4.299180	85.011000
3.035101	1.791496	-4.304572	85.110000
3.024060	1.796970	-4.306134	85.210000
3.012721	1.794222	-4.308756	85.310000
3.001678	1.788243	-4.310050	85.410000
2.990400	1.788979	-4.309671	85.510000
2.979698	1.793099	-4.298529	85.611000
2.967998	1.799031	-4.295936	85.711000
2.957158	1.796592	-4.303511	85.810000
2.945899	1.791823	-4.312657	85.910000
2.934802	1.791796	-4.321275	86.010000
2.923435	1.792713	-4.321504	86.110000
2.912078	1.790858	-4.315358	86.210000
2.900853	1.793423	-4.306907	86.310000
2.889311	1.796450	-4.306637	86.410000
2.878263	1.801122	-4.306040	86.510000
2.866987	1.803814	-4.299187	86.610000
2.855678	1.804520	-4.297595	86.710000
2.844024	1.803780	-4.294708	86.810000
2.832486	1.800100	-4.297718	86.912000
2.821238	1.801035	-4.297933	87.010000
2.810095	1.801541	-4.292908	87.110000
2.798842	1.799450	-4.293959	87.210000
2.787441	1.796069	-4.304621	87.310000
2.775781	1.794256	-4.308153	87.410000
2.764375	1.794400	-4.307302	87.510000
2.753159	1.794721	-4.305479	87.610000
2.741711	1.793693	-4.303839	87.710000
2.730629	1.790742	-4.306945	87.810000
2.719044	1.788080	-4.307321	87.910000
2.707226	1.791098	-4.299192	88.010000
2.695629	1.797511	-4.291723	88.110000
2.684843	1.801110	-4.291704	88.210000
2.673129	1.804930	-4.294683	88.310000
2.662063	1.801618	-4.307134	88.410000
2.650369	1.798041	-4.313676	88.510000
2.639079	1.801331	-4.312873	88.610000
2.628029	1.798001	-4.312460	88.711000
2.616320	1.794317	-4.308705	88.810000
2.605408	1.795580	-4.309443	88.910000
2.593868	1.795153	-4.311364	89.010000
2.582261	1.795319	-4.313034	89.110000
2.570586	1.794964	-4.315259	89.210000
2.559319	1.795312	-4.311765	89.311000
2.547939	1.798956	-4.305360	89.410000
2.536497	1.802107	-4.294856	89.510000
2.525186	1.799997	-4.300697	89.610000
2.513701	1.800208	-4.312457	89.710000
2.502312	1.797321	-4.308806	89.811000
2.491040	1.794481	-4.306967	89.910000
2.479597	1.797801	-4.309395	90.010000
2.468540	1.803036	-4.309531	90.110000
2.456088	1.808127	-4.311438	90.210000
2.444471	1.809150	-4.315510	90.310000
2.432755	1.809937	-4.316029	90.410000
2.421403	1.806240	-4.316290	90.510000
2.410527	1.800436	-4.324967	90.610000
2.399566	1.796094	-4.327335	90.710000
2.387297	1.791928	-4.319790	90.810000
2.375770	1.792063	-4.328792	90.910000
2.364330	1.795965	-4.326283	91.010000
2.352943	1.797376	-4.319331	91.110000
2.341648	1.794230	-4.312738	91.210000
2.330050	1.790620	-4.309126	91.310000
2.318140	1.789740	-4.309397	91.410000
2.306476	1.794118	-4.310233	91.510000
2.295246	1.801111	-4.303546	91.610000
2.283701	1.803349	-4.297039	91.710000
2.272041	1.802428	-4.306122	91.811000
2.260522	1.803774	-4.313909	91.910000
2.248941	1.803338	-4.316578	92.010000
2.237404	1.804767	-4.321259	92.110000
2.226244	1.804389	-4.323463	92.210000
2.214421	1.805306	-4.323292	92.310000
2.203395	1.803239	-4.317892	92.411000
2.191538	1.803595	-4.315560	92.511000
2.179667	1.802433	-4.314594	92.610000
2.168251	1.801809	-4.315234	92.710000
2.156919	1.798382	-4.310007	92.810000
2.145477	1.797387	-4.302981	92.910000
2.133821	1.803661	-4.292908	93.010000
2.122642	1.806098	-4.284969	93.110000
2.111451	1.806179	-4.283596	93.210000
2.100114	1.801769	-4.289791	93.310000
2.088373	1.796388	-4.294813	93.411000
2.076961	1.793312	-4.304838	93.510000
2.066045	1.793426	-4.306722	93.610000
2.053588	1.796020	-4.307376	93.710000
2.042430	1.796070	-4.314835	93.810000
2.030469	1.798446	-4.320929	93.910000
2.019972	1.801111	-4.323631	94.010000
2.008283	1.803736	-4.325497	94.111000
1.996823	1.801306	-4.320595	94.210000
1.984829	1.805971	-4.314344	94.310000
1.973495	1.803321	-4.308779	94.410000
1.962001	1.799093	-4.304730	94.510000
1.950493	1.801980	-4.305655	94.610000
1.939139	1.801855	-4.318292	94.711000
1.927090	1.802263	-4.326881	94.810000
1.915463	1.801930	-4.317268	94.910000
1.903772	1.801076	-4.310700	95.010000
1.892502	1.805035	-4.319190	95.110000
1.880671	1.803267	-4.328969	95.210000
1.869502	1.803703	-4.328696	95.310000
1.857677	1.804648	-4.321624	95.411000
1.845939	1.804582	-4.319784	95.510000
1.834908	1.799164	-4.313108	95.610000
1.823437	1.799484	-4.307727	95.710000
1.811671	1.802079	-4.300126	95.811000
1.799780	1.800397	-4.297768	95.910000
1.788118	1.799076	-4.300414	96.010000
1.776335	1.798030	-4.299043	96.111000
1.764842	1.795298	-4.298720	96.210000
1.753451	1.793089	-4.295509	96.310000
1.741647	1.792546	-4.306372	96.410000
1.729960	1.796531	-4.311874	96.510000
1.718189	1.798258	-4.312192	96.611000
1.706747	1.795172	-4.310491	96.710000
1.695234	1.799078	-4.308338	96.810000
1.683791	1.799396	-4.311484	96.910000
1.671825	1.799384	-4.313126	97.010000
1.660109	1.801480	-4.315133	97.110000
1.648291	1.801669	-4.315188	97.210000
1.636564	1.800237	-4.315625	97.310000
1.624950	1.801817	-4.318965	97.410000
1.613582	1.806829	-4.324003	97.510000
1.602105	1.804577	-4.327512	97.610000
1.590676	1.804753	-4.326789	97.710000
1.579115	1.809054	-4.326220	97.810000
1.567435	1.812105	-4.312880	97.910000
1.556049	1.809901	-4.314988	98.010000
1.544321	1.809388	-4.319929	98.111000
1.532935	1.804269	-4.320057	98.210000
1.521450	1.802186	-4.315561	98.310000
1.509898	1.798991	-4.311286	98.411000
1.498316	1.800683	-4.308348	98.510000
1.486898	1.808036	-4.312529	98.610000
1.474994	1.809575	-4.314562	98.710000
1.463381	1.804513	-4.314471	98.810000
1.452135	1.800197	-4.318425	98.910000
1.440119	1.803361	-4.319698	99.010000
1.428673	1.805749	-4.322830	99.114000
1.417069	1.808097	-4.316866	99.211000
1.405732	1.810226	-4.312330	99.310000
1.393799	1.810957	-4.311079	99.410000
1.382216	1.815179	-4.308316	99.510000
1.370579	1.814534	-4.308817	99.610000
1.359022	1.809064	-4.302903	99.710000
1.347213	1.802873	-4.297416	99.810000
1.335445	1.801081	-4.308248	99.910000
1.323579	1.799764	-4.312989	100.010000
1.311737	1.800584	-4.310297	100.110000
1.300115	1.800135	-4.309116	100.210000
1.288669	1.804776	-4.307512	100.310000
1.276845	1.807674	-4.301259	100.410000
1.265262	1.809503	-4.296354	100.510000
1.253405	1.809465	-4.303302	100.610000
1.241604	1.805465	-4.311852	100.710000
1.230054	1.805118	-4.313187	100.810000
1.218419	1.804658	-4.307664	100.910000
1.206952	1.801982	-4.307544	101.010000
1.194852	1.799873	-4.306240	101.110000
1.183312	1.795167	-4.305741	101.210000
1.171448	1.796260	-4.308719	101.310000
1.159825	1.799818	-4.312915	101.411000
1.148170	1.804126	-4.311103	101.510000
1.136594	1.805530	-4.318430	101.610000
1.124475	1.807268	-4.321585	101.710000
1.112858	1.812039	-4.315670	101.810000
1.100991	1.813618	-4.321736	101.910000
1.089578	1.806810	-4.327379	102.010000
1.077792	1.802087	-4.319747	102.110000
1.066340	1.804633	-4.315270	102.210000
1.054675	1.808367	-4.311969	102.310000
1.043157	1.808561	-4.308497	102.410000
1.031545	1.803761	-4.306742	102.510000
1.019726	1.802970	-4.305344	102.610000
1.008104	1.806791	-4.300338	102.710000
0.996847	1.807332	-4.300483	102.811000
0.985392	1.806198	-4.305321	102.910000
0.973610	1.803731	-4.298409	103.010000
0.962212	1.804704	-4.291558	103.110000
0.950625	1.806050	-4.299492	103.210000
0.939208	1.807099	-4.313184	103.310000
0.926870	1.803140	-4.315295	103.410000
0.915114	1.803699	-4.315583	103.510000
0.903481	1.809394	-4.317397	103.610000
0.891826	1.809413	-4.305869	103.710000
0.880337	1.810752	-4.294194	103.810000
0.868419	1.813098	-4.301968	103.910000
0.856759	1.808979	-4.307813	104.010000
0.844709	1.808504	-4.308411	104.110000
0.833240	1.807104	-4.311497	104.210000
0.821508	1.806284	-4.321972	104.310000
0.810030	1.802746	-4.329835	104.410000
0.798086	1.810081	-4.328720	104.511000
0.785920	1.814868	-4.328238	104.611000
0.774497	1.811598	-4.339249	104.710000
0.762694	1.804137	-4.357086	104.811000
0.751332	1.801101	-4.374158	104.910000
0.739715	1.790787	-4.399514	105.010000
0.727705	1.771708	-4.435269	105.110000
0.716070	1.745776	-4.474047	105.211000
0.704233	1.707159	-4.542949	105.310000
0.692625	1.649728	-4.604591	105.410000
0.681135	1.570748	-4.658324	105.510000
0.669252	1.476648	-4.705919	105.610000
0.657545	1.374334	-4.738478	105.710000
0.645878	1.270533	-4.751811	105.810000
0.634044	1.177452	-4.773843	105.910000
0.622559	1.096158	-4.787340	106.010000
0.611412	1.034491	-4.798334	106.110000
0.599341	0.992978	-4.795702	106.210000
0.587619	0.966571	-4.808952	106.310000
0.575732	0.939652	-4.819456	106.410000
0.564239	0.924641	-4.830646	106.510000
0.552644	0.907491	-4.836526	106.611000
0.540922	0.886589	-4.831347	106.710000
0.529177	0.872546	-4.804781	106.810000
0.517717	0.857607	-4.789602	106.911000
0.506051	0.849767	-4.769778	107.010000
0.494557	0.844399	-4.753758	107.110000
0.483212	0.831412	-4.773255	107.210000
0.471454	0.817616	-4.765241	107.310000
0.459950	0.813868	-4.744036	107.410000
0.448516	0.824078	-4.777665	107.510000
0.436986	0.895308	-5.038418	107.610000
0.425376	1.022387	-5.480347	107.710000
0.413790	1.090281	-5.695446	107.810000
0.401943	1.112134	-5.717177	107.910000
0.390034	1.105430	-5.675006	108.010000
0.378430	1.069583	-5.602581	108.110000
0.366896	1.022778	-5.543133	108.210000
0.355382	0.969531	-5.477531	108.310000
0.344018	0.910587	-5.360407	108.410000
0.332129	0.863522	-5.226947	108.510000
0.320540	0.835271	-5.122062	108.610000
0.308809	0.810314	-5.028618	108.710000
0.297168	0.793423	-4.924025	108.810000
0.285898	0.772565	-4.840063	108.910000
0.274213	0.742612	-4.763300	109.010000
0.262368	0.728472	-4.687206	109.110000
0.250641	0.732185	-4.624694	109.210000
0.238908	0.747105	-4.585485	109.310000
0.227351	0.754654	-4.547744	109.412000
0.215917	0.755508	-4.486412	109.510000
0.204218	0.754735	-4.459502	109.610000
0.192360	0.750051	-4.457782	109.710000
0.180605	0.739164	-4.447859	109.810000
0.168952	0.732825	-4.425773	109.910000
0.157508	0.727062	-4.393452	110.010000
0.146130	0.724482	-4.368262	110.110000
0.134240	0.715509	-4.367078	110.210000
0.122640	0.701645	-4.362852	110.310000
0.110835	0.690227	-4.344363	110.410000
0.099391	0.681414	-4.330293	110.510000
0.087799	0.680647	-4.329490	110.611000
0.076237	0.679685	-4.334437	110.710000
0.064289	0.676459	-4.335876	110.810000
0.052574	0.676721	-4.313937	110.910000
0.040803	0.683146	-4.305485	111.010000
0.029379	0.684605	-4.309960	111.110000
0.017809	0.682944	-4.297001	111.210000
0.006373	0.681545	-4.290891	111.310000
-0.005104	0.678237	-4.299199	111.410000
-0.016525	0.674612	-4.269151	111.510000
-0.028109	0.671728	-4.258730	111.610000
-0.039394	0.666647	-4.226222	111.710000
-0.046537	0.667062	-4.173332	111.810000
-0.051795	0.668025	-4.166002	111.910000
-0.055518	0.666243	-4.154200	112.010000
-0.058684	0.665425	-4.135917	112.111000
-0.061707	0.658200	-4.137820	112.210000
-0.064369	0.652982	-4.143725	112.311000
-0.066619	0.641959	-4.128115	112.410000
-0.068623	0.635655	-4.120445	112.510000
-0.070503	0.636751	-4.096609	112.610000
-0.072433	0.645114	-4.078237	112.710000
-0.074097	0.648905	-4.087206	112.810000
-0.075568	0.649321	-4.092383	112.910000
-0.076911	0.643459	-4.090514	113.011000
-0.078161	0.645461	-4.077677	113.110000
-0.079261	0.648400	-4.086007	113.210000
-0.080560	0.647255	-4.096928	113.310000
-0.081611	0.651738	-4.101293	113.410000
-0.082871	0.650227	-4.101126	113.510000
-0.083814	0.642306	-4.094709	113.610000
-0.084632	0.641339	-4.094233	113.710000
-0.085431	0.643541	-4.097311	113.810000
-0.086265	0.646771	-4.096706	113.910000
-0.087177	0.649166	-4.117900	114.011000
-0.088165	0.651232	-4.108579	114.110000
-0.088679	0.648977	-4.112863	114.211000
-0.089497	0.645048	-4.129755	114.310000
-0.090224	0.643239	-4.132587	114.410000
-0.090693	0.641022	-4.094698	114.511000
-0.091471	0.645389	-4.065365	114.610000
-0.092136	0.654582	-4.052289	114.711000
-0.092778	0.658921	-4.065686	114.810000
-0.093262	0.655896	-4.072911	114.910000
-0.093723	0.649285	-4.040242	115.010000
-0.094228	0.650481	-4.053312	115.111000
-0.094826	0.648745	-4.090157	115.210000
-0.095251	0.646295	-4.098777	115.310000
-0.095665	0.646514	-4.107645	115.410000
-0.095972	0.646820	-4.088622	115.510000
-0.096364	0.647518	-4.070703	115.610000
-0.096928	0.644531	-4.057606	115.710000
-0.097229	0.638368	-4.036684	115.810000
-0.097541	0.638799	-4.036708	115.910000
-0.098079	0.645164	-4.062182	116.010000
-0.098359	0.650214	-4.096475	116.110000
-0.098841	0.650165	-4.095332	116.210000
-0.099006	0.648629	-4.076696	116.310000
-0.098908	0.646302	-4.095005	116.410000
-0.099290	0.646243	-4.106960	116.510000
-0.099537	0.643191	-4.105997	116.610000
-0.100141	0.642247	-4.095948	116.710000
-0.100432	0.645821	-4.098304	116.810000
-0.100656	0.646483	-4.101183	116.910000
-0.100811	0.642950	-4.096097	117.010000
-0.101190	0.639250	-4.082534	117.110000
-0.101374	0.637518	-4.057021	117.210000
-0.101663	0.638031	-4.036636	117.310000
-0.101880	0.642891	-4.027672	117.410000
-0.101973	0.643317	-4.023162	117.510000
-0.102391	0.643645	-4.003502	117.610000
-0.102471	0.644909	-4.004850	117.710000
-0.102824	0.648336	-4.017699	117.810000
-0.103017	0.647252	-4.025646	117.910000
-0.103243	0.646123	-4.058837	118.010000
-0.103408	0.646501	-4.073618	118.110000
-0.103505	0.653563	-4.080332	118.210000
-0.103922	0.653343	-4.080192	118.310000
-0.104100	0.646194	-4.072341	118.410000
-0.104069	0.644206	-4.072041	118.510000
-0.104295	0.645888	-4.070665	118.610000
-0.104446	0.641976	-4.054372	118.710000
-0.104588	0.643237	-4.066750	118.810000
-0.104815	0.643800	-4.091525	118.910000
-0.104819	0.642883	-4.091664	119.010000
-0.105127	0.644205	-4.045962	119.110000
-0.105258	0.647930	-4.011141	119.210000
-0.105491	0.648233	-4.041747	119.310000
-0.105529	0.644224	-4.055354	119.411000
-0.105791	0.639679	-4.065736	119.510000
-0.105699	0.643822	-4.076707	119.610000
-0.105964	0.650650	-4.079570	119.710000
-0.106062	0.655712	-4.070121	119.810000
-0.106098	0.654890	-4.082476	119.911000
-0.106375	0.647775	-4.080185	120.010000
-0.106435	0.643628	-4.051959	120.110000
-0.106498	0.641187	-4.038821	120.210000
-0.106495	0.646019	-4.051107	120.310000
-0.106678	0.650326	-4.041073	120.410000
-0.106766	0.649596	-4.050262	120.510000
-0.106971	0.648475	-4.079437	120.610000
-0.106895	0.651135	-4.097958	120.710000
-0.107071	0.653686	-4.074900	120.810000
-0.107047	0.654075	-4.060946	120.911000
-0.107254	0.650018	-4.072705	121.011000
-0.107250	0.646957	-4.079761	121.111000
-0.107456	0.649075	-4.095702	121.210000
-0.107599	0.649727	-4.107086	121.310000
-0.107560	0.649475	-4.098677	121.410000
-0.107595	0.645850	-4.110717	121.510000
-0.107651	0.642216	-4.105919	121.611000
-0.107786	0.647888	-4.092299	121.710000
-0.107807	0.650554	-4.072734	121.811000
-0.108036	0.653755	-4.073390	121.911000
-0.107989	0.651385	-4.089090	122.010000
-0.108114	0.648307	-4.096127	122.111000
-0.108316	0.648149	-4.079307	122.210000
-0.108503	0.649447	-4.064462	122.310000
-0.108479	0.646130	-4.054400	122.410000
-0.108525	0.645971	-4.072801	122.510000
-0.108671	0.650806	-4.061882	122.610000
-0.108792	0.650959	-4.036165	122.710000
-0.108803	0.646047	-4.038081	122.810000
-0.108697	0.648807	-4.053593	122.910000
-0.108858	0.654483	-4.068357	123.010000
-0.108995	0.652526	-4.082274	123.110000
-0.109042	0.646605	-4.071612	123.211000
-0.108971	0.644601	-4.082576	123.310000
-0.109120	0.643296	-4.096572	123.410000
-0.109143	0.644965	-4.099919	123.510000
-0.109403	0.643910	-4.093763	123.610000
-0.109207	0.646924	-4.065942	123.710000
-0.109373	0.646336	-4.051525	123.810000
-0.109296	0.643700	-4.055713	123.910000
-0.109541	0.642555	-4.078239	124.010000
-0.109410	0.644777	-4.096327	124.110000
-0.109500	0.646195	-4.095742	124.210000
-0.109461	0.645186	-4.082594	124.310000
-0.109583	0.643434	-4.067962	124.410000
-0.109553	0.638776	-4.068721	124.510000
-0.109522	0.636456	-4.079256	124.610000
-0.109738	0.638976	-4.083305	124.710000
-0.109769	0.643781	-4.074037	124.810000
-0.109724	0.645635	-4.074775	124.910000
-0.109843	0.642721	-4.075103	125.011000
-0.109946	0.640761	-4.061700	125.110000
-0.109781	0.643085	-4.060875	125.210000
-0.109706	0.639683	-4.069544	125.310000
-0.109866	0.636856	-4.054020	125.410000
-0.109890	0.641725	-4.045160	125.510000
-0.109961	0.647645	-4.052476	125.610000
-0.110034	0.650854	-4.043878	125.711000
-0.109922	0.649141	-4.037350	125.810000
-0.109850	0.647690	-4.030832	125.910000
-0.109874	0.646034	-4.041773	126.010000
-0.110026	0.644379	-4.050883	126.110000
-0.110104	0.641430	-4.058608	126.210000
-0.110052	0.637199	-4.083730	126.310000
-0.110227	0.638224	-4.085045	126.410000
-0.110086	0.641734	-4.083009	126.510000
-0.110107	0.647175	-4.092570	126.610000
-0.110327	0.653837	-4.075848	126.710000
-0.110383	0.653977	-4.068899	126.810000
-0.110327	0.651843	-4.067106	126.910000
-0.110384	0.646204	-4.071073	127.010000
-0.110309	0.644893	-4.080349	127.110000
-0.110380	0.642641	-4.096842	127.210000
-0.110440	0.647309	-4.094472	127.311000
-0.110577	0.654691	-4.082318	127.410000
-0.110356	0.657334	-4.081604	127.510000
-0.110419	0.655198	-4.080574	127.610000
-0.110497	0.654911	-4.086668	127.711000
-0.110369	0.653733	-4.075574	127.810000
-0.110341	0.651204	-4.065877	127.911000
-0.110387	0.652819	-4.064366	128.010000
-0.110505	0.657209	-4.060652	128.110000
-0.110482	0.662970	-4.070981	128.210000
-0.110505	0.663051	-4.084050	128.311000
-0.110496	0.657753	-4.075913	128.410000
-0.110431	0.655264	-4.069666	128.510000
-0.110465	0.653978	-4.068144	128.610000
-0.110650	0.648185	-4.076557	128.710000
-0.110659	0.642649	-4.068141	128.810000
-0.110539	0.638938	-4.069832	128.910000
-0.110613	0.638241	-4.084048	129.010000
-0.110544	0.638502	-4.067715	129.110000
-0.110698	0.638117	-4.057094	129.210000
-0.110809	0.640639	-4.064644	129.311000
-0.110678	0.641754	-4.077660	129.410000
-0.110523	0.639874	-4.090556	129.510000
-0.110490	0.637386	-4.089180	129.610000
-0.110350	0.636664	-4.066691	129.710000
-0.110535	0.643573	-4.064373	129.810000
-0.110481	0.647526	-4.083884	129.910000
-0.110406	0.650192	-4.097061	130.010000
-0.110396	0.656053	-4.095632	130.110000
-0.110305	0.662876	-4.084926	130.210000
-0.110465	0.664153	-4.072922	130.310000
-0.110513	0.660509	-4.069722	130.410000
-0.110367	0.654572	-4.065184	130.510000
-0.110453	0.651214	-4.065768	130.610000
-0.110543	0.651885	-4.059969	130.710000
-0.110567	0.651482	-4.056193	130.810000
-0.110684	0.647381	-4.052631	130.910000
-0.110767	0.649215	-4.064654	131.010000
-0.110624	0.652080	-4.064864	131.110000
-0.110604	0.651843	-4.057253	131.211000
-0.110616	0.649646	-4.054607	131.310000
-0.110718	0.653327	-4.077202	131.411000
-0.110618	0.654450	-4.087366	131.510000
-0.110783	0.653870	-4.081555	131.611000
-0.110683	0.653544	-4.081082	131.710000
-0.110720	0.653465	-4.081285	131.810000
-0.110737	0.650908	-4.077880	131.910000
-0.110750	0.646684	-4.075120	132.010000
-0.110773	0.646453	-4.058902	132.110000
-0.110675	0.647511	-4.051417	132.210000
-0.110679	0.640707	-4.047499	132.310000
-0.110715	0.634534	-4.044486	132.410000
-0.110696	0.635638	-4.065605	132.511000
-0.110726	0.641179	-4.078955	132.611000
-0.110535	0.649943	-4.071804	132.710000
-0.110544	0.654006	-4.057369	132.811000
-0.110823	0.652318	-4.064716	132.910000
-0.110852	0.644846	-4.073090	133.010000
-0.110870	0.638649	-4.067168	133.110000
-0.110612	0.643086	-4.072306	133.210000
-0.110780	0.646055	-4.074949	133.310000
-0.110726	0.644422	-4.087162	133.410000
-0.110933	0.646827	-4.079914	133.510000
-0.110664	0.648887	-4.065405	133.610000
-0.110717	0.648823	-4.064802	133.710000
-0.110831	0.646606	-4.055145	133.810000
-0.110949	0.643625	-4.049509	133.910000
-0.110953	0.644324	-4.027559	134.010000
-0.110952	0.644324	-4.012887	134.110000
-0.110821	0.643473	-4.022862	134.210000
-0.110867	0.643484	-4.049964	134.310000
-0.110960	0.644947	-4.057851	134.410000
-0.110954	0.642796	-4.050216	134.510000
-0.110673	0.643319	-4.054202	134.610000
-0.110674	0.644606	-4.059701	134.710000
-0.110786	0.648730	-4.053162	134.810000
-0.110660	0.646007	-4.048815	134.911000
-0.110903	0.643760	-4.050870	135.010000
-0.110809	0.647289	-4.059308	135.110000
-0.110829	0.646508	-4.074060	135.210000
-0.110813	0.645275	-4.069920	135.310000
-0.110812	0.643876	-4.052339	135.410000
-0.110933	0.642184	-4.077165	135.510000
-0.110825	0.641173	-4.087225	135.610000
-0.110792	0.640889	-4.079319	135.710000
-0.110863	0.636706	-4.084391	135.810000
-0.110954	0.637318	-4.081243	135.910000
-0.110902	0.643465	-4.072434	136.010000
-0.111007	0.641679	-4.057016	136.110000
-0.110955	0.641469	-4.055742	136.211000
-0.111012	0.646619	-4.063688	136.310000
-0.111179	0.654202	-4.072116	136.411000
-0.111088	0.657014	-4.099176	136.510000
-0.110959	0.656212	-4.119996	136.610000
-0.111016	0.654467	-4.101680	136.710000
-0.110962	0.653560	-4.079782	136.810000
-0.111165	0.654357	-4.080274	136.911000
-0.111183	0.654756	-4.086889	137.010000
-0.111348	0.653716	-4.082932	137.110000
-0.111240	0.648273	-4.075343	137.211000
-0.111064	0.649542	-4.064409	137.310000
-0.111147	0.653311	-4.055170	137.410000
-0.111004	0.648321	-4.074516	137.511000
-0.110950	0.646348	-4.069944	137.610000
-0.110928	0.648094	-4.068264	137.710000
-0.111017	0.644693	-4.090989	137.811000
-0.111196	0.643621	-4.073478	137.910000
-0.111073	0.642520	-4.066760	138.010000
-0.111113	0.642322	-4.072163	138.110000
-0.111050	0.642122	-4.071869	138.210000
-0.111152	0.641342	-4.070291	138.310000
-0.111144	0.642867	-4.081319	138.410000
-0.111008	0.647917	-4.082252	138.510000
-0.111129	0.648964	-4.080129	138.610000
-0.111341	0.646379	-4.073169	138.710000
-0.111310	0.649440	-4.068914	138.811000
-0.111197	0.650371	-4.069743	138.910000
-0.111189	0.646969	-4.074120	139.010000
-0.111073	0.645384	-4.059616	139.110000
-0.111038	0.642516	-4.049548	139.210000
-0.111197	0.643124	-4.070679	139.310000
-0.111115	0.645288	-4.073140	139.410000
-0.111214	0.648002	-4.068697	139.510000
-0.111183	0.652504	-4.067087	139.610000
-0.110921	0.654135	-4.065197	139.710000
-0.111097	0.653385	-4.051874	139.810000
-0.111231	0.647279	-4.049658	139.910000
-0.111184	0.644484	-4.046307	140.010000
-0.111022	0.641614	-4.023764	140.110000
-0.111265	0.642522	-4.006052	140.210000
-0.111104	0.645492	-4.025575	140.310000
-0.111289	0.648637	-4.052865	140.410000
-0.111189	0.650918	-4.063943	140.510000
-0.111270	0.644809	-4.056708	140.610000
-0.111157	0.644658	-4.047376	140.710000
-0.111252	0.646046	-4.045512	140.811000
-0.111212	0.647549	-4.052389	140.910000
-0.111281	0.648731	-4.053508	141.010000
-0.111231	0.651053	-4.057576	141.110000
-0.111191	0.651737	-4.089645	141.211000
-0.111117	0.652156	-4.087999	141.310000
-0.111228	0.658335	-4.075216	141.410000
-0.111255	0.661314	-4.062964	141.510000
-0.111194	0.656788	-4.037908	141.610000
-0.111363	0.651466	-4.043019	141.710000
-0.111280	0.653486	-4.064172	141.811000
-0.111224	0.653727	-4.079777	141.910000
-0.111285	0.652304	-4.088341	142.010000
-0.111302	0.655469	-4.085470	142.110000
-0.111304	0.657899	-4.082191	142.210000
-0.111344	0.652787	-4.078298	142.310000
-0.111273	0.649951	-4.073925	142.410000
-0.111186	0.653635	-4.082047	142.510000
-0.111305	0.655333	-4.098210	142.610000
-0.111279	0.652497	-4.115542	142.710000
-0.111218	0.649342	-4.121367	142.810000
-0.111242	0.647269	-4.116394	142.910000
-0.111244	0.648735	-4.087192	143.010000
-0.111225	0.653267	-4.082356	143.110000
-0.111091	0.647557	-4.101043	143.210000
-0.111223	0.643718	-4.114978	143.310000
-0.111218	0.644473	-4.085891	143.410000
-0.111117	0.648321	-4.056904	143.511000
-0.110998	0.651529	-4.064134	143.610000
-0.111115	0.651694	-4.096834	143.710000
-0.111180	0.647615	-4.114898	143.810000
-0.111203	0.638166	-4.114097	143.911000
-0.111139	0.636859	-4.113267	144.010000
-0.111094	0.638499	-4.111831	144.110000
-0.111135	0.637587	-4.093741	144.210000
-0.111173	0.640826	-4.106733	144.311000
-0.111052	0.641916	-4.105897	144.410000
-0.111145	0.642954	-4.100732	144.510000
-0.111010	0.643399	-4.078080	144.610000
-0.111131	0.650111	-4.067307	144.711000
-0.111084	0.652345	-4.077924	144.810000
-0.111315	0.651846	-4.076087	144.911000
-0.111144	0.649049	-4.083421	145.010000
-0.111198	0.655283	-4.072533	145.110000
-0.111240	0.660556	-4.062332	145.210000
-0.111239	0.660897	-4.064012	145.310000
-0.111147	0.660926	-4.070160	145.410000
-0.111109	0.663921	-4.066576	145.510000
-0.111036	0.662169	-4.048012	145.610000
-0.111181	0.660496	-4.023232	145.711000
-0.111276	0.658023	-4.033590	145.810000
-0.111279	0.657902	-4.059205	145.910000
-0.111172	0.653889	-4.065195	146.010000
-0.111337	0.655672	-4.060171	146.110000
-0.111394	0.652272	-4.069326	146.210000
-0.111269	0.644756	-4.080998	146.310000
-0.111289	0.642293	-4.086453	146.410000
-0.111380	0.640846	-4.098472	146.511000
-0.111457	0.640906	-4.094968	146.610000
-0.111249	0.639664	-4.086113	146.710000
-0.111321	0.643179	-4.060134	146.810000
-0.111332	0.648321	-4.045592	146.910000
-0.111273	0.650087	-4.044954	147.010000
-0.111240	0.655254	-4.056839	147.110000
-0.111224	0.652025	-4.058229	147.210000
-0.111336	0.648883	-4.065470	147.310000
-0.111388	0.648946	-4.078476	147.410000
-0.111205	0.651734	-4.086223	147.510000
-0.111254	0.653735	-4.080568	147.610000
-0.111253	0.654789	-4.075876	147.710000
-0.111189	0.654012	-4.058343	147.810000
-0.111198	0.653890	-4.058345	147.910000
-0.111257	0.656410	-4.060286	148.010000
-0.111266	0.660345	-4.066574	148.110000
-0.111207	0.660212	-4.080200	148.210000
-0.111273	0.658375	-4.080104	148.311000
-0.111301	0.651489	-4.064682	148.410000
-0.111114	0.647573	-4.050024	148.510000
-0.111186	0.648807	-4.033553	148.610000
-0.111320	0.646004	-4.030353	148.710000
-0.111182	0.643550	-4.032605	148.810000
-0.111224	0.643376	-4.036319	148.911000
-0.111188	0.640923	-4.025889	149.010000
-0.111208	0.638366	-4.035513	149.110000
-0.111274	0.642319	-4.049275	149.210000
-0.111278	0.650866	-4.054742	149.310000
-0.111215	0.657829	-4.049532	149.411000
-0.111089	0.656342	-4.059864	149.510000
-0.111207	0.651531	-4.060399	149.610000
-0.111063	0.642243	-4.083044	149.710000
-0.110995	0.637253	-4.091283	149.810000
-0.110900	0.638807	-4.088218	149.910000
-0.111105	0.645078	-4.073390	150.010000
-0.111062	0.648723	-4.058780	150.111000
-0.111072	0.650045	-4.042174	150.210000
-0.111191	0.653881	-4.055718	150.310000
-0.111187	0.649379	-4.057297	150.411000
-0.110990	0.645308	-4.065929	150.510000
-0.111073	0.644307	-4.080866	150.610000
-0.111033	0.648263	-4.087360	150.710000
-0.111012	0.650502	-4.099002	150.810000
-0.111059	0.647185	-4.115134	150.911000
-0.111242	0.641669	-4.108581	151.010000
-0.111111	0.641902	-4.064848	151.110000
-0.111120	0.642193	-4.035271	151.210000
-0.111151	0.636917	-4.043841	151.310000
-0.111054	0.640095	-4.062548	151.410000
-0.111233	0.641395	-4.080418	151.510000
-0.111176	0.639835	-4.080302	151.610000
-0.111040	0.643313	-4.065914	151.710000
-0.111137	0.649440	-4.074730	151.810000
-0.110901	0.652333	-4.086477	151.910000
-0.111224	0.653892	-4.083752	152.010000
-0.111109	0.653559	-4.080423	152.110000
-0.111020	0.650759	-4.077724	152.210000
-0.111166	0.646304	-4.077190	152.310000
-0.111058	0.643440	-4.081376	152.410000
-0.111039	0.645137	-4.077532	152.510000
-0.110961	0.646045	-4.066738	152.611000
-0.111039	0.649756	-4.063218	152.710000
-0.111144	0.649953	-4.074612	152.810000
-0.111113	0.650969	-4.087885	152.910000
-0.111186	0.653727	-4.068374	153.010000
-0.111082	0.652163	-4.023442	153.110000
-0.111070	0.648752	-4.025249	153.211000
-0.111187	0.644573	-4.067287	153.310000
-0.111180	0.639582	-4.088796	153.410000
-0.111175	0.638230	-4.085302	153.510000
-0.111159	0.646608	-4.072747	153.610000
-0.111445	0.653259	-4.062337	153.710000
-0.111329	0.651726	-4.080184	153.810000
-0.111297	0.645948	-4.112931	153.910000
-0.111307	0.643954	-4.131667	154.010000
-0.111285	0.641955	-4.137574	154.110000
-0.111412	0.638261	-4.134416	154.210000
-0.111298	0.638340	-4.129266	154.310000
-0.111353	0.643423	-4.110247	154.411000
-0.111392	0.645297	-4.080397	154.510000
-0.111514	0.644039	-4.073124	154.610000
-0.111564	0.643578	-4.072724	154.710000
-0.111305	0.647015	-4.062268	154.810000
-0.111377	0.648729	-4.047875	154.910000
-0.111366	0.650181	-4.043133	155.010000
-0.111465	0.653956	-4.046472	155.110000
-0.111304	0.655276	-4.040830	155.210000
-0.111282	0.653676	-4.036895	155.310000
-0.111102	0.652789	-4.020463	155.410000
-0.111254	0.653881	-4.035070	155.510000
-0.111340	0.650947	-4.053690	155.610000
-0.111294	0.647846	-4.052655	155.711000
-0.111255	0.646953	-4.073573	155.811000
-0.111370	0.644520	-4.085728	155.910000
-0.111371	0.644592	-4.062158	156.010000
-0.111351	0.648622	-4.036123	156.110000
-0.111416	0.651378	-4.057666	156.210000
-0.111329	0.651711	-4.091016	156.310000
-0.111465	0.650724	-4.100069	156.410000
-0.111203	0.643495	-4.092969	156.510000
-0.111358	0.638471	-4.077689	156.611000
-0.111188	0.634795	-4.064592	156.710000
-0.111389	0.636005	-4.072406	156.810000
-0.111295	0.638689	-4.097294	156.910000
-0.111545	0.640686	-4.116014	157.010000
-0.111437	0.640670	-4.106564	157.110000
-0.111460	0.645482	-4.106871	157.210000
-0.111540	0.644100	-4.126084	157.310000
-0.111388	0.639872	-4.126514	157.410000
-0.111564	0.637901	-4.098808	157.510000
-0.111490	0.643279	-4.072542	157.610000
-0.111489	0.649779	-4.052670	157.710000
-0.111355	0.653969	-4.059093	157.810000
-0.111613	0.652751	-4.047224	157.910000
-0.111357	0.651083	-4.023786	158.010000
-0.111443	0.648985	-4.029834	158.110000
-0.111535	0.645095	-4.056158	158.210000
-0.111415	0.643194	-4.070880	158.310000
-0.111448	0.643296	-4.086391	158.410000
-0.111364	0.646444	-4.074991	158.510000
-0.111525	0.648455	-4.058484	158.611000
-0.111528	0.648327	-4.061178	158.710000
-0.111408	0.646190	-4.073056	158.810000
-0.111235	0.646283	-4.055562	158.910000
-0.111501	0.646192	-4.041607	159.010000
-0.111492	0.646119	-4.053017	159.111000
-0.111442	0.646123	-4.073276	159.210000
-0.111430	0.648871	-4.073203	159.310000
-0.111403	0.651775	-4.070946	159.410000
-0.111547	0.649695	-4.064002	159.510000
-0.111599	0.647154	-4.068768	159.610000
-0.111685	0.645440	-4.073458	159.710000
-0.111639	0.641051	-4.083879	159.810000
-0.111440	0.644929	-4.073901	159.911000
-0.111677	0.645576	-4.046030	160.010000
-0.111577	0.646596	-4.034475	160.110000
-0.111675	0.651832	-4.049400	160.210000
-0.111640	0.654552	-4.078961	160.310000
-0.111634	0.656547	-4.100954	160.411000
-0.111604	0.653592	-4.102271	160.510000
-0.111459	0.652936	-4.083353	160.610000
-0.111704	0.656112	-4.065488	160.710000
-0.111679	0.653979	-4.054262	160.810000
-0.111537	0.652499	-4.050300	160.910000
-0.111726	0.649066	-4.039468	161.010000
-0.111647	0.648318	-4.035440	161.110000
-0.111522	0.647206	-4.003558	161.210000
-0.111607	0.647985	-4.011156	161.311000
-0.111657	0.646314	-4.043825	161.410000
-0.111551	0.645957	-4.056408	161.510000
-0.111576	0.643524	-4.072775	161.610000
-0.111550	0.642020	-4.073461	161.710000
-0.111527	0.639479	-4.070551	161.810000
-0.111511	0.639516	-4.068486	161.910000
-0.111003	0.638352	-4.067832	162.010000
-0.111239	0.645127	-4.063648	162.110000
-0.111113	0.649459	-4.076135	162.210000
-0.111157	0.654529	-4.075350	162.310000
-0.111649	0.653812	-4.069270	162.410000
-0.111748	0.652050	-4.090302	162.510000
-0.111760	0.647958	-4.094758	162.610000
-0.111796	0.646157	-4.072484	162.710000
-0.111800	0.647410	-4.076716	162.810000
-0.111636	0.645246	-4.085525	162.910000
-0.111768	0.648606	-4.054228	163.010000
-0.111652	0.649481	-4.035418	163.110000
-0.111760	0.649905	-4.049547	163.210000
-0.111570	0.653045	-4.056339	163.310000
-0.111646	0.653805	-4.063509	163.410000
-0.111584	0.647667	-4.071488	163.510000
-0.111448	0.643680	-4.063926	163.610000
-0.111635	0.645489	-4.058193	163.710000
-0.111456	0.647580	-4.038513	163.810000
-0.111682	0.648509	-4.031183	163.910000
-0.111768	0.648716	-4.047767	164.010000
-0.111665	0.648418	-4.041415	164.110000
-0.111661	0.648925	-4.056369	164.210000
-0.111614	0.653416	-4.076906	164.310000
-0.111620	0.657677	-4.072891	164.410000
-0.111584	0.657509	-4.063415	164.510000
-0.111570	0.655460	-4.061775	164.610000
-0.111654	0.656400	-4.069689	164.710000
-0.111567	0.658587	-4.070834	164.810000
-0.111433	0.656623	-4.071913	164.910000
-0.111423	0.658167	-4.082466	165.010000
-0.111312	0.657526	-4.085800	165.110000
-0.111417	0.656080	-4.097955	165.210000
-0.111336	0.653118	-4.098595	165.310000
-0.111430	0.650953	-4.077216	165.410000
-0.111502	0.649373	-4.056095	165.511000
-0.111306	0.649205	-4.067227	165.610000
-0.111484	0.645970	-4.072820	165.710000
-0.111576	0.644871	-4.077737	165.810000
-0.111577	0.642710	-4.083146	165.910000
-0.111563	0.644781	-4.076314	166.010000
-0.111684	0.643466	-4.068524	166.110000
-0.111531	0.647035	-4.058492	166.210000
-0.111574	0.650321	-4.048383	166.310000
-0.111525	0.649561	-4.031944	166.410000
-0.111449	0.648242	-4.030825	166.510000
-0.111429	0.645510	-4.044215	166.611000
-0.111628	0.641355	-4.056148	166.711000
-0.111445	0.640508	-4.036828	166.810000
-0.111557	0.644719	-4.029294	166.911000
-0.111515	0.647191	-4.022456	167.010000
-0.111547	0.653067	-4.036889	167.111000
-0.111428	0.657040	-4.069057	167.210000
-0.111448	0.652096	-4.095428	167.310000
-0.111607	0.653135	-4.082100	167.410000
-0.111557	0.654114	-4.073402	167.510000
-0.111551	0.654034	-4.085695	167.610000
-0.111553	0.654816	-4.073794	167.710000
-0.111513	0.653461	-4.039025	167.810000
-0.111482	0.655076	-4.050146	167.911000
-0.111437	0.660860	-4.068254	168.010000
-0.111540	0.657924	-4.078944	168.110000
-0.111269	0.653635	-4.080019	168.210000
-0.111333	0.652276	-4.080581	168.310000
-0.111387	0.654413	-4.097371	168.410000
-0.111441	0.652479	-4.094436	168.510000
-0.111475	0.646809	-4.075905	168.610000
-0.111688	0.645038	-4.084650	168.710000
-0.111449	0.645324	-4.104441	168.810000
-0.111681	0.646138	-4.118208	168.910000
-0.111452	0.643210	-4.117357	169.010000
-0.111482	0.643634	-4.106282	169.110000
-0.111556	0.641577	-4.090474	169.210000
-0.111585	0.641057	-4.073439	169.310000
-0.111663	0.639180	-4.048774	169.410000
-0.111575	0.640307	-4.061977	169.511000
-0.111612	0.641596	-4.091539	169.610000
-0.111708	0.646283	-4.096490	169.711000
-0.111733	0.650250	-4.080147	169.810000
-0.111664	0.651143	-4.062080	169.910000
-0.111634	0.650743	-4.049208	170.010000
-0.111660	0.653062	-4.057616	170.110000
-0.111700	0.654791	-4.045245	170.210000
-0.111488	0.655328	-4.053775	170.310000
-0.111618	0.652634	-4.067303	170.410000
-0.111634	0.646206	-4.072991	170.510000
-0.111789	0.643246	-4.071587	170.610000
-0.111618	0.642790	-4.053600	170.711000
-0.111458	0.642165	-4.060121	170.810000
-0.111577	0.641087	-4.075007	170.910000
-0.111479	0.641539	-4.079119	171.010000
-0.111359	0.638856	-4.085627	171.110000
-0.111481	0.638564	-4.089759	171.210000
-0.111484	0.645176	-4.096518	171.310000
-0.111583	0.652432	-4.123161	171.410000
-0.111419	0.652370	-4.123228	171.510000
-0.111571	0.651196	-4.098490	171.610000
-0.111553	0.653718	-4.080621	171.710000
-0.111395	0.652220	-4.086383	171.811000
-0.111623	0.654857	-4.099888	171.910000
-0.111579	0.651549	-4.124975	172.010000
-0.111591	0.646965	-4.139641	172.110000
-0.111560	0.644579	-4.127056	172.210000
-0.111635	0.646109	-4.112797	172.310000
-0.111506	0.641776	-4.105935	172.411000
-0.111464	0.640233	-4.105276	172.510000
-0.111644	0.640862	-4.080348	172.610000
-0.111660	0.639902	-4.033954	172.710000
-0.111603	0.639620	-4.036023	172.810000
-0.111643	0.646392	-4.053982	172.910000
-0.111583	0.653119	-4.067680	173.010000
-0.111619	0.652693	-4.067319	173.110000
-0.111567	0.648592	-4.065828	173.210000
-0.111445	0.647082	-4.050704	173.310000
-0.111424	0.650876	-4.044633	173.411000
-0.111523	0.649004	-4.053334	173.510000
-0.111617	0.650542	-4.052544	173.610000
-0.111651	0.653300	-4.030758	173.710000
-0.111511	0.653970	-4.035802	173.810000
-0.111521	0.653771	-4.052079	173.910000
-0.111538	0.649417	-4.038946	174.010000
-0.111480	0.644233	-4.032848	174.110000
-0.111455	0.641654	-4.031859	174.210000
-0.111567	0.640848	-4.025814	174.310000
-0.111679	0.640251	-4.036810	174.410000
-0.111469	0.645407	-4.060883	174.510000
-0.111516	0.645713	-4.057055	174.611000
-0.111675	0.650054	-4.050886	174.711000
-0.111561	0.656356	-4.058660	174.810000
-0.111614	0.656870	-4.068503	174.910000
-0.111736	0.652250	-4.083499	175.010000
-0.111664	0.648641	-4.080701	175.110000
-0.111526	0.645792	-4.074136	175.211000
-0.111635	0.645946	-4.073143	175.310000
-0.111589	0.646488	-4.073647	175.410000
-0.111660	0.652043	-4.075806	175.510000
-0.111455	0.653849	-4.042146	175.610000
-0.111539	0.649307	-4.028406	175.710000
-0.111694	0.646496	-4.030748	175.810000
-0.111800	0.649109	-4.046871	175.910000
-0.111761	0.652940	-4.072946	176.010000
-0.111847	0.654017	-4.088029	176.110000
-0.111714	0.654287	-4.066869	176.210000
-0.111691	0.651865	-4.040983	176.310000
-0.111767	0.647325	-4.033119	176.410000
-0.111789	0.646702	-4.063548	176.511000
-0.111480	0.647184	-4.090273	176.610000
-0.111510	0.643693	-4.095368	176.710000
-0.111435	0.643292	-4.096564	176.811000
-0.111311	0.643038	-4.094203	176.910000
-0.111587	0.643363	-4.090114	177.010000
-0.111399	0.643891	-4.090701	177.110000
-0.111405	0.646108	-4.049430	177.211000
-0.111317	0.648588	-4.012262	177.311000
-0.111394	0.650026	-4.015886	177.410000
-0.111413	0.645196	-4.042693	177.511000
-0.111381	0.640435	-4.058410	177.610000
-0.111476	0.643216	-4.074685	177.710000
-0.111340	0.644501	-4.064896	177.810000
-0.111458	0.649455	-4.062437	177.910000
-0.111591	0.652434	-4.048209	178.010000
-0.111308	0.651203	-4.032989	178.111000
-0.111401	0.649801	-4.036578	178.210000
-0.111255	0.644559	-4.054769	178.310000
-0.111404	0.640642	-4.061225	178.410000
-0.111487	0.643502	-4.057441	178.510000
-0.111364	0.648516	-4.040351	178.610000
-0.111520	0.654117	-4.036005	178.710000
-0.111404	0.659173	-4.050202	178.810000
-0.111475	0.661652	-4.063649	178.910000
-0.111519	0.658119	-4.078701	179.010000
-0.111581	0.653783	-4.089884	179.111000
-0.111363	0.648469	-4.080834	179.210000
-0.111477	0.642899	-4.051826	179.310000
-0.111484	0.640871	-4.034928	179.410000
-0.111399	0.643502	-4.035325	179.510000
-0.111523	0.647015	-4.048533	179.610000
-0.111483	0.651776	-4.056492	179.710000
-0.111465	0.650776	-4.040667	179.810000
-0.111543	0.646650	-4.044377	179.910000
-0.111520	0.643417	-4.066855	180.010000
-0.111465	0.638425	-4.083304	180.110000
-0.111728	0.638773	-4.091173	180.210000
-0.111450	0.639944	-4.102986	180.310000
-0.111587	0.645357	-4.079529	180.411000
-0.111541	0.652588	-4.054751	180.510000
-0.111497	0.656149	-4.060989	180.610000
-0.111454	0.653979	-4.068494	180.710000
-0.111380	0.653868	-4.061087	180.811000
-0.111359	0.652041	-4.049509	180.910000
-0.111578	0.648785	-4.055166	181.011000
-0.111412	0.649073	-4.055115	181.110000
-0.111459	0.652395	-4.062972	181.210000
-0.111608	0.653774	-4.075816	181.310000
-0.111595	0.653621	-4.080110	181.410000
-0.111471	0.651134	-4.061184	181.510000
-0.111522	0.647632	-4.061225	181.610000
-0.111472	0.646865	-4.085463	181.710000
-0.111453	0.652954	-4.102469	181.810000
-0.111483	0.652060	-4.086027	181.910000
-0.111630	0.649335	-4.088236	182.010000
-0.111639	0.648371	-4.095558	182.111000
-0.111640	0.653098	-4.074568	182.210000
-0.111474	0.656432	-4.062022	182.310000
-0.111462	0.653582	-4.079980	182.410000
-0.111442	0.648328	-4.093483	182.510000
