0.206485	0.705562	-4.598012	12.611000
0.205634	0.703962	-4.596998	12.712000
0.205795	0.701686	-4.588112	12.811000
0.205843	0.703348	-4.537816	12.911000
0.206009	0.701945	-4.469923	13.011000
0.205660	0.696685	-4.448988	13.111000
0.205698	0.707890	-4.439330	13.211000
0.205760	0.718482	-4.498108	13.312000
0.205760	0.716853	-4.552202	13.412000
0.205735	0.717859	-4.566743	13.511000
0.205724	0.712104	-4.588676	13.611000
0.205763	0.698006	-4.600062	13.711000
0.205970	0.692121	-4.595835	13.811000
0.205782	0.691144	-4.645311	13.911000
0.205787	0.696984	-4.677061	14.011000
0.205761	0.696478	-4.638562	14.111000
0.205810	0.693715	-4.555544	14.211000
0.205814	0.696281	-4.531621	14.311000
0.205669	0.701815	-4.569683	14.411000
0.205718	0.702102	-4.570041	14.511000
0.205771	0.702251	-4.572964	14.611000
0.205791	0.695148	-4.600217	14.711000
0.205842	0.693486	-4.609035	14.811000
0.205811	0.702254	-4.557189	14.911000
0.205804	0.694991	-4.581616	15.011000
0.205964	0.683074	-4.608349	15.111000
0.205754	0.681745	-4.595885	15.211000
0.205934	0.686490	-4.570454	15.311000
0.205664	0.689288	-4.579062	15.411000
0.208024	0.691392	-4.617383	15.512000
0.213856	0.699946	-4.666214	15.611000
0.220401	0.703306	-4.652434	15.711000
0.227402	0.700380	-4.600691	15.811000
0.234964	0.696278	-4.569940	15.912000
0.243008	0.699457	-4.577996	16.011000
0.251042	0.703137	-4.587994	16.111000
0.259005	0.701661	-4.586847	16.211000
0.267540	0.699285	-4.591349	16.311000
0.276221	0.697449	-4.586677	16.411000
0.285264	0.699824	-4.589771	16.511000
0.293933	0.702856	-4.578824	16.611000
0.302731	0.698837	-4.571243	16.711000
0.311815	0.693650	-4.540006	16.811000
0.320603	0.688240	-4.545409	16.912000
0.329889	0.686817	-4.549199	17.011000
0.339254	0.699276	-4.546504	17.111000
0.348508	0.702335	-4.575774	17.211000
0.357774	0.696257	-4.578799	17.311000
0.366919	0.690266	-4.567066	17.411000
0.376159	0.680996	-4.524316	17.512000
0.386007	0.676560	-4.492461	17.611000
0.395596	0.679754	-4.510634	17.711000
0.405094	0.678693	-4.551514	17.811000
0.414331	0.679143	-4.567789	17.911000
0.424234	0.688277	-4.542781	18.011000
0.433970	0.693864	-4.504229	18.112000
0.443848	0.692564	-4.482281	18.211000
0.453487	0.685982	-4.480365	18.311000
0.463079	0.685753	-4.478707	18.411000
0.473047	0.693535	-4.505143	18.511000
0.482534	0.701167	-4.521545	18.611000
0.492437	0.696092	-4.539854	18.711000
0.502475	0.689851	-4.535425	18.811000
0.512196	0.681887	-4.529995	18.911000
0.521801	0.684855	-4.571896	19.011000
0.531779	0.690546	-4.577346	19.111000
0.541695	0.691621	-4.549778	19.212000
0.551798	0.693878	-4.565328	19.311000
0.561974	0.700475	-4.578633	19.411000
0.571639	0.700783	-4.593955	19.511000
0.581544	0.695012	-4.576586	19.612000
0.591659	0.687239	-4.547820	19.711000
0.601548	0.681794	-4.563879	19.811000
0.611348	0.680043	-4.596692	19.911000
0.621226	0.692664	-4.596465	20.011000
0.631278	0.694486	-4.576742	20.111000
0.641190	0.689755	-4.572691	20.212000
0.651237	0.689284	-4.558943	20.311000
0.661132	0.686439	-4.566966	20.411000
0.671521	0.684857	-4.598520	20.511000
0.681478	0.686118	-4.591610	20.611000
0.691548	0.678277	-4.599943	20.711000
0.701600	0.673583	-4.559158	20.811000
0.711861	0.684508	-4.488376	20.911000
0.722033	0.683769	-4.532522	21.011000
0.732573	0.682068	-4.556078	21.111000
0.742834	0.683633	-4.570892	21.211000
0.753044	0.682580	-4.578536	21.311000
0.763247	0.684979	-4.548690	21.412000
0.773297	0.692901	-4.520156	21.511000
0.783959	0.695572	-4.493358	21.611000
0.794058	0.691639	-4.503522	21.711000
0.804419	0.691428	-4.528083	21.811000
0.814675	0.688316	-4.506591	21.911000
0.824963	0.686588	-4.506006	22.011000
0.835449	0.682932	-4.548100	22.111000
0.846152	0.679151	-4.574717	22.211000
0.856583	0.676143	-4.575016	22.311000
0.867040	0.673668	-4.583965	22.411000
0.877112	0.680217	-4.600631	22.511000
0.887710	0.690263	-4.598344	22.611000
0.897957	0.691905	-4.586916	22.711000
0.909033	0.691817	-4.588257	22.811000
0.919736	0.693641	-4.586829	22.911000
0.929759	0.706740	-4.563680	23.011000
0.940308	0.713705	-4.537687	23.111000
0.950632	0.712080	-4.486197	23.212000
0.961377	0.707782	-4.476895	23.311000
0.971943	0.701043	-4.469875	23.411000
0.982337	0.695518	-4.480994	23.511000
0.992866	0.693059	-4.520389	23.611000
1.003275	0.690845	-4.545269	23.711000
1.013801	0.686918	-4.568041	23.812000
1.025190	0.692452	-4.556649	23.911000
1.035715	0.701944	-4.565343	24.012000
1.046313	0.704659	-4.608828	24.112000
1.056752	0.700523	-4.633044	24.211000
1.067333	0.703326	-4.625436	24.311000
1.077589	0.703185	-4.615413	24.411000
1.088220	0.697045	-4.606777	24.511000
1.098802	0.688279	-4.585899	24.611000
1.109397	0.682438	-4.590000	24.711000
1.119760	0.683795	-4.580209	24.811000
1.130462	0.686047	-4.573705	24.911000
1.141076	0.686783	-4.571099	25.011000
1.151719	0.684312	-4.587956	25.111000
1.162467	0.685477	-4.570094	25.211000
1.173138	0.695608	-4.551736	25.311000
1.183497	0.696776	-4.567618	25.411000
1.194462	0.699874	-4.576082	25.511000
1.205628	0.698848	-4.581057	25.611000
1.216191	0.694306	-4.589259	25.711000
1.226563	0.690105	-4.589736	25.812000
1.237681	0.696732	-4.601658	25.911000
1.247962	0.693576	-4.624675	26.012000
1.258521	0.689126	-4.623324	26.112000
1.270211	0.688647	-4.581346	26.211000
1.280779	0.687485	-4.562257	26.312000
1.291614	0.687043	-4.577128	26.411000
1.302307	0.684630	-4.564608	26.511000
1.313153	0.682682	-4.529378	26.611000
1.324186	0.684342	-4.524218	26.711000
1.335191	0.683954	-4.519166	26.811000
1.346263	0.688047	-4.525961	26.911000
1.356739	0.688660	-4.522049	27.011000
1.368289	0.688940	-4.526174	27.111000
1.377886	0.695359	-4.534438	27.211000
1.388885	0.699643	-4.569292	27.311000
1.401392	0.698898	-4.580988	27.411000
1.411443	0.695132	-4.573319	27.511000
1.422354	0.688894	-4.561541	27.611000
1.433170	0.689519	-4.566327	27.711000
1.444118	0.694336	-4.576124	27.812000
1.455298	0.697696	-4.595014	27.911000
1.466150	0.699420	-4.593448	28.011000
1.476917	0.698922	-4.572418	28.111000
1.487944	0.695230	-4.561809	28.211000
1.498845	0.691446	-4.560245	28.311000
1.509879	0.693610	-4.574479	28.412000
1.521120	0.704730	-4.574786	28.511000
1.532113	0.709938	-4.563089	28.611000
1.542576	0.712081	-4.546805	28.711000
1.553933	0.710553	-4.545197	28.811000
1.565113	0.700013	-4.556467	28.912000
1.576041	0.690549	-4.558015	29.011000
1.585920	0.691917	-4.563677	29.112000
1.598464	0.698286	-4.575285	29.211000
1.608540	0.704406	-4.572322	29.311000
1.619100	0.707008	-4.555236	29.411000
1.630402	0.703123	-4.553177	29.511000
1.641281	0.703406	-4.548079	29.611000
1.651757	0.701867	-4.554664	29.711000
1.663303	0.696985	-4.578591	29.811000
1.673696	0.689794	-4.586023	29.911000
1.685061	0.684878	-4.567529	30.011000
1.695895	0.684543	-4.573036	30.111000
1.707114	0.693149	-4.564656	30.211000
1.718530	0.701257	-4.557372	30.311000
1.729214	0.697825	-4.589634	30.411000
1.740760	0.691913	-4.596489	30.511000
1.751069	0.694684	-4.595286	30.611000
1.763031	0.693082	-4.580461	30.711000
1.774442	0.685788	-4.577387	30.811000
1.785440	0.687503	-4.542169	30.911000
1.794778	0.691639	-4.523099	31.011000
1.807916	0.696788	-4.539019	31.112000
1.818603	0.699375	-4.576943	31.212000
1.830063	0.696449	-4.568279	31.311000
1.841406	0.700567	-4.554892	31.411000
1.851385	0.703039	-4.558617	31.512000
1.863683	0.700478	-4.554306	31.611000
1.873879	0.697487	-4.547250	31.712000
1.884833	0.696843	-4.532997	31.811000
1.896376	0.701283	-4.536632	31.911000
1.907352	0.702623	-4.563734	32.011000
1.918617	0.706783	-4.579387	32.111000
1.929597	0.707444	-4.586380	32.211000
1.940496	0.706746	-4.596278	32.311000
1.952010	0.701182	-4.595215	32.411000
1.963109	0.702248	-4.585377	32.511000
1.973901	0.709822	-4.576863	32.611000
1.985434	0.702380	-4.567636	32.711000
1.997238	0.691270	-4.566870	32.811000
2.007917	0.689230	-4.559753	32.911000
2.017954	0.690761	-4.563946	33.011000
2.032447	0.694218	-4.571513	33.111000
2.039554	0.700909	-4.538264	33.211000
2.055537	0.696677	-4.546653	33.311000
2.065808	0.685055	-4.556869	33.411000
2.077412	0.682223	-4.583533	33.511000
2.084790	0.684466	-4.584456	33.612000
2.098896	0.681363	-4.572907	33.711000
2.107522	0.677471	-4.579127	33.811000
2.118890	0.671552	-4.577634	33.911000
2.130782	0.675482	-4.578516	34.011000
2.142060	0.678931	-4.588930	34.112000
2.152942	0.682869	-4.605899	34.211000
2.164021	0.688317	-4.619558	34.311000
2.174832	0.692098	-4.628545	34.412000
2.185973	0.692525	-4.620421	34.511000
2.197351	0.695991	-4.603594	34.612000
2.209002	0.696838	-4.593081	34.711000
2.220027	0.697120	-4.576306	34.812000
2.232050	0.690258	-4.571660	34.911000
2.242358	0.691633	-4.592787	35.011000
2.254263	0.693392	-4.588671	35.112000
2.265037	0.693194	-4.582768	35.211000
2.276403	0.696547	-4.589908	35.312000
2.288416	0.692904	-4.610536	35.411000
2.298906	0.687660	-4.617188	35.511000
2.310388	0.684476	-4.639622	35.611000
2.322069	0.677202	-4.640266	35.711000
2.332598	0.678540	-4.587544	35.811000
2.344722	0.687112	-4.580207	35.912000
2.354713	0.694181	-4.587710	36.011000
2.366247	0.696852	-4.593075	36.111000
2.379798	0.696854	-4.615556	36.212000
2.388184	0.694538	-4.615727	36.311000
2.398816	0.687293	-4.596499	36.411000
2.416587	0.682089	-4.594765	36.511000
2.426762	0.682177	-4.595984	36.611000
2.438716	0.685130	-4.589505	36.711000
2.450498	0.687731	-4.604503	36.811000
2.461092	0.683606	-4.606225	36.911000
2.468125	0.686012	-4.612921	37.011000
2.477408	0.692184	-4.616389	37.111000
2.488496	0.696918	-4.609629	37.211000
2.503490	0.697727	-4.577026	37.311000
2.517397	0.695523	-4.584194	37.411000
2.522757	0.691633	-4.590864	37.511000
2.540240	0.693847	-4.578992	37.612000
2.547662	0.695495	-4.577721	37.711000
2.557791	0.692870	-4.587337	37.811000
2.572585	0.693322	-4.592579	37.911000
2.582475	0.690919	-4.588101	38.011000
2.593338	0.685199	-4.582624	38.112000
2.605433	0.683344	-4.557770	38.211000
2.615686	0.688882	-4.562245	38.311000
2.627036	0.694239	-4.563734	38.411000
2.638333	0.697225	-4.551459	38.511000
2.650725	0.698124	-4.534848	38.611000
2.661701	0.694738	-4.539146	38.711000
2.672584	0.691488	-4.553940	38.811000
2.684473	0.691416	-4.569341	38.911000
2.695691	0.687747	-4.575349	39.012000
2.706590	0.682109	-4.583763	39.112000
2.717651	0.684461	-4.601693	39.212000
2.729992	0.690968	-4.604662	39.311000
2.741630	0.696444	-4.588673	39.411000
2.753512	0.694095	-4.590328	39.511000
2.763764	0.693826	-4.617587	39.611000
2.774243	0.689614	-4.634297	39.711000
2.786499	0.687463	-4.626020	39.811000
2.799501	0.683476	-4.603756	39.911000
2.809526	0.683792	-4.588128	40.011000
2.819659	0.690108	-4.578871	40.111000
2.832569	0.696582	-4.594672	40.211000
2.844462	0.697039	-4.609321	40.311000
2.852998	0.690721	-4.601779	40.411000
2.865375	0.686446	-4.588001	40.511000
2.878638	0.692205	-4.568418	40.611000
2.887190	0.695516	-4.561456	40.711000
2.900521	0.699586	-4.558906	40.811000
2.910905	0.701227	-4.580718	40.911000
2.923290	0.694882	-4.624336	41.011000
2.932313	0.689281	-4.621205	41.111000
2.946382	0.684748	-4.564990	41.211000
2.958127	0.681827	-4.529088	41.311000
2.966877	0.683343	-4.528284	41.411000
2.978544	0.688085	-4.549047	41.511000
2.989311	0.695673	-4.564007	41.611000
3.000678	0.696077	-4.583888	41.711000
3.011459	0.702846	-4.610167	41.811000
3.022856	0.703183	-4.611902	41.911000
3.034237	0.690809	-4.600926	42.012000
3.046561	0.687205	-4.587550	42.111000
3.060216	0.689294	-4.576513	42.211000
3.071027	0.692053	-4.570443	42.312000
3.079637	0.691947	-4.548495	42.411000
3.092729	0.694374	-4.497710	42.511000
3.104018	0.694939	-4.480010	42.611000
3.115436	0.692520	-4.510221	42.711000
3.125684	0.692164	-4.539624	42.812000
3.138321	0.692743	-4.563255	42.911000
3.149414	0.688572	-4.585684	43.011000
3.160886	0.686551	-4.610477	43.112000
3.171865	0.690459	-4.584912	43.211000
3.182856	0.689503	-4.578259	43.311000
3.194146	0.691537	-4.576050	43.411000
3.204917	0.696926	-4.571114	43.511000
3.216588	0.701063	-4.550920	43.611000
3.227745	0.698461	-4.541601	43.711000
3.238843	0.692672	-4.537366	43.811000
3.250514	0.698115	-4.551818	43.911000
3.262340	0.694942	-4.567637	44.012000
3.273540	0.692691	-4.558271	44.111000
3.285007	0.691948	-4.580032	44.211000
3.295745	0.689627	-4.594204	44.311000
3.307091	0.690685	-4.593315	44.411000
3.319062	0.697013	-4.590100	44.511000
3.330449	0.701615	-4.593150	44.617000
3.342546	0.695676	-4.587462	44.711000
3.352842	0.684610	-4.577747	44.811000
3.364212	0.681076	-4.569356	44.911000
3.376032	0.686916	-4.584125	45.012000
3.387345	0.691080	-4.586692	45.111000
3.399224	0.697608	-4.576033	45.212000
3.410410	0.702934	-4.568104	45.311000
3.421602	0.705289	-4.587765	45.412000
3.432880	0.708825	-4.599057	45.511000
3.444523	0.707504	-4.589812	45.611000
3.455652	0.698597	-4.611413	45.711000
3.467523	0.693358	-4.597935	45.811000
3.478653	0.699985	-4.554127	45.911000
3.489411	0.696375	-4.542224	46.011000
3.501563	0.691748	-4.556483	46.111000
3.512927	0.694230	-4.557249	46.211000
3.524547	0.699011	-4.533764	46.311000
3.535532	0.700666	-4.527898	46.411000
3.547386	0.696051	-4.560229	46.512000
3.558760	0.689283	-4.615307	46.611000
3.569646	0.688270	-4.639092	46.711000
3.580998	0.691848	-4.648601	46.811000
3.593126	0.691614	-4.632496	46.911000
3.603691	0.691918	-4.611392	47.011000
3.615399	0.691768	-4.615812	47.111000
3.626583	0.693172	-4.599001	47.211000
3.637952	0.696856	-4.583037	47.311000
3.649260	0.703511	-4.558207	47.411000
3.660697	0.705901	-4.578116	47.511000
3.672141	0.703147	-4.624138	47.611000
3.683173	0.690701	-4.664726	47.711000
3.694884	0.686336	-4.637576	47.811000
3.705757	0.683254	-4.605311	47.911000
3.716308	0.679522	-4.585849	48.011000
3.727478	0.682031	-4.561376	48.111000
3.741355	0.686097	-4.580316	48.212000
3.750314	0.678873	-4.597287	48.311000
3.762868	0.676346	-4.608390	48.411000
3.772229	0.683191	-4.616292	48.511000
3.787816	0.686699	-4.599070	48.612000
3.795720	0.694059	-4.574778	48.711000
3.808847	0.699776	-4.551087	48.811000
3.821158	0.697496	-4.568431	48.911000
3.829839	0.691368	-4.593177	49.011000
3.841117	0.688247	-4.591318	49.111000
3.852619	0.691058	-4.576985	49.211000
3.865560	0.692010	-4.599308	49.311000
3.875933	0.696172	-4.631300	49.411000
3.886862	0.701170	-4.641800	49.511000
3.898787	0.699575	-4.635554	49.612000
3.911165	0.700782	-4.620168	49.711000
3.923596	0.701584	-4.597121	49.811000
3.935902	0.692522	-4.598572	49.911000
3.947231	0.682506	-4.609031	50.011000
3.955831	0.681244	-4.604132	50.111000
3.966620	0.679707	-4.609986	50.211000
3.979977	0.681000	-4.591155	50.311000
3.992502	0.688115	-4.563979	50.411000
4.002273	0.693279	-4.550399	50.511000
4.011318	0.694624	-4.545814	50.611000
4.026153	0.696615	-4.556665	50.712000
4.033654	0.697909	-4.577677	50.811000
4.050276	0.699843	-4.599782	50.911000
4.057264	0.695074	-4.611694	51.011000
4.072201	0.687210	-4.585891	51.111000
4.081134	0.691485	-4.567385	51.211000
4.093778	0.693889	-4.557067	51.311000
4.103689	0.694210	-4.549979	51.411000
4.117247	0.691030	-4.559872	51.511000
4.125713	0.689664	-4.569149	51.611000
4.139441	0.687911	-4.572441	51.711000
4.149547	0.686673	-4.581781	51.811000
4.159368	0.686892	-4.588525	51.911000
4.174046	0.690786	-4.579278	52.011000
4.182917	0.696632	-4.573989	52.111000
4.193970	0.699311	-4.576110	52.211000
4.205793	0.702216	-4.579432	52.311000
4.217150	0.699547	-4.581035	52.411000
4.228747	0.694440	-4.602639	52.512000
4.239754	0.691953	-4.620153	52.611000
4.250180	0.697905	-4.614762	52.711000
4.260996	0.701117	-4.605328	52.811000
4.272754	0.693287	-4.591521	52.911000
4.284619	0.683856	-4.594628	53.011000
4.296192	0.681559	-4.576671	53.111000
4.308209	0.685299	-4.577178	53.211000
4.318642	0.682818	-4.592123	53.311000
4.330173	0.679376	-4.599479	53.411000
4.341806	0.683792	-4.614791	53.511000
4.352740	0.687843	-4.623349	53.611000
4.364494	0.688062	-4.620291	53.711000
4.375768	0.686915	-4.610749	53.812000
4.387586	0.689233	-4.613520	53.912000
4.398373	0.686841	-4.583360	54.012000
4.409771	0.681528	-4.543179	54.111000
4.421237	0.685028	-4.526404	54.211000
4.432663	0.687709	-4.519992	54.311000
4.444087	0.693163	-4.534004	54.411000
4.455193	0.692266	-4.551016	54.511000
4.466609	0.692985	-4.548198	54.611000
4.477877	0.696157	-4.532778	54.711000
4.489518	0.699244	-4.564082	54.811000
4.500930	0.694610	-4.608001	54.911000
4.512313	0.695855	-4.605666	55.011000
4.523525	0.693757	-4.617099	55.111000
4.534466	0.688373	-4.604746	55.211000
4.545703	0.693172	-4.587300	55.311000
4.557468	0.691009	-4.593930	55.412000
4.568817	0.690180	-4.594241	55.511000
4.580115	0.693387	-4.593062	55.611000
4.591174	0.691671	-4.570428	55.711000
4.602193	0.688187	-4.539165	55.811000
4.613986	0.686185	-4.540390	55.911000
4.625564	0.688037	-4.554710	56.011000
4.636764	0.695015	-4.589040	56.112000
4.648164	0.691476	-4.606637	56.211000
4.659120	0.687100	-4.581084	56.311000
4.670654	0.683612	-4.556996	56.411000
4.681913	0.687445	-4.517488	56.511000
4.692305	0.687302	-4.512501	56.612000
4.703519	0.689049	-4.510275	56.711000
4.715031	0.687347	-4.501620	56.811000
4.726149	0.685083	-4.517776	56.912000
4.737211	0.685420	-4.560594	57.012000
4.748616	0.679598	-4.567719	57.111000
4.759567	0.682544	-4.542870	57.211000
4.770982	0.690744	-4.553763	57.311000
4.782479	0.690163	-4.537683	57.411000
4.793299	0.689203	-4.537263	57.511000
4.804651	0.687231	-4.526689	57.611000
4.815962	0.692773	-4.533528	57.711000
4.827122	0.698128	-4.555154	57.811000
4.838466	0.694193	-4.570971	57.911000
4.849549	0.686251	-4.605733	58.011000
4.860780	0.679451	-4.598233	58.111000
4.872150	0.681440	-4.593904	58.211000
4.883251	0.684752	-4.602965	58.311000
4.894692	0.690510	-4.614080	58.411000
4.906041	0.690432	-4.611839	58.511000
4.916546	0.689604	-4.585064	58.611000
4.927772	0.692537	-4.558917	58.711000
4.939938	0.693778	-4.548798	58.811000
4.951214	0.694673	-4.575263	58.911000
4.962178	0.692057	-4.602538	59.011000
4.973408	0.683786	-4.616022	59.111000
4.984433	0.681454	-4.593172	59.211000
4.995734	0.688282	-4.561439	59.311000
5.007848	0.692805	-4.569906	59.411000
5.018661	0.689535	-4.578952	59.511000
5.029566	0.684198	-4.563037	59.611000
5.040852	0.682203	-4.532205	59.711000
5.052851	0.685516	-4.495473	59.811000
5.062971	0.694664	-4.479440	59.911000
5.075618	0.699418	-4.516616	60.012000
5.085456	0.695978	-4.559990	60.111000
5.098052	0.691360	-4.592964	60.211000
5.108239	0.687361	-4.629178	60.311000
5.119216	0.697597	-4.660999	60.411000
5.132199	0.710841	-4.685405	60.511000
5.141912	0.709916	-4.643949	60.612000
5.153645	0.709054	-4.582577	60.711000
5.166097	0.701371	-4.557664	60.811000
5.175378	0.691410	-4.571516	60.911000
5.187456	0.687267	-4.599148	61.011000
5.199429	0.688689	-4.596384	61.111000
5.208855	0.690060	-4.643346	61.212000
5.221503	0.696108	-4.676533	61.311000
5.232337	0.694397	-4.676968	61.411000
5.242236	0.687089	-4.618088	61.511000
5.253999	0.683958	-4.570606	61.611000
5.266386	0.685997	-4.566248	61.711000
5.277199	0.688089	-4.559802	61.811000
5.287081	0.689622	-4.568441	61.911000
5.299408	0.682475	-4.575537	62.011000
5.310210	0.678426	-4.589782	62.112000
5.320827	0.673905	-4.608538	62.211000
5.333077	0.671625	-4.618551	62.312000
5.345183	0.675608	-4.621286	62.411000
5.356408	0.685314	-4.597415	62.511000
5.366887	0.688442	-4.584827	62.612000
5.377821	0.689408	-4.562850	62.711000
5.389536	0.689348	-4.563796	62.811000
5.400051	0.691340	-4.588881	62.911000
5.410878	0.693650	-4.591240	63.011000
5.421932	0.694832	-4.592439	63.111000
5.432863	0.691339	-4.600066	63.212000
5.444037	0.691302	-4.580049	63.311000
5.457557	0.692728	-4.548693	63.411000
5.468808	0.690161	-4.539896	63.511000
5.480355	0.683808	-4.544625	63.612000
5.490704	0.685033	-4.553713	63.711000
5.501462	0.687556	-4.554198	63.811000
5.513137	0.687057	-4.520137	63.912000
5.524231	0.687463	-4.479889	64.011000
5.534584	0.686918	-4.517813	64.112000
5.547455	0.688045	-4.544546	64.211000
5.556772	0.687310	-4.543920	64.311000
5.568931	0.689992	-4.587213	64.411000
5.580665	0.685621	-4.619065	64.511000
5.592152	0.687149	-4.636571	64.611000
5.602275	0.684634	-4.643593	64.711000
5.613554	0.681765	-4.643246	64.811000
5.624894	0.683984	-4.639255	64.911000
5.636353	0.686019	-4.635644	65.011000
5.647910	0.687209	-4.613211	65.111000
5.659859	0.694414	-4.597418	65.211000
5.670784	0.700734	-4.607391	65.311000
5.680191	0.703330	-4.578435	65.411000
5.687137	0.696872	-4.555749	65.511000
5.685739	0.686785	-4.536390	65.611000
5.683343	0.687176	-4.523181	65.711000
5.678435	0.686168	-4.539501	65.811000
5.675608	0.687116	-4.545304	65.912000
5.669955	0.690246	-4.557994	66.011000
5.664023	0.692334	-4.563826	66.111000
5.657619	0.692910	-4.587738	66.211000
5.651263	0.696501	-4.561609	66.311000
5.645002	0.701056	-4.556420	66.411000
5.638004	0.702657	-4.589592	66.511000
5.630776	0.699748	-4.585741	66.611000
5.623920	0.697951	-4.573549	66.711000
5.616387	0.695853	-4.559374	66.811000
5.608664	0.699642	-4.575039	66.911000
5.600874	0.697883	-4.576701	67.011000
5.592947	0.694849	-4.577979	67.111000
5.584832	0.690867	-4.571345	67.211000
5.577065	0.686935	-4.545445	67.311000
5.568856	0.689409	-4.522786	67.411000
5.560707	0.691554	-4.521924	67.511000
5.552288	0.690676	-4.545329	67.612000
5.543282	0.687031	-4.555339	67.711000
5.534593	0.681028	-4.575180	67.811000
5.526299	0.677628	-4.639954	67.911000
5.517858	0.686226	-4.661641	68.012000
5.509508	0.695809	-4.641336	68.111000
5.500009	0.692025	-4.623184	68.211000
5.491289	0.694138	-4.618919	68.311000
5.482564	0.697231	-4.623118	68.411000
5.473934	0.698991	-4.603694	68.511000
5.464992	0.696843	-4.589152	68.611000
5.455493	0.693615	-4.575724	68.711000
5.446119	0.691121	-4.574381	68.811000
5.437327	0.688009	-4.593416	68.911000
5.429503	0.691729	-4.590254	69.011000
5.419682	0.691958	-4.601475	69.111000
5.410044	0.693175	-4.600560	69.211000
5.400723	0.693645	-4.567046	69.311000
5.391352	0.696651	-4.509344	69.411000
5.381267	0.695475	-4.531227	69.512000
5.374202	0.693719	-4.543579	69.611000
5.362425	0.694402	-4.519392	69.712000
5.355419	0.692055	-4.524391	69.811000
5.343790	0.684798	-4.546239	69.911000
5.335094	0.681616	-4.551084	70.011000
5.327599	0.682288	-4.552412	70.111000
5.318444	0.684253	-4.553261	70.211000
5.309224	0.680872	-4.503581	70.312000
5.299320	0.680922	-4.484956	70.411000
5.286858	0.688699	-4.540513	70.511000
5.279076	0.693383	-4.558355	70.611000
5.269916	0.690386	-4.557741	70.712000
5.258732	0.691771	-4.579456	70.811000
5.250591	0.692332	-4.621578	70.911000
5.240489	0.691762	-4.633056	71.011000
5.229995	0.699284	-4.613972	71.111000
5.220281	0.702347	-4.603004	71.211000
5.211157	0.705437	-4.595314	71.312000
5.201532	0.703475	-4.602927	71.411000
5.192052	0.697292	-4.618165	71.511000
5.181643	0.694371	-4.611698	71.611000
5.171335	0.694038	-4.589845	71.711000
5.162193	0.695737	-4.564095	71.811000
5.152400	0.693614	-4.548541	71.912000
5.142558	0.688102	-4.537575	72.011000
5.132944	0.690583	-4.559539	72.111000
5.122511	0.685054	-4.585902	72.211000
5.112379	0.678318	-4.581045	72.311000
5.102939	0.674923	-4.570139	72.411000
5.092903	0.676981	-4.572268	72.511000
5.082392	0.686395	-4.583449	72.611000
5.072915	0.691749	-4.584483	72.711000
5.063363	0.687919	-4.579697	72.811000
5.053134	0.691505	-4.567566	72.911000
5.042905	0.701062	-4.552895	73.012000
5.033061	0.701936	-4.547397	73.111000
5.023137	0.698025	-4.565354	73.211000
5.012998	0.688483	-4.577892	73.311000
5.002804	0.686078	-4.605221	73.411000
4.992559	0.680835	-4.619256	73.511000
4.983140	0.682831	-4.606492	73.612000
4.972618	0.691340	-4.596010	73.711000
4.963153	0.696122	-4.598232	73.811000
4.953221	0.699355	-4.585365	73.911000
4.942654	0.697694	-4.605941	74.011000
4.932829	0.699022	-4.620770	74.111000
4.923013	0.696889	-4.622883	74.211000
4.912492	0.696111	-4.604247	74.311000
4.902773	0.691073	-4.570596	74.411000
4.892832	0.691626	-4.529269	74.511000
4.883094	0.691746	-4.537961	74.611000
4.872349	0.691877	-4.553781	74.711000
4.862451	0.686343	-4.534996	74.811000
4.851829	0.684322	-4.503836	74.911000
4.841754	0.692312	-4.535463	75.011000
4.831450	0.700514	-4.579646	75.112000
4.820723	0.695078	-4.567820	75.211000
4.811050	0.690408	-4.547825	75.312000
4.800786	0.690868	-4.568284	75.412000
4.790861	0.692061	-4.598450	75.511000
4.780521	0.687724	-4.597555	75.611000
4.770132	0.688122	-4.591514	75.711000
4.759656	0.694588	-4.551164	75.811000
4.749441	0.694107	-4.578225	75.911000
4.738811	0.692242	-4.594797	76.011000
4.729166	0.691512	-4.587602	76.111000
4.718144	0.690383	-4.584476	76.211000
4.707588	0.688562	-4.573164	76.311000
4.696876	0.689109	-4.558443	76.411000
4.686535	0.688841	-4.553288	76.511000
4.677069	0.684776	-4.588384	76.611000
4.666279	0.682280	-4.612785	76.711000
4.655150	0.689053	-4.586991	76.811000
4.644669	0.694240	-4.548619	76.911000
4.634602	0.691199	-4.566371	77.011000
4.624051	0.684655	-4.558832	77.111000
4.613365	0.689030	-4.548861	77.211000
4.602032	0.687279	-4.523041	77.311000
4.593380	0.683647	-4.523117	77.411000
4.582615	0.679317	-4.513739	77.511000
4.570399	0.682219	-4.450939	77.612000
4.561135	0.687680	-4.454540	77.711000
4.551187	0.696840	-4.500578	77.811000
4.538612	0.694979	-4.561558	77.911000
4.530638	0.686669	-4.580184	78.011000
4.516856	0.683947	-4.562529	78.112000
4.509766	0.692046	-4.572743	78.211000
4.495951	0.700013	-4.602875	78.311000
4.488722	0.688403	-4.639895	78.411000
4.475683	0.673722	-4.650691	78.512000
4.464358	0.671854	-4.625475	78.611000
4.457023	0.681189	-4.620487	78.711000
4.443138	0.677890	-4.594173	78.812000
4.432268	0.665898	-4.576349	78.912000
4.425215	0.669807	-4.567162	79.011000
4.415723	0.680967	-4.558126	79.112000
4.404649	0.692566	-4.559570	79.211000
4.393272	0.697255	-4.550504	79.311000
4.382806	0.698095	-4.553729	79.411000
4.372557	0.701796	-4.570871	79.512000
4.362680	0.700025	-4.588343	79.612000
4.350471	0.691230	-4.564882	79.711000
4.336664	0.692616	-4.579092	79.812000
4.326054	0.688408	-4.634991	79.911000
4.318987	0.682674	-4.628233	80.011000
4.308836	0.690615	-4.602994	80.111000
4.294424	0.699124	-4.572786	80.212000
4.286006	0.709194	-4.507038	80.311000
4.273874	0.713571	-4.511308	80.412000
4.264765	0.704925	-4.553261	80.511000
4.253165	0.694025	-4.572213	80.611000
4.243184	0.683174	-4.565863	80.711000
4.232146	0.685502	-4.538142	80.812000
4.221468	0.699669	-4.551211	80.911000
4.209110	0.710677	-4.598636	81.011000
4.198809	0.705850	-4.654727	81.111000
4.188589	0.690571	-4.703045	81.212000
4.177421	0.679322	-4.690398	81.311000
4.166849	0.680231	-4.651209	81.411000
4.155572	0.685279	-4.621457	81.511000
4.144583	0.693273	-4.609169	81.611000
4.133986	0.696828	-4.592729	81.711000
4.123006	0.695475	-4.558964	81.812000
4.112927	0.691668	-4.549958	81.911000
4.101672	0.687879	-4.563337	82.011000
4.089824	0.687690	-4.589963	82.111000
4.079446	0.686713	-4.582506	82.211000
4.069302	0.687183	-4.554961	82.311000
4.058794	0.695603	-4.594378	82.411000
4.046882	0.695821	-4.662790	82.511000
4.035927	0.689180	-4.628806	82.612000
4.025338	0.677873	-4.614292	82.712000
4.014147	0.673929	-4.602857	82.811000
4.002962	0.678305	-4.579857	82.911000
3.993393	0.681630	-4.562849	83.011000
3.981305	0.682182	-4.555734	83.111000
3.971121	0.686079	-4.534653	83.211000
3.960671	0.693790	-4.507771	83.311000
3.949463	0.692960	-4.536838	83.411000
3.938597	0.688225	-4.571492	83.511000
3.927899	0.686454	-4.589317	83.611000
3.916760	0.688175	-4.603754	83.711000
3.906111	0.691758	-4.610831	83.811000
3.894999	0.699314	-4.600090	83.911000
3.884242	0.700161	-4.618425	84.011000
3.873400	0.690586	-4.617862	84.112000
3.862125	0.680085	-4.602827	84.211000
3.850979	0.681700	-4.611738	84.311000
3.840119	0.685587	-4.600159	84.411000
3.829021	0.684261	-4.576753	84.511000
3.818190	0.688111	-4.572033	84.611000
3.807146	0.691648	-4.581680	84.711000
3.795945	0.682550	-4.596252	84.811000
3.784602	0.685864	-4.565049	84.911000
3.773769	0.690490	-4.573171	85.012000
3.762763	0.688213	-4.619078	85.111000
3.751448	0.684457	-4.622649	85.211000
3.740419	0.687039	-4.600024	85.311000
3.729210	0.693163	-4.564086	85.411000
3.718211	0.697998	-4.551562	85.511000
3.707350	0.699995	-4.549107	85.611000
3.696581	0.691138	-4.524620	85.711000
3.684687	0.684704	-4.491019	85.811000
3.673890	0.683176	-4.525144	85.911000
3.663021	0.681631	-4.545398	86.011000
3.651952	0.688037	-4.527593	86.111000
3.640609	0.697979	-4.525548	86.212000
3.629470	0.698117	-4.562156	86.311000
3.618709	0.690891	-4.619775	86.411000
3.607158	0.685574	-4.662568	86.511000
3.595858	0.687316	-4.667247	86.611000
3.585288	0.691489	-4.619507	86.711000
3.574047	0.691729	-4.584062	86.811000
3.563093	0.691390	-4.579888	86.911000
3.551803	0.691749	-4.625262	87.011000
3.540523	0.700441	-4.675196	87.111000
3.529342	0.699902	-4.661285	87.211000
3.518258	0.694116	-4.618217	87.311000
3.507067	0.693099	-4.579430	87.412000
3.495996	0.690866	-4.575462	87.511000
3.485423	0.690359	-4.557386	87.611000
3.474351	0.691279	-4.569304	87.711000
3.463197	0.695533	-4.613864	87.811000
3.452656	0.692281	-4.614614	87.911000
3.441563	0.698610	-4.599649	88.011000
3.430376	0.702435	-4.576307	88.111000
3.419177	0.706774	-4.544448	88.211000
3.407856	0.708487	-4.538571	88.311000
3.396784	0.702330	-4.549990	88.411000
3.385851	0.690748	-4.569122	88.511000
3.374465	0.689646	-4.547397	88.611000
3.363541	0.693425	-4.528344	88.711000
3.352148	0.686994	-4.558955	88.812000
3.340898	0.685952	-4.602274	88.911000
3.329763	0.683109	-4.639956	89.012000
3.318558	0.686285	-4.653175	89.111000
3.307383	0.689137	-4.637903	89.211000
3.296819	0.692966	-4.623422	89.311000
3.286120	0.691617	-4.588991	89.412000
3.274673	0.702545	-4.539890	89.511000
3.263949	0.708698	-4.535760	89.611000
3.252591	0.708942	-4.567544	89.711000
3.241044	0.704575	-4.592891	89.811000
3.229744	0.704763	-4.602942	89.911000
3.218596	0.708952	-4.612278	90.011000
3.207043	0.706050	-4.618489	90.111000
3.195915	0.693213	-4.608509	90.211000
3.184923	0.684936	-4.588863	90.311000
3.173162	0.681507	-4.592976	90.411000
3.162690	0.674476	-4.618183	90.511000
3.150560	0.677834	-4.654777	90.611000
3.140281	0.688517	-4.650391	90.711000
3.127866	0.702516	-4.640296	90.812000
3.117324	0.711107	-4.633148	90.912000
3.106129	0.703929	-4.612649	91.011000
3.093935	0.697215	-4.589994	91.111000
3.083140	0.694566	-4.606609	91.211000
3.071248	0.691037	-4.566259	91.311000
3.059704	0.686923	-4.548541	91.411000
3.048919	0.686609	-4.523050	91.511000
3.037964	0.686054	-4.568450	91.611000
3.026295	0.682952	-4.571397	91.711000
3.014772	0.681553	-4.544719	91.812000
3.003696	0.686347	-4.573527	91.911000
2.992001	0.698512	-4.577298	92.011000
2.980458	0.707218	-4.570835	92.111000
2.969428	0.713371	-4.559507	92.211000
2.959289	0.710767	-4.583479	92.311000
2.946289	0.704048	-4.594681	92.411000
2.935352	0.700145	-4.596717	92.512000
2.925000	0.699088	-4.586116	92.611000
2.914371	0.692574	-4.572627	92.711000
2.900282	0.692829	-4.547569	92.811000
2.887303	0.693891	-4.558429	92.911000
2.878070	0.689864	-4.586056	93.011000
2.866117	0.691119	-4.614123	93.111000
2.854012	0.690511	-4.625308	93.211000
2.847203	0.699952	-4.617502	93.311000
2.831543	0.708622	-4.617902	93.411000
2.822796	0.705409	-4.624944	93.511000
2.810348	0.699036	-4.629757	93.611000
2.800268	0.696314	-4.595931	93.711000
2.788097	0.688869	-4.583316	93.811000
2.776571	0.686761	-4.556881	93.911000
2.765527	0.686918	-4.573411	94.011000
2.754021	0.683773	-4.601624	94.112000
2.742617	0.681138	-4.608087	94.211000
2.731245	0.685951	-4.604939	94.311000
2.719929	0.687571	-4.641795	94.411000
2.708190	0.691390	-4.657971	94.511000
2.696715	0.686070	-4.631870	94.611000
2.685047	0.686476	-4.598526	94.711000
2.673929	0.683154	-4.563207	94.811000
2.662668	0.683857	-4.558405	94.911000
2.649574	0.696380	-4.555777	95.011000
2.637608	0.696468	-4.572202	95.111000
2.627861	0.686251	-4.575813	95.211000
2.618787	0.688168	-4.589316	95.311000
2.607254	0.690032	-4.604508	95.411000
2.595898	0.688437	-4.606794	95.511000
2.582780	0.682399	-4.611741	95.611000
2.568600	0.683769	-4.585939	95.712000
2.560898	0.686673	-4.564445	95.812000
2.548573	0.686686	-4.556174	95.911000
2.535736	0.684677	-4.547473	96.012000
2.524965	0.686747	-4.554880	96.111000
2.512890	0.687679	-4.568893	96.211000
2.501609	0.689634	-4.577754	96.311000
2.490121	0.694807	-4.591483	96.411000
2.478992	0.697650	-4.611324	96.511000
2.467400	0.693420	-4.592430	96.612000
2.455535	0.691720	-4.584119	96.711000
2.444716	0.688084	-4.597208	96.811000
2.432936	0.685788	-4.620351	96.911000
2.421906	0.689184	-4.623243	97.012000
2.410769	0.696737	-4.612143	97.111000
2.398884	0.695599	-4.611298	97.211000
2.388454	0.689987	-4.598101	97.312000
2.376183	0.684447	-4.599193	97.411000
2.365246	0.680414	-4.580784	97.511000
2.354741	0.672902	-4.592675	97.611000
2.341470	0.666881	-4.605596	97.711000
2.330982	0.677091	-4.598387	97.811000
2.319939	0.686175	-4.611243	97.912000
2.307212	0.684059	-4.579624	98.011000
2.295592	0.684130	-4.529150	98.112000
2.284396	0.691538	-4.519512	98.211000
2.273216	0.698850	-4.552494	98.311000
2.261394	0.693937	-4.600664	98.411000
2.249372	0.695346	-4.581912	98.511000
2.238113	0.697085	-4.577556	98.611000
2.225824	0.690428	-4.604649	98.711000
2.215491	0.690458	-4.627579	98.811000
2.204165	0.695217	-4.621233	98.911000
2.192594	0.685788	-4.586286	99.011000
2.180777	0.670439	-4.532519	99.111000
2.168414	0.666532	-4.455083	99.212000
2.157749	0.672759	-4.459660	99.311000
2.146134	0.680852	-4.447796	99.411000
2.135004	0.695105	-4.424530	99.511000
2.123103	0.697595	-4.459575	99.611000
2.111328	0.691655	-4.521371	99.711000
2.099458	0.689624	-4.558253	99.811000
2.088173	0.683416	-4.589498	99.911000
2.077017	0.683588	-4.593372	100.011000
2.065378	0.688148	-4.599247	100.111000
2.053580	0.693497	-4.595539	100.211000
2.041295	0.696812	-4.566037	100.311000
2.030577	0.695033	-4.554826	100.412000
2.018390	0.690624	-4.545706	100.511000
2.007089	0.687901	-4.542696	100.611000
1.996077	0.692097	-4.566807	100.712000
1.983199	0.690668	-4.594722	100.811000
1.971110	0.685221	-4.612955	100.911000
1.959547	0.677815	-4.624331	101.011000
1.949768	0.680593	-4.608344	101.111000
1.937415	0.688100	-4.591887	101.211000
1.926405	0.692262	-4.568039	101.311000
1.914542	0.694753	-4.532374	101.411000
1.903253	0.691893	-4.494863	101.511000
1.891542	0.689219	-4.500453	101.611000
1.880344	0.691103	-4.544905	101.711000
1.868575	0.700440	-4.562713	101.811000
1.856905	0.704484	-4.580512	101.911000
1.845601	0.695898	-4.609457	102.011000
1.833907	0.693131	-4.605250	102.111000
1.822600	0.688801	-4.571088	102.211000
1.811203	0.690496	-4.564960	102.311000
1.799617	0.691730	-4.598311	102.411000
1.787713	0.687756	-4.641863	102.511000
1.775872	0.676015	-4.643285	102.611000
1.764682	0.669214	-4.627426	102.711000
1.753387	0.669398	-4.581709	102.811000
1.741265	0.679081	-4.538238	102.912000
1.730132	0.693626	-4.534412	103.011000
1.717092	0.696849	-4.517616	103.111000
1.705920	0.692449	-4.511982	103.211000
1.694172	0.691687	-4.527546	103.311000
1.683123	0.687928	-4.545643	103.411000
1.671240	0.692872	-4.521377	103.511000
1.659843	0.703165	-4.541335	103.611000
1.647624	0.704456	-4.541290	103.711000
1.636125	0.696824	-4.545922	103.811000
1.624487	0.695668	-4.552224	103.911000
1.612938	0.697486	-4.541384	104.011000
1.601668	0.698640	-4.526570	104.111000
1.589637	0.694347	-4.554803	104.211000
1.577734	0.693299	-4.537582	104.311000
1.566128	0.695272	-4.533063	104.411000
1.554249	0.699708	-4.569639	104.511000
1.543115	0.701368	-4.620535	104.611000
1.531360	0.695427	-4.639139	104.711000
1.519570	0.688200	-4.592675	104.811000
1.507894	0.686114	-4.581257	104.911000
1.496110	0.688154	-4.582961	105.011000
1.484242	0.700297	-4.562299	105.111000
1.472794	0.703836	-4.480333	105.212000
1.461386	0.698719	-4.513793	105.311000
1.449185	0.690737	-4.527796	105.411000
1.437707	0.687116	-4.569148	105.511000
1.426003	0.688851	-4.589022	105.611000
1.414587	0.700079	-4.591892	105.711000
1.402730	0.703659	-4.592337	105.811000
1.391085	0.699554	-4.586012	105.912000
1.379582	0.690875	-4.575680	106.011000
1.368149	0.677528	-4.534739	106.111000
1.356589	0.674600	-4.552258	106.211000
1.344789	0.674261	-4.574607	106.311000
1.333279	0.677827	-4.561087	106.411000
1.321776	0.682519	-4.543258	106.511000
1.310207	0.678421	-4.545662	106.611000
1.298634	0.675415	-4.566252	106.711000
1.287085	0.676411	-4.616560	106.811000
1.275613	0.682843	-4.640861	106.911000
1.263967	0.689321	-4.636626	107.012000
1.251731	0.688606	-4.622468	107.111000
1.239900	0.691702	-4.611380	107.212000
1.228275	0.697005	-4.601022	107.311000
1.216500	0.697394	-4.626253	107.412000
1.205172	0.697032	-4.628387	107.511000
1.193212	0.696698	-4.592082	107.611000
1.181413	0.692663	-4.562123	107.711000
1.169756	0.687784	-4.536436	107.812000
1.158026	0.692504	-4.521755	107.912000
1.146522	0.688061	-4.501137	108.012000
1.135012	0.686583	-4.488344	108.111000
1.123169	0.683788	-4.542583	108.211000
1.111255	0.682118	-4.588277	108.311000
1.099368	0.686796	-4.605846	108.411000
1.087762	0.696252	-4.602378	108.511000
1.076132	0.708337	-4.594490	108.611000
1.064353	0.715812	-4.565949	108.711000
1.052617	0.718928	-4.590024	108.811000
1.040807	0.722475	-4.595455	108.911000
1.028879	0.718444	-4.579512	109.011000
1.017513	0.707460	-4.546032	109.112000
1.005743	0.700258	-4.507496	109.212000
0.994253	0.694538	-4.504541	109.311000
0.982291	0.685820	-4.516246	109.413000
0.970635	0.683870	-4.528026	109.511000
0.958823	0.681776	-4.561854	109.611000
0.947474	0.685747	-4.562807	109.711000
0.936031	0.689597	-4.536795	109.812000
0.924071	0.699086	-4.537949	109.911000
0.912129	0.698776	-4.576233	110.011000
0.900466	0.688890	-4.589605	110.112000
0.888528	0.681530	-4.578790	110.212000
0.877219	0.680068	-4.560399	110.311000
0.865494	0.691951	-4.571987	110.411000
0.853909	0.690715	-4.581523	110.511000
0.842272	0.687334	-4.574930	110.611000
0.830733	0.683146	-4.557857	110.711000
0.819114	0.693174	-4.553571	110.811000
0.807507	0.707404	-4.584198	110.912000
0.795907	0.703292	-4.606043	111.011000
0.784412	0.696984	-4.614709	111.111000
0.772909	0.683669	-4.616655	111.211000
0.761323	0.677628	-4.596964	111.311000
0.749777	0.678392	-4.575932	111.411000
0.738326	0.681715	-4.578967	111.511000
0.726457	0.681746	-4.544826	111.612000
0.714469	0.690248	-4.507183	111.711000
0.702962	0.703430	-4.546813	111.811000
0.691132	0.704914	-4.607508	111.911000
0.679803	0.692848	-4.652977	112.011000
0.668044	0.687445	-4.701271	112.111000
0.656231	0.687778	-4.703339	112.211000
0.644340	0.686123	-4.682763	112.311000
0.632795	0.687943	-4.649354	112.411000
0.621252	0.696228	-4.593115	112.511000
0.609994	0.696582	-4.592484	112.611000
0.598233	0.680288	-4.603565	112.711000
0.586252	0.678302	-4.606038	112.812000
0.574518	0.681056	-4.584817	112.911000
0.562773	0.681142	-4.554482	113.011000
0.551315	0.679898	-4.551015	113.111000
0.539569	0.685462	-4.561543	113.211000
0.527937	0.686412	-4.541327	113.311000
0.515565	0.685249	-4.556005	113.411000
0.504236	0.690787	-4.591470	113.511000
0.492487	0.693392	-4.620630	113.611000
0.480869	0.691683	-4.627589	113.711000
0.469296	0.694527	-4.591266	113.811000
0.457402	0.712394	-4.563229	113.912000
0.445748	0.714784	-4.614186	114.011000
0.434095	0.705306	-4.629095	114.111000
0.422332	0.705504	-4.599063	114.211000
0.410786	0.706768	-4.581091	114.312000
0.399166	0.702240	-4.565070	114.411000
0.387328	0.696842	-4.572818	114.511000
0.375574	0.692304	-4.594221	114.611000
0.363840	0.691779	-4.606802	114.711000
0.352310	0.689461	-4.610751	114.812000
0.340384	0.701090	-4.626065	114.911000
0.329054	0.703072	-4.635247	115.011000
0.317527	0.704715	-4.631798	115.111000
0.305954	0.704516	-4.626042	115.211000
0.294218	0.699767	-4.616591	115.311000
0.282819	0.696819	-4.634890	115.411000
0.274633	0.698386	-4.637741	115.511000
0.269623	0.696567	-4.617903	115.611000
0.265472	0.694855	-4.611099	115.711000
0.262268	0.697936	-4.614874	115.811000
0.259313	0.702590	-4.638927	115.912000
0.256618	0.699989	-4.681075	116.012000
0.254198	0.690337	-4.673846	116.111000
0.252007	0.687642	-4.654231	116.211000
0.250313	0.690852	-4.653996	116.311000
0.248616	0.695555	-4.624247	116.411000
0.246711	0.691751	-4.594231	116.511000
0.245316	0.687999	-4.577651	116.611000
0.243759	0.689905	-4.588703	116.712000
0.242370	0.689186	-4.575264	116.812000
0.241358	0.686709	-4.564637	116.911000
0.239782	0.688543	-4.582731	117.012000
0.238818	0.692987	-4.607367	117.111000
0.237699	0.691677	-4.614314	117.211000
0.236737	0.686842	-4.601048	117.311000
0.235740	0.681543	-4.587049	117.412000
0.234969	0.686940	-4.568167	117.511000
0.234156	0.690268	-4.571082	117.616000
0.233151	0.685678	-4.605350	117.711000
0.232489	0.685060	-4.610749	117.811000
0.231887	0.690016	-4.586801	117.911000
0.231057	0.691748	-4.592033	118.011000
0.230356	0.691537	-4.617830	118.111000
0.229589	0.689646	-4.588343	118.211000
0.229108	0.691201	-4.546638	118.311000
0.228428	0.695268	-4.528068	118.411000
0.227678	0.696480	-4.548753	118.512000
0.227237	0.695750	-4.563691	118.616000
0.226568	0.696907	-4.605000	118.711000
0.226122	0.697574	-4.645510	118.811000
0.225658	0.697886	-4.677974	118.912000
0.225145	0.695451	-4.674521	119.011000
0.224687	0.691017	-4.647502	119.112000
0.224365	0.687145	-4.630416	119.212000
0.223720	0.687668	-4.604012	119.312000
0.223421	0.689449	-4.556787	119.412000
0.223095	0.688138	-4.550518	119.511000
0.222617	0.688983	-4.583690	119.611000
0.222244	0.691067	-4.577856	119.712000
0.221837	0.691231	-4.577128	119.811000
0.221553	0.687338	-4.598037	119.911000
0.221143	0.687026	-4.595143	120.011000
0.220894	0.692811	-4.593331	120.111000
0.220653	0.695039	-4.582605	120.212000
0.220131	0.694468	-4.561136	120.312000
0.219983	0.697634	-4.550642	120.411000
0.219698	0.697949	-4.562185	120.511000
0.219453	0.692572	-4.581992	120.611000
0.219079	0.691813	-4.602902	120.711000
0.218924	0.695990	-4.628315	120.812000
0.218639	0.693505	-4.636811	120.911000
0.218443	0.690205	-4.621558	121.011000
0.218212	0.686319	-4.614460	121.111000
0.217944	0.680098	-4.607416	121.211000
0.217710	0.675950	-4.607128	121.311000
0.217607	0.676284	-4.590527	121.411000
0.217152	0.678565	-4.568599	121.511000
0.217060	0.682884	-4.585381	121.611000
0.216722	0.689619	-4.581844	121.711000
0.216722	0.694012	-4.586079	121.811000
0.216214	0.689285	-4.581322	121.911000
0.216112	0.686466	-4.583339	122.011000
0.215906	0.691091	-4.585323	122.111000
0.215720	0.693288	-4.593550	122.211000
0.215582	0.693764	-4.596035	122.311000
0.215545	0.691850	-4.580437	122.412000
0.215498	0.690793	-4.549466	122.511000
0.215379	0.695488	-4.519418	122.611000
0.215142	0.700334	-4.520126	122.712000
0.214954	0.701292	-4.561150	122.811000
0.214776	0.697363	-4.590373	122.912000
0.214833	0.690811	-4.642269	123.011000
0.214536	0.690848	-4.637854	123.112000
0.214589	0.694320	-4.587444	123.211000
0.214322	0.696360	-4.554267	123.311000
0.214079	0.686319	-4.553260	123.411000
0.214057	0.686266	-4.567923	123.511000
0.213876	0.689307	-4.567413	123.611000
0.213567	0.690533	-4.577668	123.711000
0.213450	0.690685	-4.579874	123.811000
0.213350	0.696386	-4.563410	123.912000
0.213401	0.696811	-4.542101	124.011000
0.213258	0.699949	-4.564321	124.111000
0.213154	0.700972	-4.580779	124.211000
0.212898	0.695277	-4.582874	124.311000
0.212935	0.695792	-4.605931	124.411000
0.212744	0.700431	-4.632324	124.511000
0.212776	0.697919	-4.636117	124.612000
0.212590	0.696741	-4.618587	124.711000
0.212496	0.695636	-4.624853	124.811000
0.212358	0.695038	-4.621718	124.911000
0.212298	0.695744	-4.593150	125.011000
0.212219	0.693961	-4.578194	125.111000
0.212185	0.696522	-4.599223	125.211000
0.212072	0.703371	-4.615112	125.311000
0.212064	0.706663	-4.601382	125.411000
0.211838	0.702781	-4.605566	125.511000
0.211752	0.703588	-4.613940	125.611000
0.211890	0.700071	-4.612654	125.711000
0.211841	0.692332	-4.622054	125.811000
0.211776	0.684765	-4.642661	125.911000
0.211618	0.681247	-4.660242	126.011000
0.211613	0.679223	-4.625210	126.111000
0.211602	0.686498	-4.565540	126.211000
0.211528	0.693405	-4.557294	126.311000
0.211332	0.693821	-4.584453	126.411000
0.211478	0.689221	-4.590717	126.511000
0.211291	0.686788	-4.594352	126.611000
0.211241	0.685905	-4.594000	126.711000
0.211352	0.689325	-4.586956	126.811000
0.211110	0.699276	-4.584182	126.912000
0.210971	0.703192	-4.592656	127.011000
0.210951	0.698768	-4.591424	127.112000
0.210782	0.700724	-4.593187	127.211000
0.210886	0.695468	-4.594927	127.312000
0.210757	0.684600	-4.595145	127.411000
0.210846	0.688259	-4.573647	127.511000
0.210751	0.696086	-4.555303	127.611000
0.210699	0.696479	-4.533927	127.711000
0.210744	0.695130	-4.517439	127.811000
0.210432	0.692688	-4.532055	127.911000
0.210068	0.693953	-4.554686	128.012000
0.210050	0.690453	-4.566314	128.111000
0.209882	0.686041	-4.563915	128.211000
0.209788	0.679691	-4.557409	128.311000
0.209743	0.673823	-4.546594	128.411000
0.209754	0.678908	-4.542565	128.511000
0.209614	0.688989	-4.550210	128.611000
0.209625	0.697169	-4.585204	128.711000
0.209468	0.699969	-4.599755	128.811000
0.209503	0.696121	-4.588321	128.912000
0.209406	0.693279	-4.602718	129.011000
0.209377	0.694106	-4.600102	129.111000
0.209376	0.697533	-4.591073	129.211000
0.209322	0.694890	-4.581672	129.311000
0.209473	0.694750	-4.580551	129.411000
0.209371	0.699364	-4.604882	129.511000
0.209208	0.697153	-4.608571	129.611000
0.209477	0.685511	-4.591369	129.711000
0.209161	0.676194	-4.603934	129.811000
0.209340	0.677329	-4.601292	129.912000
0.209184	0.685644	-4.603758	130.011000
0.209199	0.690960	-4.610811	130.111000
0.209150	0.687461	-4.617553	130.211000
0.209100	0.683814	-4.628843	130.312000
0.208925	0.692001	-4.627506	130.411000
0.209148	0.698699	-4.622461	130.511000
0.208886	0.696915	-4.574133	130.611000
0.209136	0.689247	-4.520024	130.711000
0.208944	0.682902	-4.537282	130.811000
0.208814	0.682720	-4.584933	130.911000
0.208843	0.688237	-4.622923	131.011000
0.208943	0.690883	-4.643621	131.111000
0.208808	0.687842	-4.640839	131.211000
0.208900	0.687866	-4.609600	131.312000
0.208803	0.690964	-4.555100	131.412000
0.208936	0.691180	-4.548645	131.511000
0.209032	0.690126	-4.553310	131.611000
0.208726	0.693915	-4.555205	131.711000
0.208899	0.700443	-4.570561	131.811000
0.208721	0.708880	-4.587423	131.911000
0.208733	0.708901	-4.610091	132.011000
0.208858	0.698227	-4.610974	132.111000
0.208848	0.693311	-4.619552	132.211000
0.208751	0.689402	-4.608022	132.311000
0.208620	0.693106	-4.577469	132.411000
0.208625	0.697916	-4.577666	132.511000
0.208612	0.697216	-4.594786	132.611000
0.208555	0.696332	-4.633724	132.711000
0.208697	0.690571	-4.662824	132.811000
0.208463	0.686379	-4.671503	132.911000
0.208432	0.686613	-4.639856	133.011000
0.208597	0.690206	-4.612093	133.112000
0.208491	0.690978	-4.593622	133.211000
0.208399	0.692288	-4.566624	133.311000
0.208497	0.696177	-4.563795	133.411000
0.208455	0.696626	-4.552606	133.511000
0.208428	0.696253	-4.550260	133.611000
0.208336	0.695794	-4.552196	133.711000
0.208363	0.693948	-4.556950	133.811000
0.208452	0.690990	-4.580288	133.911000
0.208268	0.688658	-4.593400	134.011000
0.208402	0.687292	-4.587647	134.112000
0.208405	0.685461	-4.603355	134.211000
0.208491	0.681355	-4.620860	134.311000
0.208863	0.687490	-4.599169	134.411000
0.208762	0.689587	-4.580210	134.511000
0.208725	0.691757	-4.569714	134.611000
0.208802	0.687645	-4.581110	134.711000
0.208916	0.685335	-4.596972	134.811000
0.208751	0.688400	-4.580125	134.911000
0.208698	0.693517	-4.577257	135.011000
0.208759	0.698775	-4.575007	135.111000
0.208551	0.690837	-4.592379	135.211000
0.208663	0.682282	-4.578055	135.311000
0.208557	0.687775	-4.560016	135.411000
0.208619	0.695836	-4.587989	135.511000
0.208590	0.691982	-4.611470	135.611000
0.208575	0.688413	-4.605810	135.711000
0.208594	0.684824	-4.620559	135.812000
0.208519	0.684883	-4.654691	135.911000
0.208472	0.683060	-4.650483	136.012000
0.208494	0.687744	-4.638962	136.111000
0.208426	0.693069	-4.630679	136.211000
0.208454	0.690856	-4.608834	136.311000
0.208442	0.684676	-4.595125	136.411000
0.208421	0.689473	-4.575780	136.512000
0.208555	0.696468	-4.566889	136.611000
0.208396	0.693063	-4.572252	136.711000
0.208425	0.681297	-4.569944	136.811000
0.208614	0.686788	-4.576314	136.911000
0.208426	0.695235	-4.592828	137.011000
0.208429	0.696722	-4.585293	137.111000
0.208514	0.695380	-4.573109	137.211000
0.208271	0.694110	-4.564035	137.312000
0.208320	0.694407	-4.556718	137.411000
0.208452	0.695111	-4.558089	137.511000
0.208412	0.700170	-4.553999	137.611000
0.208322	0.699449	-4.583352	137.711000
0.208219	0.698154	-4.618132	137.811000
0.208415	0.694426	-4.646589	137.911000
0.208309	0.690552	-4.625573	138.011000
0.208318	0.687342	-4.602825	138.111000
0.208493	0.686848	-4.597016	138.211000
0.208427	0.691568	-4.603958	138.311000
0.208491	0.693372	-4.622140	138.411000
0.208405	0.696332	-4.623638	138.511000
0.208493	0.692731	-4.622789	138.611000
0.208379	0.689714	-4.631256	138.711000
0.208359	0.686589	-4.626406	138.811000
0.208396	0.693095	-4.618917	138.911000
0.208410	0.696802	-4.620441	139.011000
0.208431	0.696077	-4.628802	139.111000
0.208420	0.695624	-4.611267	139.211000
0.208162	0.688792	-4.561773	139.311000
0.208282	0.684005	-4.537985	139.411000
0.208355	0.691300	-4.544786	139.511000
0.208309	0.696726	-4.567576	139.611000
0.208192	0.691892	-4.591174	139.711000
0.208146	0.687502	-4.583039	139.811000
0.208184	0.684546	-4.579928	139.911000
0.208041	0.690676	-4.561110	140.011000
0.208162	0.694404	-4.566548	140.112000
0.208194	0.697062	-4.579011	140.212000
0.208152	0.693720	-4.558751	140.311000
0.208114	0.691687	-4.561782	140.411000
0.208225	0.691288	-4.581403	140.511000
0.208267	0.687543	-4.614571	140.611000
0.208289	0.686869	-4.632571	140.711000
0.208241	0.688866	-4.639203	140.811000
0.208240	0.689736	-4.615538	140.911000
0.208166	0.694897	-4.602702	141.012000
0.208168	0.698895	-4.622805	141.111000
0.208158	0.698434	-4.625903	141.211000
0.208053	0.697716	-4.597498	141.312000
0.208163	0.701757	-4.587832	141.411000
0.207885	0.702127	-4.587289	141.511000
0.207877	0.701584	-4.591393	141.611000
0.207889	0.702163	-4.591380	141.712000
0.207947	0.696199	-4.593826	141.812000
0.208021	0.698543	-4.586216	141.912000
0.207822	0.699006	-4.558844	142.011000
0.207993	0.694667	-4.560748	142.111000
0.207875	0.687205	-4.586303	142.211000
0.207977	0.686364	-4.574231	142.311000
0.207922	0.687683	-4.584188	142.411000
0.207912	0.688437	-4.610987	142.511000
0.208002	0.686236	-4.622939	142.611000
0.208030	0.685401	-4.622143	142.711000
0.207869	0.684565	-4.603282	142.811000
0.207937	0.686624	-4.574943	142.911000
0.207843	0.681320	-4.555237	143.011000
0.207960	0.682730	-4.553570	143.111000
0.207839	0.690236	-4.551951	143.211000
0.207831	0.692165	-4.561367	143.311000
0.208012	0.695219	-4.578268	143.412000
0.207934	0.701690	-4.590965	143.511000
0.207839	0.701528	-4.617319	143.611000
0.207932	0.698762	-4.623692	143.711000
0.207868	0.690777	-4.654738	143.811000
0.208105	0.690054	-4.666450	143.912000
0.207873	0.695631	-4.640015	144.011000
0.207945	0.695881	-4.630808	144.111000
0.207825	0.689424	-4.629679	144.211000
0.207899	0.684112	-4.616171	144.311000
0.207866	0.686333	-4.604284	144.411000
0.207796	0.691962	-4.577824	144.511000
0.207810	0.696009	-4.590655	144.611000
0.207873	0.696181	-4.615984	144.711000
0.207925	0.695959	-4.617864	144.811000
0.207853	0.698509	-4.615496	144.911000
0.207913	0.697485	-4.621714	145.011000
0.207901	0.697188	-4.656259	145.112000
0.207884	0.694469	-4.668486	145.211000
0.207980	0.686984	-4.627920	145.311000
0.207792	0.685010	-4.610196	145.411000
0.207927	0.689800	-4.598809	145.511000
0.207950	0.688944	-4.613057	145.611000
0.207828	0.691079	-4.593658	145.711000
0.207759	0.696815	-4.586619	145.811000
0.207668	0.696735	-4.577114	145.911000
0.207752	0.697346	-4.582322	146.011000
0.207664	0.696741	-4.565722	146.111000
0.207458	0.691641	-4.574357	146.211000
0.207309	0.689589	-4.589332	146.311000
0.207397	0.688503	-4.592840	146.411000
0.207350	0.684903	-4.598024	146.511000
0.207296	0.686962	-4.614886	146.611000
0.207539	0.687253	-4.617730	146.711000
0.207467	0.691081	-4.614875	146.811000
0.207499	0.696615	-4.578201	146.911000
0.207622	0.698807	-4.558003	147.011000
0.207394	0.698752	-4.547744	147.112000
0.207368	0.701611	-4.552679	147.212000
0.207449	0.697141	-4.574249	147.311000
0.207323	0.689068	-4.612121	147.411000
0.207488	0.686633	-4.650220	147.511000
0.207415	0.684629	-4.616698	147.611000
0.207404	0.688712	-4.602110	147.711000
0.207308	0.694450	-4.617839	147.811000
0.207406	0.689416	-4.648904	147.911000
0.207317	0.685105	-4.649979	148.011000
0.207343	0.686484	-4.638750	148.111000
0.207335	0.687471	-4.645451	148.211000
0.207119	0.683874	-4.637957	148.312000
0.207338	0.688072	-4.596935	148.411000
0.207275	0.694232	-4.577590	148.512000
0.207414	0.695328	-4.580086	148.611000
0.207264	0.695132	-4.578657	148.711000
0.207508	0.696222	-4.594555	148.811000
0.207471	0.695188	-4.592310	148.911000
0.207425	0.691222	-4.587388	149.011000
0.207441	0.693437	-4.600695	149.112000
0.207410	0.694240	-4.619649	149.211000
0.207464	0.691682	-4.613608	149.312000
0.207475	0.694314	-4.608685	149.411000
0.207636	0.696309	-4.601374	149.511000
0.207417	0.693774	-4.604237	149.611000
0.207425	0.692855	-4.610901	149.712000
0.207488	0.687037	-4.590789	149.811000
0.207426	0.679710	-4.589795	149.911000
0.207623	0.678955	-4.603920	150.011000
0.207598	0.683495	-4.612936	150.111000
0.207563	0.695590	-4.608765	150.211000
0.207474	0.699906	-4.582426	150.312000
0.207433	0.696464	-4.560083	150.411000
0.207683	0.693831	-4.560774	150.511000
0.207515	0.689489	-4.566912	150.611000
0.207550	0.685751	-4.579196	150.711000
0.207748	0.685557	-4.613020	150.811000
0.207398	0.685661	-4.633641	150.911000
0.207639	0.687716	-4.619184	151.011000
0.207549	0.684438	-4.603137	151.112000
0.207589	0.681457	-4.615135	151.211000
0.207569	0.681155	-4.639155	151.311000
0.207733	0.683656	-4.627546	151.411000
0.207553	0.685126	-4.620378	151.511000
0.207558	0.686809	-4.588762	151.611000
0.207545	0.688804	-4.577068	151.711000
0.207550	0.689372	-4.604552	151.811000
0.207700	0.685682	-4.634167	151.911000
0.207653	0.679627	-4.658591	152.011000
0.207596	0.682224	-4.638263	152.111000
0.207539	0.688999	-4.650244	152.211000
0.207677	0.691603	-4.659579	152.311000
0.207388	0.691748	-4.658807	152.411000
0.207620	0.691009	-4.651714	152.511000
0.207377	0.687980	-4.638716	152.611000
0.207553	0.688054	-4.628671	152.712000
0.207408	0.685512	-4.601004	152.811000
0.207437	0.680907	-4.579073	152.911000
0.207589	0.680992	-4.586599	153.011000
0.207605	0.681068	-4.629302	153.111000
0.207711	0.681148	-4.640715	153.211000
0.207498	0.685831	-4.608917	153.311000
0.207557	0.686931	-4.596985	153.411000
0.207603	0.683974	-4.617909	153.511000
0.207488	0.688616	-4.647374	153.611000
0.207500	0.691528	-4.644249	153.711000
0.207528	0.691852	-4.622470	153.811000
0.207380	0.691683	-4.596206	153.911000
0.207422	0.693007	-4.596033	154.011000
0.207426	0.692312	-4.633588	154.111000
0.207519	0.687686	-4.649616	154.211000
0.207383	0.686418	-4.638485	154.311000
0.207525	0.686664	-4.614402	154.411000
0.207543	0.685162	-4.597635	154.511000
0.207375	0.682546	-4.602519	154.611000
0.207485	0.685109	-4.634883	154.711000
0.207536	0.689013	-4.658687	154.812000
0.207538	0.691515	-4.643458	154.911000
0.207590	0.689529	-4.602870	155.011000
0.207589	0.693197	-4.600100	155.111000
0.207468	0.698081	-4.620405	155.211000
0.207467	0.698946	-4.618285	155.311000
0.207387	0.701250	-4.608918	155.411000
0.207694	0.700551	-4.597195	155.511000
0.207680	0.698802	-4.597195	155.612000
0.207606	0.693953	-4.619148	155.711000
0.207667	0.692820	-4.633483	155.811000
0.207444	0.697713	-4.636909	155.912000
0.207483	0.702506	-4.629685	156.011000
0.207900	0.702467	-4.604193	156.111000
0.207761	0.701318	-4.580117	156.211000
0.207726	0.699921	-4.592859	156.311000
0.207729	0.700605	-4.595703	156.411000
0.207640	0.701626	-4.592839	156.511000
0.207839	0.699135	-4.585506	156.611000
0.207963	0.692191	-4.575020	156.711000
0.207943	0.688842	-4.589316	156.811000
0.207761	0.687739	-4.621612	156.912000
0.207741	0.686316	-4.649724	157.011000
0.207817	0.688288	-4.652148	157.111000
0.207883	0.682306	-4.638486	157.212000
0.207877	0.681214	-4.628206	157.311000
0.208014	0.691475	-4.599104	157.412000
0.207898	0.695080	-4.607228	157.511000
0.207704	0.696376	-4.624110	157.611000
0.207492	0.691134	-4.632708	157.712000
0.207496	0.686006	-4.619165	157.811000
0.207687	0.683622	-4.613495	157.912000
0.207710	0.686601	-4.631146	158.011000
0.207621	0.686257	-4.630304	158.111000
0.207666	0.691479	-4.609367	158.211000
0.207474	0.696454	-4.584695	158.311000
0.207343	0.693410	-4.604189	158.411000
0.207278	0.688447	-4.631951	158.511000
0.207402	0.681748	-4.620186	158.611000
0.207379	0.683560	-4.591988	158.712000
0.207309	0.682380	-4.577108	158.811000
0.207140	0.684603	-4.602104	158.911000
0.207391	0.683183	-4.638903	159.011000
0.207606	0.677172	-4.635946	159.111000
0.207413	0.677923	-4.614083	159.211000
0.207607	0.685624	-4.607207	159.311000
0.207428	0.688040	-4.598609	159.411000
0.207529	0.685305	-4.585948	159.511000
0.207445	0.688749	-4.585554	159.611000
0.207399	0.691709	-4.559526	159.711000
0.207573	0.693470	-4.542839	159.811000
0.207909	0.693194	-4.562977	159.911000
0.208145	0.691699	-4.588838	160.011000
0.208088	0.687590	-4.613267	160.112000
0.208166	0.687812	-4.632521	160.211000
0.208016	0.693241	-4.646587	160.311000
0.208152	0.695848	-4.639502	160.411000
0.208054	0.700126	-4.640767	160.511000
0.208256	0.697378	-4.630815	160.616000
0.208361	0.687309	-4.620478	160.711000
0.208188	0.685271	-4.564606	160.811000
0.208229	0.690347	-4.539101	160.911000
0.208178	0.685994	-4.564233	161.011000
0.208253	0.688828	-4.569998	161.111000
0.207923	0.700988	-4.594270	161.211000
0.207664	0.706346	-4.614941	161.312000
0.208012	0.700171	-4.617372	161.412000
0.207980	0.693360	-4.619497	161.511000
0.208088	0.688856	-4.626867	161.611000
0.207916	0.682695	-4.629658	161.711000
0.208017	0.682020	-4.628492	161.812000
0.208011	0.686066	-4.607454	161.911000
0.208341	0.683409	-4.571843	162.011000
0.208600	0.683893	-4.581523	162.111000
0.208205	0.689310	-4.628904	162.211000
0.208506	0.697668	-4.643804	162.311000
0.208469	0.700818	-4.624951	162.411000
0.208438	0.702488	-4.629579	162.511000
0.208330	0.707954	-4.631762	162.611000
0.208247	0.711600	-4.605155	162.711000
0.208215	0.713020	-4.594725	162.811000
0.208281	0.706455	-4.617710	162.912000
0.208238	0.703033	-4.617632	163.012000
0.208358	0.694534	-4.618079	163.111000
0.208175	0.687684	-4.621760	163.211000
0.208175	0.687538	-4.606434	163.311000
0.208282	0.696022	-4.613071	163.411000
0.208123	0.701206	-4.643845	163.512000
0.208353	0.698656	-4.634623	163.611000
0.208059	0.694005	-4.640540	163.712000
0.208155	0.689518	-4.628238	163.811000
0.208059	0.692601	-4.624717	163.911000
0.207996	0.694751	-4.633351	164.011000
0.208135	0.689063	-4.601544	164.112000
0.208060	0.690739	-4.569947	164.211000
0.208139	0.693613	-4.559439	164.311000
0.208255	0.694184	-4.550377	164.411000
0.208251	0.692718	-4.573876	164.511000
0.208270	0.692875	-4.611062	164.612000
0.208246	0.697343	-4.603672	164.711000
0.208411	0.696660	-4.610351	164.811000
0.208100	0.698949	-4.586344	164.911000
0.208116	0.702793	-4.583602	165.011000
0.208172	0.706829	-4.586898	165.111000
0.208242	0.702607	-4.572903	165.211000
0.208109	0.693306	-4.548413	165.311000
0.208391	0.688715	-4.560321	165.411000
0.208254	0.687021	-4.589455	165.511000
0.208405	0.690706	-4.617267	165.611000
0.208268	0.694572	-4.615448	165.711000
0.208417	0.698740	-4.592016	165.811000
0.208203	0.701727	-4.574140	165.911000
0.208204	0.708994	-4.570043	166.011000
0.208335	0.711690	-4.579704	166.111000
0.208399	0.710485	-4.587867	166.211000
0.208260	0.707061	-4.594064	166.311000
0.208449	0.703486	-4.610427	166.411000
0.208218	0.693487	-4.623241	166.511000
0.208181	0.689434	-4.621526	166.611000
0.208238	0.689877	-4.637952	166.711000
0.207957	0.692898	-4.640607	166.811000
0.208372	0.696812	-4.618940	166.911000
0.208231	0.695680	-4.602234	167.011000
0.208383	0.686796	-4.579494	167.111000
0.208239	0.678681	-4.584332	167.211000
0.208217	0.680064	-4.588239	167.311000
0.208434	0.686075	-4.594063	167.411000
0.208362	0.686714	-4.604116	167.511000
0.208221	0.689274	-4.617429	167.611000
0.208336	0.689327	-4.630578	167.711000
0.208334	0.688341	-4.647633	167.811000
0.208224	0.687151	-4.637688	167.911000
0.208253	0.689855	-4.620580	168.011000
0.208138	0.694569	-4.618709	168.111000
0.208260	0.695274	-4.621483	168.211000
0.208097	0.697742	-4.632099	168.311000
0.208206	0.696069	-4.625796	168.411000
0.208029	0.692362	-4.627990	168.511000
0.208211	0.687695	-4.602400	168.611000
0.208241	0.682032	-4.630835	168.711000
0.208181	0.683955	-4.658713	168.811000
0.208260	0.691747	-4.619225	168.911000
0.208285	0.693160	-4.573398	169.011000
0.208492	0.695825	-4.565822	169.111000
0.208279	0.696600	-4.579145	169.211000
0.208285	0.696845	-4.617590	169.311000
0.208215	0.696732	-4.612861	169.411000
0.208295	0.693476	-4.581261	169.511000
0.208159	0.698045	-4.567163	169.611000
0.208278	0.705230	-4.580411	169.711000
0.208224	0.700787	-4.594010	169.811000
0.208190	0.697912	-4.593441	169.911000
0.208127	0.697723	-4.621300	170.011000
0.208020	0.696025	-4.630681	170.111000
0.207940	0.692505	-4.610622	170.211000
0.207987	0.691622	-4.579780	170.311000
0.208029	0.694231	-4.604973	170.411000
0.208308	0.695953	-4.629477	170.511000
0.208300	0.697893	-4.629902	170.611000
0.208410	0.696995	-4.629568	170.711000
0.208275	0.693456	-4.627534	170.811000
0.208438	0.685336	-4.614423	170.911000
0.208370	0.685843	-4.603778	171.011000
0.208387	0.690638	-4.607869	171.111000
0.208258	0.692185	-4.609884	171.211000
0.208359	0.693468	-4.586065	171.311000
0.208343	0.690986	-4.592660	171.411000
0.208339	0.692233	-4.610949	171.511000
0.208154	0.695700	-4.637395	171.611000
0.208312	0.694556	-4.637254	171.711000
0.208184	0.689924	-4.620128	171.811000
0.208365	0.686142	-4.635573	171.911000
0.208302	0.682834	-4.632172	172.011000
0.208361	0.675143	-4.615124	172.111000
0.208343	0.676949	-4.597426	172.212000
0.208165	0.680084	-4.592363	172.311000
0.208240	0.680912	-4.587059	172.411000
0.208337	0.683930	-4.577484	172.511000
0.208310	0.686282	-4.578147	172.611000
0.208325	0.685750	-4.613514	172.711000
0.208065	0.681140	-4.638629	172.811000
0.208235	0.679731	-4.630000	172.911000
0.208143	0.680817	-4.600717	173.011000
0.208379	0.681860	-4.590077	173.111000
0.208400	0.686916	-4.582199	173.211000
0.208263	0.687240	-4.579296	173.311000
0.208391	0.695278	-4.562814	173.411000
0.208249	0.699077	-4.567732	173.511000
0.208337	0.690887	-4.592570	173.611000
0.208356	0.686421	-4.619215	173.711000
0.208461	0.682592	-4.638282	173.811000
0.208432	0.682479	-4.610444	173.911000
0.208511	0.686144	-4.611758	174.011000
0.208010	0.680402	-4.659818	174.111000
0.208305	0.671683	-4.649901	174.211000
0.208393	0.678588	-4.625715	174.311000
0.208191	0.685743	-4.595010	174.411000
0.208275	0.685549	-4.591150	174.511000
0.208408	0.684852	-4.597572	174.611000
0.208518	0.686661	-4.587948	174.711000
0.208577	0.686706	-4.591380	174.811000
0.208411	0.677051	-4.593471	174.911000
0.208284	0.667078	-4.568259	175.011000
0.208526	0.668151	-4.572513	175.111000
0.208519	0.669467	-4.600202	175.211000
0.208430	0.672403	-4.616019	175.311000
0.208561	0.680051	-4.591618	175.411000
0.208468	0.681981	-4.584233	175.511000
0.208219	0.681120	-4.591328	175.611000
0.208495	0.689606	-4.622648	175.711000
0.208479	0.694682	-4.637889	175.811000
0.208485	0.691132	-4.637616	175.911000
0.208498	0.687979	-4.647894	176.011000
0.208232	0.686570	-4.636137	176.111000
0.208251	0.688734	-4.583822	176.211000
0.208178	0.690744	-4.555757	176.311000
0.208068	0.694938	-4.572244	176.411000
0.208223	0.695548	-4.602320	176.511000
0.208069	0.696061	-4.610604	176.611000
0.208205	0.704402	-4.594903	176.711000
0.208353	0.703161	-4.583520	176.811000
0.208286	0.696452	-4.576353	176.911000
0.208470	0.687101	-4.572483	177.011000
0.208317	0.687375	-4.598847	177.111000
0.208383	0.687254	-4.634920	177.211000
0.208337	0.689116	-4.640180	177.311000
0.208168	0.695816	-4.639692	177.411000
0.208271	0.690627	-4.631189	177.511000
0.208125	0.689834	-4.611611	177.611000
0.208086	0.691701	-4.585702	177.711000
0.208073	0.694190	-4.581621	177.811000
0.208115	0.694973	-4.567113	177.911000
0.208194	0.693477	-4.551847	178.011000
0.208194	0.686748	-4.538132	178.111000
