0.052225	0.807351	-4.310964	12.138000
0.053373	0.809813	-4.277488	12.238000
0.053445	0.814599	-4.320799	12.338000
0.053252	0.816984	-4.493154	12.438000
0.053395	0.832154	-4.484851	12.540000
0.053326	0.864556	-4.360187	12.639000
0.053446	0.884319	-4.325707	12.738000
0.053455	0.868238	-4.345259	12.838000
0.053255	0.829610	-4.299834	12.938000
0.053315	0.827788	-4.202069	13.038000
0.053425	0.824626	-4.216253	13.138000
0.053249	0.826154	-4.211726	13.238000
0.053291	0.844411	-4.345473	13.338000
0.053065	0.846745	-4.388249	13.438000
0.053160	0.809335	-4.334474	13.538000
0.053065	0.817725	-4.244031	13.638000
0.053184	0.849789	-4.217831	13.738000
0.053332	0.836176	-4.252111	13.839000
0.056567	0.818782	-4.245078	13.938000
0.062585	0.854375	-4.273772	14.039000
0.069542	1.053307	-4.683971	14.138000
0.076621	1.652581	-5.292597	14.238000
0.084267	2.172612	-5.140939	14.338000
0.092652	2.533950	-4.785771	14.438000
0.100435	2.794413	-4.564665	14.538000
0.108925	2.984800	-4.454547	14.638000
0.117077	3.103079	-4.349697	14.738000
0.125931	3.189203	-4.306177	14.838000
0.134980	3.236919	-4.332550	14.938000
0.143702	3.247516	-4.374554	15.038000
0.152555	3.222887	-4.374408	15.138000
0.161580	3.220449	-4.345257	15.238000
0.170487	3.198950	-4.317961	15.338000
0.179854	3.197589	-4.302403	15.438000
0.189086	3.233997	-4.322198	15.539000
0.198337	3.255282	-4.364796	15.638000
0.207590	3.260986	-4.405986	15.739000
0.216818	3.244303	-4.412980	15.838000
0.226274	3.200579	-4.397611	15.938000
0.236141	3.141343	-4.367375	16.038000
0.245763	3.093798	-4.340233	16.138000
0.254839	3.089463	-4.345518	16.238000
0.264500	3.108914	-4.368371	16.338000
0.273978	3.141277	-4.373943	16.438000
0.283889	3.172060	-4.347848	16.538000
0.293717	3.195745	-4.351695	16.638000
0.303206	3.182155	-4.329975	16.738000
0.313080	3.154972	-4.302387	16.838000
0.322841	3.151270	-4.336194	16.938000
0.332448	3.144288	-4.362706	17.038000
0.342407	3.142668	-4.380098	17.139000
0.352230	3.155349	-4.380658	17.238000
0.361917	3.188979	-4.379427	17.338000
0.371752	3.229785	-4.379454	17.438000
0.381560	3.200231	-4.345439	17.538000
0.391410	3.174208	-4.324314	17.638000
0.401702	3.174377	-4.341163	17.738000
0.411737	3.196350	-4.336711	17.838000
0.421535	3.184690	-4.341533	17.938000
0.431596	3.171058	-4.328491	18.038000
0.441794	3.184527	-4.318316	18.138000
0.451405	3.224166	-4.289957	18.238000
0.461361	3.253307	-4.275866	18.338000
0.471620	3.261897	-4.296890	18.439000
0.481636	3.230992	-4.322414	18.538000
0.491336	3.177756	-4.336130	18.638000
0.501159	3.169750	-4.347878	18.738000
0.511268	3.166147	-4.344367	18.838000
0.521707	3.199408	-4.332998	18.938000
0.531503	3.184417	-4.353561	19.039000
0.541805	3.163293	-4.367595	19.138000
0.551770	3.175138	-4.361375	19.238000
0.561745	3.163107	-4.340962	19.339000
0.572322	3.153022	-4.333528	19.438000
0.582958	3.112849	-4.352871	19.539000
0.593278	3.103031	-4.375480	19.638000
0.603435	3.129117	-4.393411	19.739000
0.613613	3.179164	-4.394624	19.838000
0.623910	3.209227	-4.427056	19.939000
0.634106	3.153013	-4.453512	20.039000
0.644670	3.126693	-4.435639	20.138000
0.654735	3.146066	-4.421924	20.238000
0.665128	3.161247	-4.402541	20.338000
0.675299	3.170480	-4.371714	20.438000
0.685918	3.203846	-4.380359	20.539000
0.696752	3.195568	-4.419750	20.638000
0.706877	3.184435	-4.435172	20.738000
0.717086	3.180641	-4.408268	20.838000
0.727602	3.185114	-4.382704	20.938000
0.738064	3.134028	-4.351409	21.038000
0.748828	3.110589	-4.318477	21.138000
0.759615	3.103164	-4.316161	21.239000
0.769697	3.115871	-4.345621	21.339000
0.779912	3.116402	-4.367684	21.438000
0.790633	3.146900	-4.340775	21.538000
0.801084	3.164547	-4.337301	21.638000
0.811547	3.159713	-4.376676	21.738000
0.822218	3.170889	-4.435491	21.838000
0.832858	3.196884	-4.446995	21.938000
0.843463	3.226570	-4.415129	22.038000
0.853730	3.222836	-4.431254	22.139000
0.864391	3.207045	-4.438321	22.238000
0.875462	3.189542	-4.415482	22.338000
0.886169	3.151846	-4.359417	22.439000
0.896576	3.135779	-4.355444	22.538000
0.907140	3.115990	-4.388522	22.638000
0.917949	3.099791	-4.402241	22.739000
0.928220	3.092240	-4.382048	22.838000
0.938630	3.116616	-4.384559	22.938000
0.949090	3.140781	-4.406082	23.038000
0.959979	3.148003	-4.370505	23.138000
0.970348	3.148461	-4.329302	23.238000
0.981022	3.138658	-4.373929	23.338000
0.991609	3.108640	-4.420394	23.438000
1.002184	3.101095	-4.441440	23.539000
1.012843	3.074122	-4.453511	23.638000
1.023802	3.081664	-4.413022	23.738000
1.034101	3.100046	-4.390674	23.838000
1.045111	3.073379	-4.381513	23.938000
1.056096	3.076854	-4.370985	24.038000
1.067365	3.088988	-4.376905	24.138000
1.077580	3.085126	-4.349965	24.238000
1.088137	3.091376	-4.333384	24.338000
1.098920	3.118823	-4.334038	24.438000
1.109717	3.118010	-4.365714	24.538000
1.120993	3.106943	-4.368048	24.639000
1.131830	3.136743	-4.380133	24.739000
1.142239	3.201467	-4.387340	24.839000
1.153327	3.222450	-4.359122	24.938000
1.163917	3.196435	-4.324598	25.038000
1.175285	3.187832	-4.286155	25.138000
1.186055	3.203810	-4.317455	25.238000
1.196966	3.177977	-4.397313	25.338000
1.207818	3.156148	-4.401605	25.438000
1.218517	3.148435	-4.348975	25.538000
1.229691	3.153166	-4.324568	25.638000
1.241044	3.162437	-4.346751	25.738000
1.251694	3.169306	-4.377942	25.839000
1.262404	3.161357	-4.411342	25.938000
1.272573	3.181829	-4.408632	26.038000
1.284406	3.241795	-4.403905	26.138000
1.295050	3.265853	-4.414516	26.239000
1.306351	3.257046	-4.413672	26.338000
1.316922	3.267136	-4.403488	26.438000
1.327970	3.236755	-4.414083	26.539000
1.338572	3.156720	-4.403809	26.638000
1.349639	3.118657	-4.388065	26.738000
1.360726	3.118129	-4.359798	26.838000
1.372087	3.140323	-4.350807	26.938000
1.382710	3.173018	-4.321499	27.038000
1.393875	3.211627	-4.315718	27.138000
1.404284	3.211320	-4.325077	27.238000
1.415407	3.197306	-4.335321	27.338000
1.426616	3.180903	-4.324368	27.438000
1.437860	3.180172	-4.323390	27.538000
1.448582	3.179865	-4.352620	27.639000
1.459129	3.179230	-4.372004	27.738000
1.468984	3.167496	-4.362578	27.838000
1.481262	3.148374	-4.343144	27.938000
1.492143	3.119294	-4.330500	28.038000
1.503068	3.116887	-4.331646	28.138000
1.513552	3.151745	-4.365275	28.238000
1.524693	3.177373	-4.412141	28.339000
1.536094	3.204250	-4.407521	28.438000
1.546876	3.188396	-4.396676	28.538000
1.558600	3.150095	-4.398104	28.639000
1.569551	3.122606	-4.400113	28.738000
1.580162	3.122194	-4.380380	28.838000
1.591445	3.123469	-4.363506	28.938000
1.602259	3.144241	-4.352127	29.039000
1.613259	3.150466	-4.365992	29.138000
1.624958	3.134409	-4.373915	29.238000
1.636181	3.153749	-4.400567	29.338000
1.647232	3.169301	-4.419796	29.439000
1.657807	3.199340	-4.408065	29.538000
1.669042	3.232616	-4.443607	29.638000
1.680484	3.268834	-4.445285	29.738000
1.692025	3.252702	-4.405378	29.838000
1.702671	3.215806	-4.378080	29.938000
1.714009	3.162438	-4.416974	30.038000
1.724494	3.137488	-4.468056	30.138000
1.735805	3.158205	-4.446249	30.238000
1.746895	3.196818	-4.405164	30.339000
1.757888	3.198182	-4.353533	30.438000
1.768849	3.182164	-4.329509	30.538000
1.780963	3.187754	-4.338914	30.638000
1.791744	3.165996	-4.335730	30.738000
1.803743	3.176521	-4.331130	30.839000
1.814106	3.181984	-4.372522	30.938000
1.824750	3.192066	-4.399393	31.038000
1.835805	3.188267	-4.400347	31.138000
1.847105	3.189838	-4.413322	31.238000
1.858088	3.173122	-4.379109	31.338000
1.871288	3.168204	-4.365031	31.438000
1.880306	3.172366	-4.356114	31.538000
1.892760	3.169079	-4.343852	31.638000
1.903903	3.157595	-4.321233	31.738000
1.915081	3.147039	-4.314106	31.838000
1.925513	3.158364	-4.340209	31.939000
1.937562	3.141233	-4.322803	32.038000
1.948254	3.138790	-4.277507	32.138000
1.959528	3.167309	-4.295460	32.238000
1.970755	3.170152	-4.370917	32.338000
1.981725	3.154098	-4.407512	32.438000
1.992963	3.141962	-4.386505	32.538000
2.004141	3.142720	-4.381212	32.638000
2.015295	3.130501	-4.402505	32.738000
2.026570	3.138415	-4.379880	32.838000
2.037399	3.161496	-4.348343	32.938000
2.049017	3.150670	-4.334116	33.038000
2.060916	3.145480	-4.367576	33.138000
2.071437	3.118868	-4.412686	33.239000
2.083552	3.100097	-4.415278	33.338000
2.093993	3.145807	-4.414961	33.439000
2.104145	3.139568	-4.427266	33.538000
2.116251	3.083452	-4.407818	33.638000
2.129829	3.068234	-4.386322	33.739000
2.141093	3.047750	-4.400115	33.839000
2.151583	3.000813	-4.415390	33.938000
2.159826	3.004577	-4.437123	34.038000
2.174396	3.078303	-4.390659	34.138000
2.183276	3.159107	-4.349905	34.238000
2.196515	3.155531	-4.363753	34.338000
2.206608	3.112890	-4.382809	34.438000
2.217926	3.100500	-4.396604	34.538000
2.229818	3.120604	-4.381717	34.639000
2.241243	3.122243	-4.384817	34.738000
2.252531	3.118122	-4.362852	34.838000
2.264118	3.111500	-4.341057	34.938000
2.274990	3.133617	-4.370382	35.038000
2.286434	3.136314	-4.408293	35.138000
2.297931	3.125365	-4.396340	35.239000
2.308872	3.146375	-4.382897	35.339000
2.320439	3.176225	-4.363146	35.438000
2.332527	3.185845	-4.322638	35.538000
2.343347	3.178298	-4.319870	35.638000
2.354388	3.182414	-4.331653	35.739000
2.366071	3.169154	-4.367516	35.839000
2.377474	3.120029	-4.348259	35.938000
2.388500	3.052903	-4.319292	36.038000
2.400229	3.052960	-4.322259	36.138000
2.411623	3.093441	-4.321355	36.238000
2.422776	3.108943	-4.312040	36.338000
2.434232	3.119213	-4.321510	36.438000
2.444019	3.132880	-4.303356	36.538000
2.455853	3.141489	-4.324766	36.638000
2.471131	3.128110	-4.372779	36.738000
2.476844	3.117712	-4.366918	36.838000
2.493272	3.124373	-4.372436	36.938000
2.498374	3.132512	-4.387687	37.038000
2.515458	3.132483	-4.384577	37.138000
2.522260	3.139208	-4.392165	37.238000
2.538585	3.154474	-4.401018	37.338000
2.545544	3.144781	-4.397092	37.438000
2.561130	3.132685	-4.404055	37.538000
2.566847	3.139306	-4.397942	37.638000
2.584330	3.175593	-4.375593	37.738000
2.594103	3.210055	-4.358042	37.838000
2.601294	3.227108	-4.334189	37.938000
2.615687	3.157312	-4.343546	38.038000
2.630282	3.105431	-4.367322	38.139000
2.641916	3.086177	-4.408161	38.238000
2.653767	3.101647	-4.444476	38.338000
2.664948	3.097463	-4.450992	38.438000
2.675974	3.101518	-4.427071	38.538000
2.687011	3.116388	-4.403982	38.639000
2.698089	3.117545	-4.398036	38.738000
2.707382	3.122524	-4.369469	38.838000
2.717096	3.161418	-4.373166	38.939000
2.726754	3.139517	-4.376215	39.038000
2.741013	3.136811	-4.356565	39.139000
2.754302	3.133773	-4.347714	39.238000
2.761573	3.135662	-4.322223	39.338000
2.773316	3.166199	-4.310985	39.439000
2.787797	3.166523	-4.339727	39.539000
2.800469	3.134597	-4.388913	39.638000
2.809310	3.125718	-4.412238	39.738000
2.817789	3.106676	-4.399037	39.838000
2.833247	3.079768	-4.384872	39.938000
2.844181	3.030570	-4.372947	40.038000
2.853458	3.022409	-4.384211	40.138000
2.867802	3.055435	-4.377663	40.238000
2.875783	3.094610	-4.355288	40.338000
2.890123	3.131248	-4.351472	40.438000
2.898803	3.150262	-4.368701	40.538000
2.912774	3.132900	-4.372570	40.638000
2.920988	3.153764	-4.374680	40.739000
2.935730	3.164354	-4.380838	40.838000
2.945372	3.182946	-4.396183	40.939000
2.955077	3.205544	-4.394633	41.038000
2.970011	3.220626	-4.396547	41.138000
2.978209	3.191915	-4.398149	41.238000
2.988983	3.135082	-4.395919	41.338000
3.003782	3.123036	-4.392906	41.439000
3.015002	3.121267	-4.388258	41.538000
3.024307	3.120951	-4.390764	41.638000
3.034174	3.117942	-4.372090	41.738000
3.045727	3.118995	-4.336571	41.838000
3.058626	3.093488	-4.381078	41.938000
3.071079	3.071099	-4.377431	42.038000
3.082411	3.096533	-4.353340	42.138000
3.092630	3.129852	-4.346803	42.239000
3.102921	3.143907	-4.346350	42.338000
3.113558	3.159735	-4.352208	42.438000
3.127158	3.141824	-4.346244	42.538000
3.139978	3.146659	-4.345022	42.638000
3.150069	3.162030	-4.372081	42.738000
3.159556	3.148706	-4.388083	42.839000
3.173713	3.129286	-4.377760	42.938000
3.182838	3.128648	-4.356707	43.038000
3.195789	3.123036	-4.344036	43.138000
3.206996	3.143503	-4.328061	43.238000
3.217631	3.167240	-4.327464	43.339000
3.229757	3.147209	-4.361906	43.438000
3.241115	3.138725	-4.419023	43.538000
3.252437	3.161101	-4.412677	43.638000
3.263916	3.179580	-4.396390	43.738000
3.274977	3.167679	-4.380165	43.838000
3.286525	3.178593	-4.386363	43.938000
3.298211	3.197070	-4.408240	44.038000
3.309615	3.188864	-4.427523	44.139000
3.321303	3.204900	-4.416948	44.239000
3.332324	3.186611	-4.378988	44.339000
3.343824	3.140717	-4.363380	44.438000
3.355246	3.106086	-4.373101	44.538000
3.366652	3.125182	-4.358277	44.639000
3.378184	3.148310	-4.337585	44.739000
3.390180	3.122214	-4.329370	44.838000
3.401417	3.121232	-4.307309	44.938000
3.412513	3.138462	-4.326729	45.038000
3.424279	3.180368	-4.375463	45.138000
3.435880	3.219805	-4.386742	45.238000
3.446851	3.215187	-4.392262	45.338000
3.458211	3.187297	-4.383285	45.439000
3.469975	3.171456	-4.370012	45.538000
3.480808	3.146819	-4.353085	45.638000
3.492089	3.136187	-4.350702	45.738000
3.503605	3.131443	-4.370392	45.838000
3.514727	3.149863	-4.392579	45.938000
3.526179	3.137836	-4.386967	46.038000
3.537573	3.136820	-4.369993	46.138000
3.549172	3.160229	-4.351433	46.238000
3.560221	3.148820	-4.338348	46.338000
3.571361	3.133937	-4.346416	46.438000
3.583183	3.117880	-4.351822	46.538000
3.594134	3.110531	-4.326751	46.638000
3.606100	3.127147	-4.294240	46.738000
3.617604	3.151626	-4.316526	46.838000
3.629285	3.175144	-4.363494	46.938000
3.638429	3.163289	-4.379758	47.038000
3.653401	3.127473	-4.374288	47.138000
3.663232	3.113177	-4.369447	47.238000
3.671939	3.104049	-4.348961	47.338000
3.683231	3.115842	-4.302458	47.438000
3.694833	3.111183	-4.285045	47.538000
3.706297	3.103429	-4.314966	47.638000
3.717450	3.105529	-4.350994	47.738000
3.729251	3.073431	-4.382263	47.838000
3.740789	3.046143	-4.408301	47.938000
3.751867	3.018896	-4.398627	48.038000
3.763369	3.043446	-4.356746	48.138000
3.774954	3.050867	-4.353555	48.238000
3.786095	3.086655	-4.378628	48.338000
3.797584	3.130216	-4.382590	48.438000
3.811376	3.146764	-4.379413	48.538000
3.824496	3.132100	-4.362850	48.638000
3.831933	3.145823	-4.362856	48.739000
3.847032	3.152619	-4.379791	48.838000
3.855650	3.136206	-4.392265	48.938000
3.869003	3.126021	-4.369653	49.039000
3.879317	3.141467	-4.350923	49.138000
3.891030	3.123410	-4.349368	49.238000
3.903207	3.136455	-4.368543	49.339000
3.914135	3.124631	-4.386074	49.438000
3.924787	3.108804	-4.389194	49.538000
3.936408	3.105093	-4.363418	49.638000
3.947870	3.099657	-4.369794	49.738000
3.959032	3.107504	-4.346227	49.838000
3.971402	3.101325	-4.341206	49.939000
3.982208	3.079830	-4.306952	50.039000
3.993638	3.105713	-4.293998	50.138000
4.004740	3.106651	-4.314087	50.238000
4.016268	3.087912	-4.315600	50.339000
4.027044	3.102651	-4.313376	50.438000
4.038746	3.115760	-4.327634	50.538000
4.049969	3.119007	-4.335040	50.638000
4.061054	3.140857	-4.347855	50.739000
4.072537	3.152138	-4.355046	50.838000
4.083407	3.167901	-4.353515	50.938000
4.095418	3.201501	-4.335846	51.038000
4.107014	3.182262	-4.348413	51.138000
4.118098	3.145720	-4.338301	51.240000
4.128720	3.149875	-4.336781	51.338000
4.139315	3.133128	-4.345746	51.438000
4.152059	3.125228	-4.318299	51.539000
4.163663	3.142218	-4.299631	51.638000
4.175340	3.123311	-4.302068	51.738000
4.186549	3.115864	-4.352682	51.839000
4.196574	3.115335	-4.363749	51.938000
4.208468	3.093790	-4.363866	52.038000
4.219560	3.081220	-4.370160	52.139000
4.232104	3.083030	-4.367479	52.238000
4.242970	3.075640	-4.359254	52.338000
4.254344	3.077221	-4.345416	52.438000
4.264403	3.092145	-4.334891	52.538000
4.277880	3.061262	-4.367714	52.638000
4.286267	3.018489	-4.387570	52.738000
4.299716	3.012003	-4.365648	52.838000
4.313131	3.035935	-4.355947	52.939000
4.323848	3.049465	-4.345822	53.039000
4.334877	3.057979	-4.341458	53.138000
4.346779	3.114812	-4.333104	53.238000
4.357816	3.165299	-4.337008	53.339000
4.366350	3.156135	-4.335066	53.439000
4.380152	3.133184	-4.332321	53.538000
4.392292	3.146197	-4.365166	53.638000
4.403250	3.167080	-4.384850	53.738000
4.415334	3.157190	-4.408610	53.839000
4.426868	3.137095	-4.415162	53.939000
4.435128	3.132191	-4.426318	54.038000
4.448502	3.139745	-4.403275	54.138000
4.458336	3.115141	-4.388428	54.238000
4.470573	3.077216	-4.380418	54.338000
4.482034	3.105529	-4.369382	54.438000
4.492960	3.124321	-4.398394	54.538000
4.504536	3.109976	-4.390867	54.639000
4.515495	3.104567	-4.346359	54.738000
4.526523	3.121970	-4.317309	54.838000
4.538340	3.140918	-4.307047	54.938000
4.548299	3.161626	-4.282482	55.038000
4.560518	3.170394	-4.270777	55.138000
4.571593	3.184955	-4.294874	55.238000
4.582142	3.175768	-4.357495	55.338000
4.594226	3.163439	-4.388721	55.439000
4.604974	3.156901	-4.361590	55.538000
4.616234	3.172505	-4.305459	55.638000
4.627885	3.187627	-4.300952	55.738000
4.638603	3.170558	-4.335060	55.838000
4.649784	3.098263	-4.364433	55.938000
4.661135	3.044758	-4.341595	56.038000
4.672596	3.063528	-4.304840	56.139000
4.683884	3.100212	-4.318315	56.238000
4.695523	3.097174	-4.321414	56.338000
4.706364	3.090816	-4.302708	56.438000
4.717879	3.087069	-4.312561	56.538000
4.728787	3.100399	-4.327602	56.638000
4.739750	3.072328	-4.327667	56.738000
4.751480	3.047339	-4.340461	56.838000
4.762743	3.048723	-4.348730	56.938000
4.773587	3.084105	-4.340012	57.038000
4.785059	3.133158	-4.329308	57.138000
4.796476	3.128922	-4.340869	57.238000
4.807756	3.126004	-4.379328	57.338000
4.819052	3.094787	-4.400105	57.439000
4.830512	3.098151	-4.395269	57.538000
4.841223	3.103389	-4.397807	57.638000
4.852819	3.116843	-4.407081	57.738000
4.864338	3.135908	-4.404059	57.838000
4.875936	3.135038	-4.409292	57.938000
4.887104	3.122394	-4.386310	58.038000
4.898137	3.103169	-4.334635	58.138000
4.909418	3.109663	-4.332765	58.238000
4.921365	3.131491	-4.338766	58.338000
4.932187	3.116046	-4.308721	58.438000
4.943484	3.094371	-4.262720	58.538000
4.955011	3.100739	-4.294146	58.638000
4.966176	3.100628	-4.358919	58.738000
4.977901	3.108812	-4.381430	58.839000
4.988354	3.126855	-4.353258	58.938000
5.000461	3.148050	-4.339403	59.038000
5.011201	3.154557	-4.322042	59.138000
5.022123	3.109303	-4.331126	59.238000
5.034356	3.051291	-4.362332	59.338000
5.044705	3.037049	-4.357837	59.439000
5.056624	3.036738	-4.361148	59.539000
5.066927	3.022450	-4.367466	59.638000
5.078095	3.014377	-4.340243	59.738000
5.089135	3.070908	-4.338195	59.838000
5.100222	3.121997	-4.343420	59.939000
5.112412	3.163865	-4.377764	60.038000
5.122065	3.138815	-4.416486	60.138000
5.134722	3.128452	-4.423355	60.239000
5.144692	3.124312	-4.404082	60.338000
5.156736	3.084179	-4.384566	60.438000
5.167058	3.086559	-4.356207	60.538000
5.178091	3.092599	-4.338124	60.638000
5.191052	3.094097	-4.368179	60.738000
5.201258	3.110725	-4.394373	60.839000
5.212750	3.101807	-4.409988	60.938000
5.224381	3.077268	-4.393155	61.039000
5.234633	3.078248	-4.345936	61.138000
5.246035	3.093546	-4.295083	61.238000
5.258619	3.099319	-4.291177	61.338000
5.269476	3.099245	-4.328455	61.438000
5.279366	3.096734	-4.348723	61.538000
5.290422	3.116456	-4.321434	61.638000
5.302218	3.119319	-4.319361	61.738000
5.314251	3.106237	-4.346523	61.838000
5.325502	3.100766	-4.333089	61.938000
5.336317	3.108388	-4.321484	62.038000
5.346916	3.093914	-4.324694	62.138000
5.357679	3.049471	-4.331233	62.238000
5.369014	3.053857	-4.327321	62.338000
5.380972	3.057060	-4.313085	62.438000
5.392488	3.078666	-4.296658	62.538000
5.403582	3.118579	-4.304007	62.638000
5.414534	3.136908	-4.342573	62.738000
5.425932	3.125669	-4.436690	62.838000
5.436563	3.137538	-4.464735	62.938000
5.446667	3.168782	-4.458864	63.039000
5.458915	3.158043	-4.433142	63.138000
5.471060	3.122653	-4.399656	63.238000
5.480311	3.094994	-4.365208	63.338000
5.493057	3.105020	-4.329073	63.438000
5.502902	3.116502	-4.319546	63.538000
5.514979	3.132455	-4.315474	63.638000
5.525479	3.155090	-4.299144	63.738000
5.536060	3.146831	-4.299679	63.839000
5.540428	3.156807	-4.307981	63.938000
5.537956	3.169150	-4.323793	64.038000
5.537326	3.212203	-4.335048	64.138000
5.532459	3.257912	-4.345204	64.238000
5.528238	3.232037	-4.345121	64.338000
5.521375	3.146485	-4.313740	64.438000
5.514877	3.112357	-4.325734	64.538000
5.509158	3.087355	-4.358569	64.638000
5.503819	3.094267	-4.381023	64.738000
5.496534	3.092658	-4.414906	64.838000
5.489381	3.107540	-4.375742	64.938000
5.482469	3.137548	-4.312887	65.038000
5.474802	3.128265	-4.275969	65.138000
5.467207	3.115653	-4.297648	65.238000
5.459840	3.099402	-4.319385	65.338000
5.452823	3.131811	-4.331515	65.439000
5.443974	3.097991	-4.328876	65.538000
5.436315	3.053707	-4.333494	65.638000
5.428538	3.033409	-4.319370	65.738000
5.420056	3.043635	-4.308794	65.838000
5.411652	3.069329	-4.302014	65.938000
5.403295	3.093563	-4.301360	66.038000
5.394328	3.124374	-4.321580	66.138000
5.386134	3.131463	-4.334003	66.238000
5.377369	3.108707	-4.319390	66.338000
5.368288	3.087735	-4.282524	66.438000
5.360351	3.092757	-4.235577	66.538000
5.351036	3.130416	-4.204975	66.638000
5.342143	3.163383	-4.230194	66.738000
5.333795	3.179562	-4.251365	66.838000
5.324538	3.166271	-4.272632	66.938000
5.315856	3.180330	-4.299985	67.038000
5.306449	3.135564	-4.330760	67.138000
5.297105	3.079788	-4.345865	67.238000
5.288023	3.078119	-4.333905	67.338000
5.279117	3.100543	-4.330370	67.438000
5.269667	3.131419	-4.346519	67.538000
5.260067	3.160345	-4.375777	67.638000
5.251689	3.116639	-4.367132	67.738000
5.241912	3.078866	-4.318231	67.838000
5.232839	3.044233	-4.288846	67.938000
5.223858	3.059246	-4.308058	68.038000
5.214311	3.090312	-4.337002	68.138000
5.205018	3.086662	-4.323102	68.238000
5.195958	3.111394	-4.293658	68.338000
5.186313	3.100132	-4.303365	68.438000
5.177396	3.086254	-4.310261	68.538000
5.167832	3.122309	-4.345123	68.638000
5.158706	3.125388	-4.343107	68.738000
5.149918	3.133849	-4.339395	68.838000
5.138475	3.100463	-4.335106	68.938000
5.128641	3.060296	-4.313528	69.038000
5.120742	3.042198	-4.299990	69.138000
5.109607	3.040149	-4.309606	69.238000
5.100257	3.093471	-4.327960	69.338000
5.091374	3.116055	-4.302922	69.438000
5.080107	3.091841	-4.301421	69.538000
5.071815	3.094765	-4.309888	69.639000
5.061150	3.108789	-4.301289	69.739000
5.052515	3.106858	-4.291066	69.838000
5.041523	3.085911	-4.315498	69.938000
5.033276	3.035316	-4.334547	70.038000
5.020919	3.026632	-4.348069	70.138000
5.013422	3.072488	-4.338084	70.239000
5.001018	3.086056	-4.343911	70.338000
4.993512	3.089746	-4.333211	70.438000
4.983525	3.077365	-4.321914	70.539000
4.971713	3.085669	-4.331140	70.638000
4.961994	3.097654	-4.361451	70.739000
4.954278	3.123282	-4.340659	70.838000
4.944418	3.149123	-4.298234	70.938000
4.932756	3.096449	-4.263953	71.038000
4.922014	3.045245	-4.253772	71.138000
4.912024	3.066772	-4.256715	71.238000
4.902146	3.099386	-4.258124	71.338000
4.892094	3.155248	-4.272577	71.438000
4.883081	3.195100	-4.304303	71.538000
4.874819	3.125489	-4.338827	71.638000
4.862697	3.133634	-4.324317	71.738000
4.853736	3.146989	-4.327164	71.838000
4.841648	3.107088	-4.344515	71.939000
4.834104	3.112397	-4.349165	72.038000
4.821803	3.107410	-4.350370	72.139000
4.813705	3.127185	-4.348201	72.238000
4.802304	3.138282	-4.327825	72.338000
4.793849	3.125930	-4.320883	72.438000
4.782152	3.116364	-4.283993	72.538000
4.772563	3.131456	-4.259448	72.638000
4.763249	3.097505	-4.269229	72.738000
4.751714	3.042916	-4.301366	72.838000
4.743194	3.039012	-4.334218	72.938000
4.732840	3.051013	-4.371469	73.038000
4.721703	3.047638	-4.384235	73.138000
4.712205	3.058238	-4.393595	73.238000
4.702767	3.080814	-4.370634	73.338000
4.691870	3.089298	-4.341075	73.438000
4.680981	3.055764	-4.322485	73.538000
4.671098	3.049497	-4.315229	73.638000
4.660246	3.084351	-4.335589	73.738000
4.650323	3.124282	-4.345170	73.838000
4.640337	3.129173	-4.348082	73.938000
4.630140	3.121223	-4.340890	74.038000
4.619353	3.149200	-4.336995	74.138000
4.608902	3.163015	-4.331516	74.238000
4.599033	3.195894	-4.286337	74.338000
4.588541	3.185778	-4.280868	74.438000
4.577855	3.125385	-4.327509	74.538000
4.567413	3.105204	-4.310322	74.638000
4.556796	3.123755	-4.321273	74.738000
4.546591	3.142778	-4.330497	74.838000
4.536166	3.115285	-4.339749	74.938000
4.525725	3.076869	-4.314619	75.038000
4.514861	3.063093	-4.299991	75.138000
4.504520	3.086976	-4.287691	75.238000
4.493571	3.119986	-4.265293	75.338000
4.484066	3.153868	-4.261880	75.438000
4.473238	3.157516	-4.301821	75.539000
4.462707	3.117842	-4.350277	75.638000
4.451586	3.095477	-4.377333	75.738000
4.441194	3.118143	-4.357325	75.838000
4.430731	3.124081	-4.343924	75.938000
4.420533	3.088128	-4.365183	76.039000
4.409554	3.078819	-4.353672	76.139000
4.399544	3.063326	-4.330258	76.238000
4.388466	3.084890	-4.318757	76.339000
4.377600	3.075223	-4.339445	76.438000
4.367231	3.049240	-4.349054	76.538000
4.356784	3.076145	-4.404311	76.638000
4.345599	3.067874	-4.464956	76.738000
4.335364	3.077237	-4.516209	76.838000
4.325252	3.088714	-4.459156	76.939000
4.314450	3.107942	-4.350543	77.038000
4.303704	3.154462	-4.306488	77.138000
4.293554	3.173426	-4.338643	77.238000
4.282281	3.151360	-4.354089	77.338000
4.272573	3.095118	-4.336781	77.438000
4.261946	3.092546	-4.318444	77.539000
4.251243	3.088737	-4.310031	77.638000
4.240763	3.085196	-4.310521	77.738000
4.229694	3.118743	-4.299466	77.838000
4.218992	3.135868	-4.329661	77.938000
4.208190	3.104046	-4.336597	78.039000
4.198206	3.085578	-4.339181	78.138000
4.187879	3.075768	-4.336604	78.238000
4.176715	3.069252	-4.328020	78.338000
4.165048	3.065175	-4.355776	78.438000
4.154270	3.047583	-4.373543	78.538000
4.144699	3.052014	-4.341408	78.638000
4.133360	3.090308	-4.313895	78.738000
4.123152	3.128543	-4.291966	78.838000
4.111426	3.143191	-4.293166	78.938000
4.100483	3.130573	-4.306809	79.038000
4.092242	3.149093	-4.307309	79.139000
4.077449	3.153006	-4.325221	79.238000
4.070094	3.127905	-4.354877	79.338000
4.055934	3.091486	-4.339898	79.438000
4.048159	3.071487	-4.316396	79.538000
4.036522	3.055790	-4.319269	79.638000
4.023585	3.062305	-4.297583	79.738000
4.016437	3.114872	-4.303658	79.838000
4.002853	3.107356	-4.347175	79.938000
3.991710	3.116391	-4.357430	80.038000
3.984068	3.104725	-4.355270	80.138000
3.971836	3.100507	-4.343371	80.238000
3.958794	3.119151	-4.350329	80.339000
3.946980	3.144671	-4.346175	80.439000
3.937075	3.156195	-4.336894	80.538000
3.928644	3.139591	-4.353926	80.638000
3.918904	3.108925	-4.330353	80.739000
3.905271	3.136539	-4.289849	80.838000
3.892764	3.143309	-4.341233	80.938000
3.883828	3.155783	-4.372965	81.038000
3.874680	3.138516	-4.322413	81.139000
3.860884	3.099676	-4.267025	81.238000
3.849103	3.073516	-4.264448	81.338000
3.841058	3.108419	-4.290582	81.438000
3.831326	3.141198	-4.310483	81.538000
3.820139	3.131644	-4.371753	81.638000
3.807709	3.114455	-4.400467	81.738000
3.795033	3.105012	-4.389738	81.838000
3.784976	3.072917	-4.387395	81.938000
3.776411	3.057773	-4.373091	82.038000
3.764979	3.075747	-4.336116	82.138000
3.754767	3.070863	-4.334066	82.238000
3.742610	3.077910	-4.337921	82.338000
3.730228	3.072973	-4.329361	82.438000
3.719605	3.097720	-4.322444	82.538000
3.708360	3.092011	-4.320436	82.638000
3.698393	3.092780	-4.337459	82.738000
3.686835	3.130395	-4.370222	82.838000
3.675724	3.133275	-4.353728	82.938000
3.664346	3.118777	-4.332742	83.038000
3.654121	3.154907	-4.336383	83.138000
3.644001	3.156903	-4.335010	83.238000
3.632934	3.147261	-4.342667	83.338000
3.621717	3.138443	-4.338402	83.438000
3.610435	3.135560	-4.336833	83.538000
3.599524	3.121287	-4.346109	83.638000
3.588050	3.141901	-4.326983	83.738000
3.577528	3.158518	-4.287700	83.839000
3.565681	3.156779	-4.266749	83.938000
3.553614	3.154535	-4.274011	84.038000
3.541321	3.129614	-4.297418	84.138000
3.532419	3.115693	-4.312162	84.238000
3.520891	3.114792	-4.303582	84.338000
3.508323	3.130755	-4.293618	84.438000
3.498581	3.134191	-4.279446	84.538000
3.487406	3.133591	-4.244196	84.638000
3.475292	3.158006	-4.249575	84.739000
3.465070	3.166083	-4.301708	84.838000
3.454013	3.153247	-4.343494	84.938000
3.442228	3.100559	-4.383255	85.039000
3.431781	3.064899	-4.381402	85.138000
3.419811	3.051457	-4.375289	85.238000
3.409429	3.065436	-4.358720	85.338000
3.398410	3.087383	-4.363690	85.438000
3.386293	3.094491	-4.342257	85.538000
3.375109	3.126398	-4.329071	85.639000
3.364225	3.118329	-4.327399	85.738000
3.353667	3.066661	-4.327126	85.839000
3.342709	3.102610	-4.311097	85.939000
3.331546	3.184004	-4.307159	86.038000
3.320721	3.195631	-4.287711	86.138000
3.309676	3.195667	-4.290795	86.238000
3.298256	3.181216	-4.313985	86.338000
3.286669	3.152072	-4.313276	86.439000
3.275424	3.141408	-4.295319	86.538000
3.265177	3.113741	-4.297037	86.638000
3.253345	3.070206	-4.269281	86.738000
3.242515	3.050405	-4.264524	86.838000
3.231699	3.093200	-4.246535	86.938000
3.219956	3.171397	-4.286116	87.038000
3.209579	3.168803	-4.330572	87.138000
3.197072	3.147646	-4.324626	87.238000
3.186062	3.119737	-4.348774	87.338000
3.175382	3.125982	-4.378539	87.438000
3.163806	3.133972	-4.374776	87.539000
3.152279	3.142215	-4.327541	87.638000
3.141623	3.154068	-4.332322	87.739000
3.130832	3.165190	-4.356117	87.838000
3.118461	3.191312	-4.378388	87.938000
3.107720	3.190773	-4.359861	88.038000
3.097837	3.165064	-4.364983	88.138000
3.087461	3.117090	-4.352330	88.238000
3.071840	3.106185	-4.310959	88.338000
3.064486	3.113062	-4.293398	88.438000
3.052764	3.112893	-4.287537	88.538000
3.037747	3.100758	-4.313130	88.638000
3.026215	3.099665	-4.334722	88.738000
3.015368	3.108089	-4.349266	88.838000
3.008616	3.098527	-4.344281	88.938000
2.994129	3.093264	-4.363829	89.038000
2.984572	3.105148	-4.375978	89.138000
2.971061	3.095203	-4.335436	89.238000
2.962065	3.125825	-4.312941	89.338000
2.950417	3.126548	-4.314786	89.438000
2.938663	3.141286	-4.344078	89.538000
2.927545	3.152327	-4.348668	89.638000
2.915902	3.162045	-4.335635	89.738000
2.904859	3.189301	-4.301395	89.838000
2.893406	3.164201	-4.285062	89.938000
2.882069	3.117398	-4.290047	90.038000
2.870187	3.099079	-4.304464	90.138000
2.859473	3.089594	-4.290129	90.238000
2.847726	3.110137	-4.280556	90.338000
2.836385	3.141130	-4.239230	90.438000
2.825481	3.146827	-4.221646	90.538000
2.812368	3.159843	-4.262748	90.638000
2.804762	3.126826	-4.278118	90.738000
2.791859	3.125052	-4.290092	90.838000
2.782393	3.136352	-4.263940	90.938000
2.769411	3.108160	-4.253789	91.038000
2.758358	3.049009	-4.281840	91.138000
2.746407	3.034150	-4.305126	91.239000
2.733990	3.062935	-4.320471	91.339000
2.722297	3.110327	-4.334557	91.438000
2.711200	3.151889	-4.333254	91.538000
2.700156	3.140467	-4.300524	91.638000
2.688529	3.137553	-4.282848	91.738000
2.677628	3.145786	-4.289459	91.838000
2.666023	3.147127	-4.278159	91.938000
2.654547	3.102164	-4.274594	92.038000
2.643455	3.109262	-4.265157	92.138000
2.631967	3.127154	-4.272619	92.238000
2.620123	3.130460	-4.283394	92.338000
2.609250	3.113094	-4.335348	92.438000
2.597779	3.101858	-4.357297	92.538000
2.586118	3.093510	-4.355412	92.638000
2.573766	3.110743	-4.353172	92.738000
2.564408	3.115073	-4.339269	92.838000
2.552888	3.109836	-4.331069	92.938000
2.541253	3.110492	-4.344533	93.038000
2.529717	3.122868	-4.321383	93.138000
2.515609	3.153234	-4.317159	93.238000
2.507577	3.184143	-4.337364	93.338000
2.494544	3.174539	-4.366510	93.438000
2.482589	3.145979	-4.391291	93.538000
2.471241	3.125948	-4.394320	93.638000
2.458491	3.079205	-4.327104	93.738000
2.448055	3.081938	-4.296530	93.838000
2.436220	3.125850	-4.305525	93.938000
2.424626	3.135791	-4.296069	94.038000
2.412938	3.135391	-4.288239	94.139000
2.401719	3.135208	-4.292839	94.238000
2.390461	3.121749	-4.298151	94.339000
2.378558	3.102466	-4.266959	94.438000
2.367663	3.139380	-4.230562	94.539000
2.355532	3.165749	-4.219737	94.639000
2.344671	3.186940	-4.225424	94.738000
2.333087	3.191328	-4.234717	94.838000
2.321599	3.171690	-4.240993	94.938000
2.309241	3.190790	-4.279852	95.038000
2.298418	3.178745	-4.314214	95.138000
2.286931	3.162547	-4.330426	95.239000
2.275724	3.161196	-4.326425	95.338000
2.264349	3.128110	-4.352177	95.438000
2.252500	3.099169	-4.356798	95.539000
2.241592	3.114958	-4.349258	95.638000
2.229804	3.095947	-4.353299	95.738000
2.218677	3.058835	-4.356493	95.838000
2.207189	3.055844	-4.332704	95.938000
2.195567	3.058760	-4.328311	96.038000
2.184156	3.091851	-4.326168	96.138000
2.172845	3.122816	-4.311777	96.239000
2.160599	3.118098	-4.307151	96.338000
2.149384	3.103177	-4.329354	96.438000
2.137713	3.111607	-4.309829	96.540000
2.126022	3.120515	-4.304471	96.638000
2.114782	3.106772	-4.314400	96.739000
2.102884	3.126626	-4.294306	96.838000
2.090869	3.129899	-4.309703	96.938000
2.080006	3.136519	-4.328625	97.038000
2.068979	3.136553	-4.295401	97.139000
2.056696	3.123765	-4.287391	97.238000
2.045608	3.133252	-4.315404	97.338000
2.034379	3.158350	-4.336740	97.438000
2.022169	3.110116	-4.325347	97.538000
2.010980	3.111078	-4.316559	97.638000
1.999301	3.147430	-4.294254	97.738000
1.987834	3.174807	-4.268838	97.838000
1.976719	3.201020	-4.246560	97.938000
1.964338	3.172024	-4.249442	98.038000
1.952853	3.158658	-4.263550	98.139000
1.941037	3.185096	-4.304378	98.239000
1.929977	3.165938	-4.316798	98.339000
1.918139	3.137661	-4.314328	98.438000
1.906768	3.131550	-4.341634	98.538000
1.895125	3.104873	-4.383763	98.638000
1.883082	3.061255	-4.377405	98.739000
1.871895	3.051329	-4.365225	98.838000
1.860252	3.092261	-4.336899	98.938000
1.848814	3.107849	-4.340138	99.038000
1.837132	3.129934	-4.354159	99.139000
1.825242	3.179911	-4.326424	99.238000
1.813471	3.209260	-4.302703	99.338000
1.801826	3.195991	-4.295164	99.438000
1.790135	3.227043	-4.275413	99.538000
1.778807	3.238995	-4.274577	99.638000
1.767137	3.219376	-4.294958	99.738000
1.755734	3.170838	-4.281801	99.838000
1.744203	3.158664	-4.261126	99.938000
1.732852	3.163598	-4.274902	100.039000
1.720912	3.144337	-4.312071	100.139000
1.709664	3.171629	-4.339132	100.238000
1.697793	3.203211	-4.357590	100.338000
1.686576	3.195894	-4.354264	100.438000
1.675065	3.204176	-4.343461	100.538000
1.663515	3.205046	-4.360316	100.639000
1.651933	3.154378	-4.397467	100.738000
1.640313	3.049031	-4.392475	100.838000
1.628530	3.003794	-4.361080	100.938000
1.616860	3.016686	-4.323875	101.038000
1.605365	3.055650	-4.322524	101.138000
1.593655	3.103541	-4.307149	101.238000
1.582367	3.139147	-4.314053	101.338000
1.570403	3.151759	-4.324654	101.438000
1.558614	3.158119	-4.308953	101.539000
1.546894	3.148398	-4.274935	101.638000
1.535359	3.128091	-4.265856	101.738000
1.523554	3.150855	-4.245779	101.838000
1.511769	3.191308	-4.246995	101.939000
1.500143	3.182386	-4.249907	102.038000
1.488527	3.135848	-4.261995	102.138000
1.476761	3.171715	-4.264209	102.238000
1.464742	3.209968	-4.277673	102.339000
1.453733	3.204769	-4.302805	102.438000
1.442190	3.223937	-4.292732	102.538000
1.429861	3.236182	-4.287093	102.639000
1.418266	3.222609	-4.311144	102.738000
1.406455	3.203000	-4.356069	102.838000
1.395117	3.166176	-4.372635	102.938000
1.383693	3.159326	-4.357379	103.038000
1.371788	3.174665	-4.336509	103.138000
1.359838	3.148496	-4.317056	103.239000
1.347924	3.119770	-4.307856	103.338000
1.336461	3.132009	-4.277548	103.438000
1.325034	3.174597	-4.244154	103.538000
1.313590	3.187789	-4.240557	103.638000
1.301459	3.165542	-4.241734	103.738000
1.289280	3.139954	-4.273010	103.838000
1.277484	3.113998	-4.293764	103.938000
1.266074	3.131966	-4.327804	104.038000
1.254515	3.169918	-4.335323	104.139000
1.242983	3.199618	-4.343236	104.238000
1.231240	3.193414	-4.339496	104.338000
1.219590	3.181871	-4.322175	104.439000
1.208225	3.150704	-4.295229	104.538000
1.196513	3.104159	-4.288531	104.638000
1.184825	3.121384	-4.335077	104.743000
1.173293	3.134212	-4.338786	104.839000
1.161881	3.146605	-4.331518	104.938000
1.150543	3.165700	-4.326427	105.038000
1.138777	3.184064	-4.318266	105.138000
1.127329	3.228438	-4.309016	105.238000
1.115717	3.230163	-4.336645	105.338000
1.104104	3.188417	-4.342936	105.438000
1.092066	3.173807	-4.353383	105.538000
1.079987	3.149184	-4.383016	105.639000
1.068322	3.146200	-4.333298	105.738000
1.056865	3.145687	-4.268484	105.838000
1.045313	3.161922	-4.254794	105.938000
1.033339	3.180416	-4.248200	106.038000
1.021509	3.174869	-4.251894	106.138000
1.009857	3.179952	-4.267583	106.238000
0.997993	3.203608	-4.302187	106.338000
0.986401	3.189785	-4.325691	106.439000
0.975016	3.142439	-4.298015	106.539000
0.962905	3.138516	-4.278568	106.638000
0.951379	3.144065	-4.299177	106.739000
0.939347	3.156996	-4.301715	106.838000
0.927849	3.126044	-4.285958	106.938000
0.916201	3.115408	-4.279199	107.038000
0.904633	3.113033	-4.267905	107.138000
0.892625	3.131518	-4.284624	107.238000
0.880881	3.146150	-4.311404	107.338000
0.869333	3.136191	-4.300085	107.438000
0.857597	3.109527	-4.275999	107.538000
0.846039	3.112951	-4.252229	107.638000
0.834074	3.127463	-4.280509	107.738000
0.822500	3.133426	-4.318335	107.838000
0.810574	3.149451	-4.369575	107.938000
0.798819	3.167226	-4.410729	108.038000
0.787293	3.157929	-4.378626	108.139000
0.775853	3.124433	-4.352676	108.238000
0.763853	3.093900	-4.345167	108.338000
0.752589	3.119730	-4.336409	108.438000
0.740668	3.123392	-4.330204	108.539000
0.729087	3.106010	-4.313903	108.638000
0.717633	3.121980	-4.308694	108.738000
0.705724	3.145794	-4.308613	108.838000
0.694046	3.193974	-4.336104	108.938000
0.682447	3.209412	-4.358550	109.039000
0.671000	3.171986	-4.364375	109.138000
0.659236	3.157753	-4.375700	109.238000
0.647646	3.156727	-4.379152	109.338000
0.636124	3.166956	-4.354803	109.438000
0.624771	3.161927	-4.299671	109.538000
0.613372	3.142275	-4.227341	109.638000
0.601719	3.155371	-4.227308	109.738000
0.590282	3.143395	-4.298909	109.838000
0.578854	3.103061	-4.367553	109.938000
0.566801	3.057249	-4.359958	110.038000
0.554996	3.074483	-4.348766	110.138000
0.543487	3.098493	-4.342466	110.238000
0.531926	3.090533	-4.353436	110.338000
0.520316	3.070282	-4.380507	110.438000
0.508837	3.057123	-4.393203	110.538000
0.496741	3.114121	-4.417413	110.638000
0.484972	3.173182	-4.407180	110.738000
0.473622	3.184438	-4.354508	110.838000
0.461859	3.193875	-4.349018	110.938000
0.450401	3.212669	-4.348521	111.038000
0.438865	3.166327	-4.335994	111.138000
0.426379	3.121188	-4.366771	111.238000
0.415241	3.114655	-4.393987	111.338000
0.403247	3.124451	-4.371026	111.438000
0.391679	3.101412	-4.313491	111.538000
0.379988	3.100588	-4.310282	111.639000
0.368181	3.106794	-4.328228	111.738000
0.356610	3.117163	-4.337116	111.838000
0.344852	3.151851	-4.364881	111.938000
0.333148	3.162835	-4.357156	112.038000
0.321803	3.145908	-4.324371	112.138000
0.309765	3.150590	-4.306689	112.238000
0.298363	3.162900	-4.324586	112.338000
0.286356	3.142500	-4.388477	112.438000
0.274907	3.140791	-4.440369	112.539000
0.263329	3.128769	-4.418009	112.638000
0.251800	3.131208	-4.368539	112.738000
0.240528	3.146771	-4.349355	112.838000
0.228456	3.157915	-4.344311	112.938000
0.216848	3.163940	-4.311127	113.038000
0.205304	3.186134	-4.323610	113.138000
0.193745	3.179236	-4.331271	113.239000
0.182143	3.179633	-4.354282	113.338000
0.170598	3.150031	-4.363895	113.438000
0.158841	3.100768	-4.337143	113.538000
0.147545	3.121928	-4.314333	113.638000
0.135832	3.187063	-4.315809	113.738000
0.124764	3.222755	-4.329946	113.838000
0.117909	3.219228	-4.324673	113.938000
0.113223	3.181596	-4.303683	114.038000
0.109708	3.130877	-4.299431	114.138000
0.106333	3.086011	-4.321467	114.238000
0.103400	3.013895	-4.332842	114.338000
0.100796	3.025089	-4.312104	114.438000
0.098565	3.071031	-4.268405	114.538000
0.096460	3.143285	-4.260181	114.638000
0.094553	3.184558	-4.293074	114.738000
0.092622	3.186045	-4.320133	114.838000
0.091048	3.181795	-4.325529	114.939000
0.089607	3.215506	-4.332338	115.038000
0.088044	3.242077	-4.338623	115.138000
0.086871	3.221678	-4.329263	115.239000
0.085508	3.195001	-4.319092	115.338000
0.084253	3.171964	-4.332818	115.438000
0.083294	3.124762	-4.388398	115.539000
0.082079	3.059152	-4.412187	115.638000
0.081040	3.055818	-4.407514	115.738000
0.080335	3.076871	-4.433456	115.838000
0.079241	3.103904	-4.471676	115.939000
0.078449	3.078188	-4.491459	116.038000
0.077617	3.062493	-4.518210	116.138000
0.076696	3.058765	-4.536706	116.238000
0.075974	3.046636	-4.573983	116.338000
0.075596	3.018482	-4.609387	116.438000
0.074742	2.940787	-4.607196	116.538000
0.073922	2.871805	-4.650171	116.638000
0.073512	2.824450	-4.691364	116.738000
0.072712	2.798680	-4.712969	116.838000
0.072190	2.756496	-4.757938	116.938000
0.071827	2.692903	-4.820825	117.038000
0.071122	2.648063	-4.883400	117.138000
0.070787	2.609680	-4.903100	117.238000
0.069984	2.547203	-4.881967	117.338000
0.069649	2.481376	-4.903991	117.438000
0.069178	2.442082	-4.975398	117.538000
0.068880	2.481052	-5.066703	117.638000
0.068182	2.538756	-5.131538	117.738000
0.067853	2.615070	-5.224470	117.838000
0.067391	2.732514	-5.281348	117.938000
0.067016	2.828623	-5.361191	118.038000
0.066900	2.873758	-5.462164	118.138000
0.066147	2.883344	-5.536965	118.238000
0.065873	2.837447	-5.575344	118.338000
0.065768	2.688372	-5.586243	118.438000
0.065224	2.495729	-5.573644	118.539000
0.064889	2.306628	-5.551644	118.638000
0.064568	2.191429	-5.486525	118.738000
0.064408	2.069426	-5.404044	118.838000
0.064217	1.930636	-5.317925	118.938000
0.063440	1.810160	-5.257271	119.038000
0.063464	1.703740	-5.242520	119.139000
0.063218	1.603968	-5.113943	119.238000
0.062715	1.520762	-4.994520	119.339000
0.062655	1.457406	-4.957196	119.438000
0.062437	1.416939	-4.964578	119.538000
0.062174	1.388730	-4.958703	119.638000
0.061979	1.357519	-4.898298	119.738000
0.061654	1.309706	-4.873404	119.839000
0.061289	1.262364	-4.787429	119.938000
0.061062	1.264961	-4.707363	120.038000
0.061105	1.269938	-4.690102	120.138000
0.060948	1.249988	-4.697967	120.238000
0.060616	1.218980	-4.668840	120.338000
0.060568	1.161561	-4.610319	120.438000
0.060319	1.101167	-4.592353	120.538000
0.060069	1.083457	-4.497732	120.638000
0.059888	1.089500	-4.472214	120.738000
0.059983	1.081076	-4.557304	120.838000
0.059596	1.068568	-4.572499	120.938000
0.059936	1.080276	-4.498698	121.038000
0.059460	1.075410	-4.484687	121.138000
0.059513	1.076876	-4.515806	121.238000
0.059260	1.070692	-4.615817	121.339000
0.058915	1.037032	-4.582421	121.439000
0.058970	1.010460	-4.415714	121.538000
0.058703	0.962147	-4.339393	121.638000
0.058593	0.932993	-4.349898	121.739000
0.058564	0.920633	-4.227230	121.838000
0.058450	0.916556	-4.113525	121.938000
0.058105	0.920531	-4.179679	122.038000
0.057984	0.923033	-4.317633	122.138000
0.057895	0.920589	-4.388700	122.238000
0.057754	0.925767	-4.327581	122.338000
0.057461	0.920767	-4.337572	122.438000
0.057511	0.897919	-4.396002	122.538000
0.057451	0.915938	-4.425347	122.638000
0.057442	0.882545	-4.369192	122.738000
0.057272	0.856412	-4.331657	122.838000
0.057008	0.856842	-4.230256	122.938000
0.057054	0.885692	-4.232511	123.038000
0.056816	0.868826	-4.286886	123.138000
0.056862	0.855263	-4.311901	123.239000
0.056766	0.895270	-4.237246	123.338000
0.056796	0.921051	-4.225856	123.438000
0.056627	0.906582	-4.364042	123.539000
0.056614	0.873890	-4.509110	123.639000
0.056376	0.863093	-4.555896	123.738000
0.056246	0.867463	-4.500109	123.838000
0.056384	0.863680	-4.440083	123.939000
0.056062	0.853048	-4.467990	124.038000
0.056332	0.877666	-4.539191	124.138000
0.056086	0.894454	-4.501500	124.238000
0.055844	0.897989	-4.400951	124.338000
0.056076	0.901189	-4.324515	124.438000
0.055821	0.893120	-4.281173	124.538000
0.055842	0.882358	-4.268218	124.639000
0.055759	0.834673	-4.251438	124.738000
0.055908	0.801369	-4.134820	124.839000
0.055851	0.819467	-4.116832	124.938000
0.055678	0.838229	-4.158718	125.038000
0.055501	0.836280	-4.220753	125.138000
0.055594	0.835023	-4.249447	125.238000
0.055388	0.857227	-4.261818	125.338000
0.055271	0.885763	-4.258420	125.439000
0.055401	0.911828	-4.274207	125.538000
0.055215	0.902209	-4.282528	125.639000
0.055199	0.884509	-4.314922	125.738000
0.055086	0.866883	-4.408582	125.839000
0.055098	0.831184	-4.475890	125.938000
0.054943	0.803988	-4.599059	126.038000
0.054934	0.816316	-4.573855	126.138000
0.055072	0.830251	-4.481085	126.238000
0.054837	0.842605	-4.425005	126.338000
0.054848	0.877860	-4.381816	126.438000
0.054794	0.901584	-4.436307	126.538000
0.054764	0.898060	-4.490670	126.638000
0.054717	0.876617	-4.452720	126.738000
0.054669	0.853131	-4.348003	126.838000
0.054665	0.852727	-4.363592	126.938000
0.054566	0.859467	-4.319020	127.038000
0.054514	0.843871	-4.229625	127.138000
0.054308	0.825473	-4.285240	127.239000
0.054357	0.821541	-4.423046	127.338000
0.054348	0.832550	-4.479424	127.438000
0.054419	0.874418	-4.535101	127.538000
0.054256	0.897230	-4.445997	127.639000
0.054375	0.892487	-4.426859	127.738000
0.054409	0.873555	-4.349506	127.838000
0.054407	0.885955	-4.317258	127.938000
0.054207	0.883039	-4.366261	128.038000
0.054188	0.837305	-4.404195	128.138000
