-0.141496	0.964366	-4.093974	7.834000
-0.140410	0.962647	-4.092709	7.934000
-0.140573	0.965185	-4.092806	8.034000
-0.140529	0.969026	-4.095572	8.134000
-0.140571	0.969644	-4.107412	8.234000
-0.140573	0.966668	-4.100683	8.334000
-0.140542	0.964568	-4.088056	8.434000
-0.140487	0.967100	-4.083654	8.535000
-0.140584	0.965574	-4.080185	8.634000
-0.140690	0.962099	-4.082390	8.734000
-0.140560	0.962446	-4.079601	8.834000
-0.140605	0.963200	-4.062884	8.934000
-0.140697	0.966370	-4.050158	9.035000
-0.140699	0.963047	-4.060114	9.134000
-0.140742	0.958583	-4.082380	9.234000
-0.140897	0.957298	-4.090423	9.334000
-0.140796	0.964583	-4.091858	9.434000
-0.140695	0.967063	-4.097548	9.534000
-0.140777	0.972266	-4.106940	9.634000
-0.140920	0.972588	-4.093592	9.734000
-0.140738	0.965137	-4.082959	9.834000
-0.140750	0.961631	-4.091637	9.934000
-0.140958	0.962758	-4.084868	10.034000
-0.140540	0.961808	-4.083599	10.135000
-0.136680	0.962106	-4.086271	10.234000
-0.130491	0.964980	-4.079182	10.334000
-0.123665	0.966851	-4.078759	10.434000
-0.116415	0.968207	-4.085280	10.534000
-0.108829	0.962121	-4.099513	10.634000
-0.100832	0.960758	-4.096507	10.734000
-0.092730	0.964019	-4.084339	10.834000
-0.084385	0.965928	-4.068655	10.934000
-0.076393	0.961995	-4.071116	11.034000
-0.067471	0.957155	-4.106356	11.134000
-0.058602	0.954275	-4.133908	11.234000
-0.049980	0.954265	-4.130116	11.334000
-0.041194	0.957122	-4.117209	11.434000
-0.032351	0.968107	-4.112730	11.534000
-0.023339	0.969045	-4.104158	11.634000
-0.014077	0.967481	-4.094380	11.734000
-0.004740	0.967201	-4.097174	11.834000
0.004249	0.970696	-4.103183	11.935000
0.013434	0.975780	-4.117876	12.034000
0.022764	0.973355	-4.110755	12.134000
0.032138	0.969432	-4.109745	12.235000
0.041617	0.969079	-4.113397	12.334000
0.051107	0.968823	-4.123387	12.434000
0.060650	0.969305	-4.121697	12.534000
0.070076	0.969315	-4.115181	12.634000
0.079321	0.969428	-4.086625	12.734000
0.089180	0.969944	-4.069353	12.834000
0.099002	0.963286	-4.063019	12.934000
0.108448	0.963401	-4.066194	13.034000
0.118098	0.968080	-4.076044	13.134000
0.127838	0.972410	-4.083515	13.234000
0.137592	0.970921	-4.087784	13.334000
0.147495	0.974042	-4.115914	13.434000
0.157307	0.978290	-4.139012	13.534000
0.166603	0.976892	-4.133394	13.634000
0.176696	0.972268	-4.126895	13.734000
0.186550	0.964390	-4.125280	13.834000
0.196124	0.958561	-4.112035	13.934000
0.206520	0.961126	-4.106356	14.034000
0.216477	0.964321	-4.104378	14.134000
0.226181	0.962791	-4.112481	14.234000
0.235993	0.956236	-4.097272	14.334000
0.246003	0.958781	-4.075068	14.434000
0.255588	0.965364	-4.056459	14.534000
0.265419	0.971658	-4.048453	14.634000
0.275295	0.976846	-4.056631	14.735000
0.285496	0.985131	-4.059223	14.835000
0.295192	0.988595	-4.067743	14.935000
0.305347	0.986519	-4.075586	15.034000
0.315403	0.977471	-4.098849	15.134000
0.325550	0.969024	-4.112360	15.234000
0.335409	0.971268	-4.121114	15.334000
0.345484	0.975102	-4.123894	15.434000
0.355485	0.972816	-4.107565	15.534000
0.365562	0.972497	-4.110671	15.635000
0.376168	0.975036	-4.131650	15.734000
0.386342	0.969744	-4.137164	15.834000
0.396405	0.966527	-4.113096	15.934000
0.406446	0.970267	-4.099782	16.034000
0.416851	0.976631	-4.090271	16.134000
0.427012	0.981956	-4.068869	16.234000
0.437521	0.976469	-4.074159	16.334000
0.447773	0.970974	-4.088352	16.434000
0.457967	0.971519	-4.079054	16.535000
0.468087	0.966753	-4.075397	16.634000
0.478377	0.963338	-4.103858	16.735000
0.489092	0.964846	-4.105795	16.834000
0.499576	0.966274	-4.101064	16.934000
0.510023	0.970488	-4.103547	17.034000
0.520381	0.970541	-4.110366	17.134000
0.530609	0.966272	-4.094707	17.234000
0.540946	0.961609	-4.081894	17.334000
0.551630	0.964959	-4.077707	17.434000
0.562096	0.971126	-4.098552	17.534000
0.572507	0.970045	-4.097450	17.635000
0.582648	0.970537	-4.071715	17.734000
0.593081	0.977440	-4.065947	17.834000
0.603696	0.980645	-4.100014	17.934000
0.614311	0.978424	-4.122130	18.034000
0.624927	0.973013	-4.134761	18.134000
0.635429	0.962687	-4.128320	18.234000
0.645752	0.966144	-4.126215	18.334000
0.656166	0.971707	-4.138413	18.434000
0.667073	0.973803	-4.134756	18.534000
0.677954	0.972415	-4.109512	18.634000
0.688349	0.971440	-4.092958	18.734000
0.698885	0.971710	-4.089088	18.834000
0.709423	0.969179	-4.102973	18.934000
0.719691	0.971455	-4.109671	19.034000
0.730158	0.973668	-4.124330	19.134000
0.740935	0.965527	-4.129702	19.234000
0.751410	0.959346	-4.101535	19.334000
0.761958	0.966524	-4.082458	19.434000
0.772434	0.974738	-4.086398	19.535000
0.782940	0.969674	-4.102892	19.634000
0.793407	0.969674	-4.111541	19.734000
0.804053	0.973873	-4.101055	19.834000
0.814373	0.975237	-4.085254	19.934000
0.824876	0.975211	-4.086538	20.034000
0.835123	0.977518	-4.090346	20.134000
0.846214	0.970041	-4.099501	20.234000
0.857201	0.967211	-4.112265	20.334000
0.868191	0.964358	-4.101014	20.434000
0.878658	0.970812	-4.075747	20.534000
0.889332	0.978834	-4.082545	20.635000
0.899938	0.979847	-4.109744	20.734000
0.910712	0.975341	-4.117217	20.834000
0.921817	0.970676	-4.107359	20.934000
0.932416	0.975444	-4.102187	21.034000
0.943182	0.974561	-4.123604	21.135000
0.953758	0.966962	-4.143897	21.234000
0.964519	0.964572	-4.118760	21.334000
0.975750	0.968179	-4.097292	21.434000
0.986590	0.975703	-4.093105	21.534000
0.997306	0.976784	-4.084264	21.635000
1.008137	0.974957	-4.070360	21.734000
1.019141	0.969336	-4.079937	21.834000
1.029668	0.966669	-4.093669	21.934000
1.040954	0.973522	-4.104851	22.034000
1.052024	0.975982	-4.125632	22.135000
1.062489	0.972432	-4.123067	22.234000
1.073525	0.966969	-4.110705	22.334000
1.084608	0.969583	-4.117087	22.434000
1.095113	0.973740	-4.136998	22.534000
1.106055	0.978844	-4.128726	22.634000
1.117016	0.979339	-4.118311	22.734000
1.128274	0.980696	-4.113230	22.834000
1.139013	0.984550	-4.117452	22.934000
1.149626	0.983683	-4.128764	23.034000
1.161025	0.984265	-4.136305	23.134000
1.172181	0.982628	-4.124788	23.234000
1.183346	0.975748	-4.109152	23.334000
1.193221	0.974154	-4.105094	23.434000
1.204477	0.980974	-4.114208	23.534000
1.215705	0.982514	-4.105961	23.634000
1.225553	0.981142	-4.079873	23.734000
1.237406	0.979808	-4.054923	23.834000
1.247618	0.978563	-4.047520	23.934000
1.258729	0.974115	-4.069945	24.034000
1.269641	0.975570	-4.074778	24.134000
1.280240	0.978922	-4.098100	24.234000
1.291244	0.975026	-4.098005	24.334000
1.302037	0.971225	-4.078783	24.434000
1.312911	0.974424	-4.057719	24.534000
1.323917	0.978653	-4.073539	24.634000
1.335034	0.980527	-4.098809	24.734000
1.345811	0.978943	-4.115047	24.834000
1.357558	0.970306	-4.119895	24.934000
1.367331	0.963056	-4.105620	25.034000
1.378470	0.963778	-4.093535	25.134000
1.389475	0.968343	-4.105682	25.234000
1.401646	0.975935	-4.126898	25.334000
1.412463	0.979749	-4.130557	25.434000
1.423534	0.980810	-4.122319	25.534000
1.434316	0.981080	-4.086480	25.634000
1.445657	0.980727	-4.055335	25.734000
1.456594	0.976401	-4.042255	25.834000
1.467537	0.970064	-4.054746	25.934000
1.478979	0.972145	-4.075109	26.034000
1.490200	0.982275	-4.088467	26.134000
1.501079	0.983036	-4.098607	26.234000
1.512311	0.979079	-4.111429	26.335000
1.523251	0.973803	-4.108473	26.434000
1.534315	0.969396	-4.089888	26.534000
1.545335	0.970537	-4.072788	26.634000
1.556615	0.968723	-4.064786	26.734000
1.567765	0.964966	-4.064758	26.834000
1.578246	0.964130	-4.078768	26.934000
1.589209	0.967576	-4.096909	27.034000
1.601145	0.970480	-4.102178	27.134000
1.611999	0.971623	-4.091358	27.234000
1.623433	0.971734	-4.099344	27.334000
1.634644	0.976913	-4.109275	27.434000
1.646008	0.980155	-4.117329	27.534000
1.656681	0.976953	-4.137434	27.634000
1.668252	0.965954	-4.153287	27.734000
1.679045	0.959117	-4.133145	27.834000
1.690557	0.958923	-4.119818	27.934000
1.701557	0.959892	-4.125759	28.034000
1.712705	0.958827	-4.124105	28.134000
1.723977	0.960142	-4.105202	28.234000
1.735036	0.969351	-4.107695	28.335000
1.745997	0.975777	-4.113772	28.434000
1.756189	0.976220	-4.110672	28.534000
1.768465	0.981216	-4.089871	28.634000
1.780304	0.980378	-4.080964	28.734000
1.790557	0.979058	-4.084384	28.834000
1.801444	0.979489	-4.096857	28.934000
1.811976	0.973009	-4.098968	29.034000
1.825069	0.970718	-4.090788	29.134000
1.835325	0.969708	-4.090094	29.235000
1.846441	0.964443	-4.098449	29.335000
1.857146	0.958982	-4.097206	29.434000
1.868790	0.957605	-4.092036	29.534000
1.879481	0.958906	-4.073802	29.634000
1.890538	0.964009	-4.067899	29.734000
1.902369	0.970829	-4.078360	29.835000
1.913565	0.971049	-4.102070	29.934000
1.924692	0.973864	-4.107581	30.034000
1.936174	0.975242	-4.100771	30.134000
1.947522	0.975177	-4.081768	30.234000
1.958326	0.976404	-4.084954	30.335000
1.969976	0.967569	-4.106792	30.434000
1.981310	0.961332	-4.112625	30.534000
1.992375	0.969570	-4.108557	30.634000
2.004302	0.971061	-4.110647	30.735000
2.016316	0.971774	-4.107256	30.834000
2.026593	0.966912	-4.095088	30.934000
2.037235	0.970643	-4.105331	31.034000
2.047193	0.973845	-4.112347	31.134000
2.061963	0.971842	-4.125142	31.234000
2.074319	0.963239	-4.119809	31.334000
2.085443	0.962109	-4.102316	31.434000
2.096014	0.966204	-4.098005	31.534000
2.103637	0.968769	-4.114667	31.634000
2.118749	0.968244	-4.117957	31.734000
2.128086	0.968801	-4.106280	31.834000
2.139215	0.970708	-4.079687	31.934000
2.151121	0.972379	-4.058360	32.034000
2.162841	0.974060	-4.073028	32.134000
2.173505	0.971552	-4.091265	32.234000
2.184688	0.969397	-4.074634	32.334000
2.195485	0.971114	-4.058381	32.434000
2.207148	0.971519	-4.069405	32.534000
2.218613	0.972298	-4.093908	32.634000
2.229355	0.975455	-4.112778	32.734000
2.241154	0.977803	-4.111819	32.834000
2.252476	0.975501	-4.108520	32.934000
2.264420	0.969777	-4.108822	33.034000
2.275617	0.973700	-4.119065	33.134000
2.287095	0.977680	-4.118610	33.234000
2.298321	0.976877	-4.111528	33.335000
2.309739	0.973856	-4.116686	33.434000
2.320521	0.973251	-4.126965	33.534000
2.332240	0.967907	-4.123157	33.635000
2.342877	0.968061	-4.115897	33.734000
2.354512	0.974054	-4.118500	33.834000
2.365442	0.978338	-4.112718	33.934000
2.377888	0.974554	-4.111018	34.034000
2.389026	0.963286	-4.108385	34.134000
2.400544	0.962244	-4.099831	34.234000
2.411748	0.967997	-4.088141	34.334000
2.421998	0.977333	-4.090527	34.434000
2.433601	0.981219	-4.091850	34.534000
2.444484	0.985444	-4.098237	34.635000
2.456913	0.983577	-4.126802	34.734000
2.468746	0.975496	-4.120006	34.834000
2.482363	0.970819	-4.091349	34.934000
2.488969	0.970965	-4.082164	35.034000
2.505700	0.972054	-4.084714	35.134000
2.511304	0.970487	-4.068062	35.234000
2.524581	0.969748	-4.064760	35.334000
2.540531	0.973261	-4.074679	35.434000
2.552009	0.973441	-4.076499	35.534000
2.562738	0.976226	-4.084101	35.634000
2.574550	0.968819	-4.101544	35.734000
2.585287	0.965933	-4.098082	35.834000
2.596342	0.968630	-4.108055	35.934000
2.607396	0.964748	-4.103403	36.035000
2.616383	0.961031	-4.104522	36.134000
2.624983	0.961933	-4.114377	36.234000
2.634833	0.960884	-4.103760	36.334000
2.646982	0.956278	-4.101170	36.434000
2.660607	0.949667	-4.096716	36.534000
2.672434	0.951555	-4.107658	36.634000
2.685702	0.949965	-4.105926	36.734000
2.698323	0.957264	-4.090981	36.834000
2.710068	0.964714	-4.076006	36.934000
2.721461	0.967142	-4.067954	37.034000
2.732490	0.969805	-4.076994	37.134000
2.741266	0.974260	-4.084939	37.234000
2.750044	0.979781	-4.093787	37.334000
2.760204	0.973614	-4.111919	37.434000
2.772292	0.968733	-4.115575	37.535000
2.785831	0.962506	-4.122856	37.634000
2.799766	0.962856	-4.122652	37.735000
2.811563	0.967996	-4.133793	37.834000
2.820000	0.965420	-4.136646	37.934000
2.829084	0.960688	-4.119948	38.034000
2.839636	0.958721	-4.104949	38.134000
2.851695	0.958059	-4.091537	38.234000
2.865204	0.956893	-4.093067	38.335000
2.878015	0.960568	-4.101051	38.434000
2.890112	0.967622	-4.101932	38.534000
2.899827	0.971295	-4.094551	38.634000
2.908136	0.969631	-4.105157	38.734000
2.921597	0.971049	-4.099790	38.834000
2.935527	0.981195	-4.088664	38.934000
2.944251	0.982268	-4.085781	39.034000
2.953680	0.976124	-4.079972	39.134000
2.967047	0.978447	-4.078360	39.235000
2.980676	0.973943	-4.096435	39.334000
2.988623	0.965075	-4.110100	39.434000
3.004183	0.967488	-4.117980	39.534000
3.012904	0.971496	-4.102189	39.635000
3.022991	0.974853	-4.078873	39.734000
3.034115	0.974437	-4.079827	39.834000
3.045885	0.966739	-4.100346	39.934000
3.056964	0.961886	-4.106961	40.034000
3.068497	0.956879	-4.101787	40.134000
3.080348	0.958521	-4.081523	40.235000
3.094434	0.963322	-4.060560	40.334000
3.107260	0.970191	-4.059151	40.434000
3.116371	0.974304	-4.081083	40.535000
3.126058	0.980059	-4.095208	40.635000
3.138011	0.985239	-4.101607	40.735000
3.151189	0.984349	-4.105396	40.834000
3.163845	0.980144	-4.116388	40.934000
3.175655	0.976773	-4.111347	41.034000
3.187101	0.977292	-4.091191	41.135000
3.198097	0.974937	-4.071029	41.234000
3.208650	0.973918	-4.075655	41.334000
3.219503	0.976612	-4.078831	41.434000
3.231961	0.980352	-4.085661	41.534000
3.242877	0.975506	-4.074262	41.634000
3.253543	0.976235	-4.093237	41.734000
3.264264	0.978323	-4.135622	41.834000
3.275080	0.970207	-4.128449	41.935000
3.286084	0.968431	-4.112319	42.034000
3.298362	0.974343	-4.098049	42.135000
3.311307	0.971145	-4.115784	42.234000
3.322799	0.965506	-4.136578	42.334000
3.331922	0.962993	-4.129445	42.434000
3.343640	0.959985	-4.121722	42.534000
3.357038	0.958675	-4.111180	42.634000
3.365253	0.968379	-4.112983	42.734000
3.379298	0.977793	-4.123820	42.834000
3.388319	0.980586	-4.113828	42.934000
3.400693	0.977866	-4.105803	43.035000
3.411905	0.975187	-4.096608	43.134000
3.424856	0.974993	-4.096928	43.234000
3.434290	0.976731	-4.115366	43.334000
3.447701	0.974746	-4.131385	43.434000
3.456494	0.966678	-4.119695	43.534000
3.469163	0.967139	-4.092911	43.634000
3.481211	0.970505	-4.087118	43.735000
3.491953	0.969164	-4.094622	43.835000
3.502832	0.970058	-4.102989	43.934000
3.514549	0.968756	-4.117773	44.034000
3.526488	0.962874	-4.122796	44.134000
3.537248	0.959546	-4.119809	44.234000
3.549075	0.962952	-4.123154	44.334000
3.560299	0.960281	-4.128233	44.434000
3.571806	0.961582	-4.120780	44.534000
3.583369	0.965389	-4.111520	44.634000
3.594264	0.967563	-4.111650	44.734000
3.605663	0.966663	-4.126535	44.834000
3.617462	0.960241	-4.104395	44.934000
3.629115	0.959439	-4.092034	45.034000
3.640373	0.963296	-4.091854	45.134000
3.651517	0.970465	-4.096708	45.234000
3.662684	0.969543	-4.094815	45.334000
3.674784	0.968377	-4.103282	45.434000
3.685593	0.965586	-4.120328	45.534000
3.697460	0.965821	-4.135968	45.634000
3.708650	0.965791	-4.134209	45.734000
3.719568	0.963990	-4.113403	45.834000
3.731370	0.968090	-4.099563	45.934000
3.743191	0.968344	-4.104684	46.034000
3.754373	0.965837	-4.106924	46.134000
3.765455	0.966090	-4.107740	46.234000
3.776932	0.960859	-4.113668	46.334000
3.788622	0.951112	-4.118529	46.434000
3.799771	0.949062	-4.100024	46.535000
3.810923	0.962018	-4.081815	46.634000
3.822059	0.970396	-4.087107	46.734000
3.833563	0.969638	-4.088973	46.834000
3.844915	0.964904	-4.083748	46.934000
3.855908	0.965237	-4.088707	47.034000
3.867008	0.962491	-4.070130	47.134000
3.878647	0.966428	-4.066221	47.234000
3.889883	0.972016	-4.065339	47.334000
3.900981	0.972639	-4.091175	47.434000
3.912599	0.964823	-4.109271	47.534000
3.923311	0.955211	-4.105841	47.634000
3.935512	0.947555	-4.102469	47.734000
3.947379	0.947649	-4.111908	47.834000
3.958649	0.952142	-4.121720	47.935000
3.969424	0.955781	-4.106678	48.035000
3.981346	0.955049	-4.094049	48.134000
3.992215	0.960724	-4.089112	48.234000
4.003014	0.971696	-4.098773	48.334000
4.014768	0.976445	-4.119563	48.434000
4.028354	0.975220	-4.111702	48.534000
4.036690	0.972492	-4.097437	48.634000
4.049189	0.962877	-4.097680	48.734000
4.062453	0.957929	-4.109147	48.834000
4.070688	0.958351	-4.119600	48.935000
4.083636	0.968904	-4.122485	49.034000
4.096308	0.979482	-4.119571	49.134000
4.105558	0.980837	-4.123301	49.235000
4.118501	0.975617	-4.114583	49.334000
4.126650	0.970523	-4.097210	49.435000
4.139945	0.965775	-4.091723	49.534000
4.154268	0.961657	-4.080548	49.634000
4.164693	0.962238	-4.059631	49.735000
4.172289	0.967021	-4.058169	49.834000
4.183242	0.967256	-4.073858	49.935000
4.195128	0.964731	-4.078667	50.035000
4.206856	0.961229	-4.079113	50.134000
4.218061	0.961954	-4.081354	50.234000
4.229499	0.965967	-4.093797	50.334000
4.240471	0.963632	-4.101134	50.434000
4.251373	0.961566	-4.077023	50.534000
4.263697	0.962800	-4.064308	50.634000
4.276676	0.967829	-4.065875	50.734000
4.290460	0.970990	-4.082999	50.834000
4.301541	0.968525	-4.079770	50.934000
4.310628	0.969180	-4.071783	51.034000
4.320023	0.968527	-4.068446	51.134000
4.332266	0.972464	-4.092057	51.235000
4.345665	0.971433	-4.085460	51.334000
4.354098	0.972495	-4.067332	51.434000
4.366085	0.969872	-4.076347	51.534000
4.379645	0.966741	-4.080389	51.635000
4.387044	0.959777	-4.083601	51.734000
4.401534	0.960769	-4.084451	51.834000
4.409819	0.955202	-4.107223	51.934000
4.423830	0.953006	-4.115981	52.034000
4.432928	0.955461	-4.112844	52.134000
4.445792	0.956829	-4.107323	52.234000
4.456531	0.952930	-4.100500	52.334000
4.467238	0.956796	-4.084927	52.435000
4.480052	0.960550	-4.085983	52.534000
4.491688	0.963180	-4.097969	52.634000
4.502496	0.962513	-4.111497	52.734000
4.513399	0.960275	-4.119907	52.834000
4.524031	0.955904	-4.097703	52.934000
4.534834	0.955034	-4.093730	53.034000
4.546138	0.956485	-4.094673	53.134000
4.557848	0.960364	-4.084122	53.234000
4.569159	0.952563	-4.067251	53.335000
4.581071	0.949774	-4.073032	53.434000
4.592656	0.951843	-4.072484	53.534000
4.603461	0.952237	-4.073665	53.634000
4.614391	0.952323	-4.092435	53.735000
4.626234	0.961131	-4.114013	53.834000
4.636321	0.974018	-4.113300	53.934000
4.648675	0.980875	-4.090599	54.034000
4.659415	0.973732	-4.084586	54.134000
4.671364	0.961179	-4.081265	54.234000
4.682214	0.957236	-4.082402	54.334000
4.693215	0.961083	-4.092713	54.434000
4.704664	0.963143	-4.086869	54.534000
4.716071	0.959543	-4.101908	54.634000
4.727573	0.964733	-4.097231	54.734000
4.738512	0.967182	-4.097745	54.834000
4.749999	0.964547	-4.106723	54.935000
4.760809	0.968646	-4.104744	55.034000
4.772181	0.969301	-4.103222	55.134000
4.783874	0.968599	-4.116774	55.234000
4.794874	0.959071	-4.123595	55.334000
4.806535	0.952404	-4.135195	55.434000
4.817553	0.950009	-4.124886	55.535000
4.828513	0.955124	-4.110804	55.634000
4.839765	0.959407	-4.110009	55.734000
4.850809	0.959938	-4.099720	55.834000
4.861828	0.963832	-4.093526	55.934000
4.873203	0.968333	-4.110896	56.034000
4.884148	0.966698	-4.121736	56.135000
4.895360	0.963223	-4.110685	56.235000
4.906920	0.964745	-4.107961	56.334000
4.917895	0.962695	-4.091701	56.434000
4.928983	0.964163	-4.083745	56.534000
4.940483	0.966856	-4.081301	56.634000
4.951163	0.966295	-4.079014	56.734000
4.962500	0.961973	-4.079284	56.834000
4.974129	0.963810	-4.077910	56.934000
4.985270	0.964462	-4.076845	57.034000
4.996800	0.957642	-4.085424	57.134000
5.007959	0.961764	-4.089426	57.234000
5.018646	0.969083	-4.091625	57.334000
5.029945	0.974214	-4.099333	57.434000
5.041147	0.969286	-4.104751	57.535000
5.052711	0.969583	-4.082146	57.634000
5.063624	0.971074	-4.059235	57.734000
5.074937	0.967586	-4.066739	57.834000
5.085985	0.966230	-4.096534	57.934000
5.098126	0.964317	-4.110664	58.034000
5.108652	0.963983	-4.115537	58.134000
5.119386	0.962054	-4.105692	58.234000
5.131605	0.961287	-4.104301	58.334000
5.142450	0.961474	-4.113814	58.434000
5.152716	0.961969	-4.107139	58.534000
5.165517	0.964999	-4.096440	58.635000
5.175438	0.964657	-4.114451	58.735000
5.187195	0.961439	-4.131869	58.835000
5.199007	0.964670	-4.150041	58.935000
5.209557	0.969640	-4.150742	59.034000
5.220277	0.972364	-4.126636	59.134000
5.232098	0.966243	-4.101968	59.234000
5.243056	0.961269	-4.095185	59.334000
5.254223	0.961171	-4.093963	59.434000
5.264698	0.964182	-4.092956	59.535000
5.276056	0.962831	-4.094731	59.634000
5.288088	0.958938	-4.094559	59.734000
5.298496	0.956713	-4.086496	59.835000
5.310256	0.960494	-4.092520	59.934000
5.320884	0.966102	-4.103746	60.034000
5.331603	0.964812	-4.107387	60.135000
5.333310	0.965752	-4.096297	60.234000
5.332560	0.965378	-4.096663	60.334000
5.328230	0.960794	-4.102148	60.435000
5.325254	0.967569	-4.090930	60.534000
5.320099	0.971792	-4.079314	60.634000
5.314320	0.973598	-4.083147	60.734000
5.308788	0.974366	-4.079786	60.834000
5.302994	0.969792	-4.071298	60.934000
5.296522	0.959481	-4.093745	61.034000
5.289596	0.959197	-4.096465	61.134000
5.282813	0.960985	-4.085417	61.234000
5.275578	0.961612	-4.079650	61.334000
5.268606	0.966733	-4.087722	61.434000
5.260505	0.970638	-4.098074	61.534000
5.253534	0.974360	-4.095532	61.634000
5.245267	0.976265	-4.092305	61.734000
5.237178	0.975082	-4.091408	61.834000
5.229605	0.970545	-4.094188	61.934000
5.221529	0.966421	-4.109051	62.034000
5.213211	0.962830	-4.108408	62.134000
5.204301	0.965702	-4.097361	62.234000
5.197117	0.969060	-4.086812	62.334000
5.187808	0.967250	-4.098409	62.434000
5.178738	0.972489	-4.095389	62.534000
5.171900	0.972083	-4.106766	62.634000
5.161207	0.968256	-4.118653	62.734000
5.154953	0.965823	-4.109676	62.834000
5.144746	0.963380	-4.106031	62.934000
5.134163	0.961692	-4.111667	63.034000
5.126357	0.964175	-4.107314	63.134000
5.119237	0.968065	-4.103093	63.234000
5.110312	0.969067	-4.095590	63.334000
5.100483	0.967491	-4.095018	63.434000
5.091741	0.958200	-4.109985	63.534000
5.082852	0.951124	-4.110612	63.635000
5.073795	0.962407	-4.102079	63.734000
5.064558	0.972841	-4.082518	63.834000
5.055705	0.972201	-4.081586	63.934000
5.046239	0.967859	-4.081939	64.034000
5.037047	0.964312	-4.083765	64.135000
5.027862	0.960648	-4.108139	64.234000
5.016472	0.958549	-4.104095	64.334000
5.006538	0.964222	-4.088519	64.434000
4.998651	0.962417	-4.070753	64.534000
4.990206	0.956970	-4.075637	64.634000
4.978915	0.953621	-4.079140	64.734000
4.968878	0.959747	-4.077477	64.834000
4.961494	0.968977	-4.077433	64.934000
4.952973	0.970406	-4.072471	65.034000
4.940437	0.970675	-4.061283	65.134000
4.932559	0.967031	-4.062652	65.234000
4.924189	0.964775	-4.063165	65.334000
4.912822	0.970581	-4.063397	65.434000
4.901890	0.970349	-4.068509	65.534000
4.894149	0.964820	-4.085415	65.635000
4.883963	0.965179	-4.101431	65.734000
4.873110	0.968036	-4.106676	65.834000
4.865536	0.968022	-4.096072	65.934000
4.854048	0.964379	-4.099590	66.034000
4.845083	0.960050	-4.097564	66.134000
4.835683	0.960565	-4.092590	66.234000
4.823752	0.959095	-4.094541	66.334000
4.816618	0.961778	-4.091826	66.434000
4.804704	0.961320	-4.095895	66.534000
4.796132	0.964433	-4.104626	66.634000
4.786658	0.971949	-4.121094	66.734000
4.775668	0.975950	-4.117115	66.834000
4.766204	0.974784	-4.089671	66.934000
4.757028	0.976054	-4.089940	67.034000
4.745966	0.969627	-4.104218	67.134000
4.735963	0.965814	-4.097302	67.234000
4.726099	0.966883	-4.091613	67.334000
4.716393	0.966521	-4.065081	67.434000
4.706133	0.965374	-4.055814	67.534000
4.696513	0.957819	-4.058176	67.634000
4.686443	0.963410	-4.083812	67.734000
4.676541	0.965373	-4.100232	67.834000
4.666602	0.967535	-4.104071	67.934000
4.656341	0.968492	-4.121763	68.034000
4.645712	0.965176	-4.129491	68.134000
4.636398	0.965570	-4.117088	68.234000
4.626257	0.964097	-4.112431	68.334000
4.615760	0.964112	-4.123575	68.434000
4.606279	0.962594	-4.120608	68.534000
4.595878	0.965899	-4.093922	68.634000
4.585691	0.968586	-4.063313	68.734000
4.576218	0.966316	-4.076635	68.834000
4.565915	0.959624	-4.082649	68.934000
4.555597	0.957570	-4.087495	69.034000
4.545474	0.958774	-4.076994	69.134000
4.535712	0.958043	-4.074961	69.235000
4.525593	0.951316	-4.093923	69.334000
4.515113	0.951768	-4.115970	69.434000
4.505146	0.955499	-4.116057	69.534000
4.494908	0.962459	-4.095921	69.634000
4.484226	0.966277	-4.103748	69.734000
4.474509	0.969280	-4.123268	69.834000
4.464133	0.968882	-4.129109	69.934000
4.453547	0.969425	-4.131187	70.034000
4.443077	0.969621	-4.125564	70.134000
4.433922	0.973509	-4.126357	70.234000
4.420557	0.973719	-4.119734	70.334000
4.413721	0.970763	-4.104553	70.434000
4.401284	0.966040	-4.100444	70.535000
4.391033	0.959334	-4.113018	70.634000
4.381360	0.957623	-4.130439	70.735000
4.372678	0.953708	-4.120672	70.834000
4.360214	0.954151	-4.093927	70.934000
4.347855	0.959205	-4.080297	71.034000
4.336772	0.959959	-4.090110	71.134000
4.326407	0.962214	-4.096719	71.234000
4.316456	0.967110	-4.095114	71.334000
4.306061	0.969437	-4.092308	71.434000
4.295480	0.966658	-4.090086	71.534000
4.286161	0.965019	-4.074632	71.634000
4.274721	0.964562	-4.066345	71.737000
4.263683	0.963470	-4.083187	71.834000
4.253056	0.960558	-4.084777	71.934000
4.243511	0.960768	-4.077797	72.034000
4.233084	0.961883	-4.069890	72.134000
4.223122	0.962132	-4.063918	72.235000
4.214351	0.969240	-4.068449	72.334000
4.203843	0.972902	-4.086914	72.434000
4.190527	0.971828	-4.096300	72.534000
4.181163	0.972282	-4.089671	72.635000
4.172230	0.968591	-4.086656	72.734000
4.158579	0.964130	-4.095182	72.834000
4.149233	0.965181	-4.112647	72.934000
4.139868	0.965736	-4.133321	73.034000
4.128429	0.964503	-4.130804	73.135000
4.117831	0.971417	-4.119343	73.234000
4.106921	0.974537	-4.123805	73.334000
4.096529	0.976329	-4.133282	73.434000
4.086277	0.975216	-4.108783	73.534000
4.075540	0.971781	-4.110686	73.634000
4.065667	0.960513	-4.115257	73.734000
4.054383	0.959841	-4.122154	73.834000
4.045103	0.963688	-4.123659	73.934000
4.032924	0.968701	-4.114394	74.034000
4.023640	0.970858	-4.105479	74.134000
4.012074	0.975327	-4.103695	74.234000
4.001400	0.979035	-4.099800	74.334000
3.990811	0.979913	-4.092479	74.434000
3.980088	0.973454	-4.102758	74.535000
3.969204	0.972917	-4.101592	74.634000
3.958910	0.975155	-4.096851	74.734000
3.947982	0.971437	-4.101735	74.834000
3.937223	0.964061	-4.119159	74.934000
3.926264	0.956862	-4.119941	75.034000
3.915461	0.959025	-4.120487	75.135000
3.905061	0.959270	-4.114672	75.234000
3.894087	0.959599	-4.105723	75.334000
3.883198	0.965101	-4.089892	75.434000
3.872341	0.966727	-4.075977	75.534000
3.861290	0.974156	-4.083283	75.635000
3.851036	0.983187	-4.103368	75.734000
3.840059	0.985156	-4.103076	75.834000
3.829275	0.973257	-4.097260	75.934000
3.817959	0.968712	-4.084689	76.034000
3.807137	0.968452	-4.072333	76.134000
3.796845	0.962457	-4.068467	76.234000
3.785943	0.953096	-4.085522	76.334000
3.774309	0.950238	-4.111636	76.434000
3.763956	0.955676	-4.103796	76.534000
3.753043	0.961147	-4.084644	76.634000
3.741827	0.956384	-4.109046	76.734000
3.731200	0.946986	-4.124699	76.834000
3.720731	0.951778	-4.099663	76.934000
3.709353	0.959862	-4.088472	77.034000
3.698360	0.962123	-4.097007	77.134000
3.687791	0.968283	-4.119944	77.235000
3.676265	0.968243	-4.133780	77.334000
3.666024	0.963867	-4.126870	77.434000
3.655275	0.961636	-4.107679	77.534000
3.643407	0.962293	-4.088815	77.634000
3.633007	0.966897	-4.093208	77.734000
3.622851	0.972145	-4.095805	77.834000
3.610993	0.972366	-4.097684	77.934000
3.600553	0.973727	-4.098020	78.034000
3.589575	0.969693	-4.079424	78.134000
3.579390	0.966934	-4.066831	78.235000
3.567628	0.972844	-4.075357	78.334000
3.557204	0.982650	-4.087090	78.434000
3.545937	0.989922	-4.085460	78.534000
3.535664	0.983735	-4.076757	78.634000
3.524341	0.977999	-4.086187	78.734000
3.513487	0.973842	-4.083099	78.835000
3.501534	0.970211	-4.082458	78.934000
3.491083	0.971222	-4.079916	79.034000
3.480292	0.964441	-4.069501	79.135000
3.468786	0.959296	-4.079118	79.234000
3.458354	0.961489	-4.079724	79.334000
3.447054	0.972972	-4.090602	79.434000
3.435914	0.979984	-4.116277	79.534000
3.425010	0.979257	-4.143527	79.634000
3.413687	0.972460	-4.153573	79.734000
3.402627	0.969785	-4.151344	79.834000
3.391732	0.972597	-4.146019	79.934000
3.380658	0.974248	-4.143289	80.034000
3.369385	0.979817	-4.110959	80.134000
3.358101	0.980665	-4.092076	80.234000
3.347448	0.981097	-4.090558	80.334000
3.336004	0.978316	-4.106633	80.434000
3.325119	0.975609	-4.115168	80.535000
3.313840	0.976647	-4.115592	80.635000
3.302672	0.970597	-4.135908	80.734000
3.291676	0.964292	-4.130966	80.834000
3.280853	0.959240	-4.123349	80.934000
3.269371	0.950866	-4.114264	81.034000
3.258498	0.946802	-4.092581	81.134000
3.246760	0.945819	-4.082496	81.234000
3.235904	0.946140	-4.085777	81.335000
3.224282	0.951898	-4.100754	81.434000
3.214222	0.958152	-4.115139	81.534000
3.203072	0.966476	-4.116174	81.634000
3.191119	0.972400	-4.099071	81.734000
3.180040	0.973766	-4.086812	81.834000
3.169044	0.976586	-4.083004	81.934000
3.157709	0.973775	-4.094700	82.034000
3.146634	0.967033	-4.096630	82.134000
3.135550	0.970217	-4.086929	82.234000
3.125225	0.969988	-4.085154	82.334000
3.113921	0.967212	-4.073995	82.434000
3.103163	0.971097	-4.069273	82.534000
3.092291	0.969597	-4.073636	82.634000
3.080279	0.971718	-4.071642	82.734000
3.069563	0.974697	-4.081901	82.834000
3.057677	0.974087	-4.082727	82.934000
3.047768	0.970537	-4.094800	83.034000
3.035395	0.969112	-4.095820	83.134000
3.024909	0.966854	-4.101355	83.235000
3.013663	0.967942	-4.100657	83.334000
3.002119	0.968062	-4.108739	83.434000
2.991447	0.968250	-4.103865	83.534000
2.980335	0.975180	-4.110387	83.634000
2.969010	0.973329	-4.119571	83.734000
2.957809	0.969284	-4.116399	83.834000
2.946772	0.969265	-4.089727	83.934000
2.935438	0.970041	-4.079308	84.034000
2.924273	0.968347	-4.118153	84.134000
2.912845	0.968793	-4.120615	84.234000
2.901604	0.969575	-4.107191	84.334000
2.890656	0.969772	-4.126694	84.434000
2.879306	0.965328	-4.147371	84.534000
2.867875	0.966036	-4.154695	84.634000
2.857011	0.968130	-4.129984	84.735000
2.844683	0.970112	-4.096259	84.834000
2.834882	0.969018	-4.096780	84.934000
2.824109	0.974192	-4.109521	85.034000
2.811977	0.975870	-4.109423	85.134000
2.798451	0.972781	-4.101110	85.234000
2.787397	0.969162	-4.092275	85.334000
2.778438	0.962356	-4.097437	85.434000
2.766953	0.956700	-4.107260	85.535000
2.754695	0.953451	-4.110020	85.634000
2.743379	0.953651	-4.091750	85.734000
2.732617	0.960734	-4.090219	85.835000
2.721494	0.966189	-4.111793	85.934000
2.709686	0.965927	-4.110846	86.034000
2.698690	0.966645	-4.099606	86.134000
2.687145	0.975258	-4.082435	86.234000
2.676157	0.976486	-4.085523	86.335000
2.664229	0.968203	-4.095052	86.435000
2.652863	0.963987	-4.092745	86.534000
2.642169	0.961771	-4.070056	86.634000
2.629809	0.964668	-4.058944	86.735000
2.619167	0.968358	-4.083911	86.834000
2.605056	0.967427	-4.103890	86.934000
2.594045	0.971270	-4.115317	87.034000
2.586426	0.975859	-4.106196	87.134000
2.572406	0.974723	-4.115393	87.235000
2.562353	0.970021	-4.106774	87.334000
2.551577	0.974043	-4.121852	87.434000
2.539685	0.969449	-4.106979	87.534000
2.528269	0.969246	-4.087497	87.634000
2.516964	0.971398	-4.082754	87.734000
2.505383	0.969223	-4.089815	87.834000
2.494036	0.964544	-4.089562	87.934000
2.482491	0.960745	-4.077035	88.034000
2.471543	0.965816	-4.069918	88.134000
2.460274	0.972189	-4.074448	88.234000
2.449096	0.972945	-4.086400	88.334000
2.436605	0.967437	-4.084440	88.434000
2.426055	0.964721	-4.080927	88.534000
2.414393	0.960934	-4.066592	88.635000
2.403686	0.964516	-4.058670	88.735000
2.390595	0.974703	-4.059921	88.834000
2.380799	0.970767	-4.074249	88.934000
2.369118	0.957474	-4.087101	89.034000
2.357706	0.954250	-4.084804	89.135000
2.346118	0.958773	-4.076023	89.234000
2.335078	0.965712	-4.065451	89.334000
2.322146	0.971640	-4.081530	89.435000
2.311897	0.973278	-4.097437	89.534000
2.299344	0.970199	-4.093094	89.635000
2.288411	0.971393	-4.098579	89.734000
2.276868	0.970427	-4.104771	89.834000
2.265349	0.963702	-4.107058	89.934000
2.253941	0.965573	-4.084759	90.034000
2.242563	0.977632	-4.081826	90.134000
2.231102	0.980652	-4.074427	90.235000
2.218584	0.976836	-4.061456	90.334000
2.207469	0.970524	-4.074314	90.434000
2.196845	0.964818	-4.082347	90.534000
2.185046	0.965524	-4.075201	90.634000
2.173738	0.969571	-4.068270	90.734000
2.162434	0.977991	-4.087140	90.834000
2.150296	0.975671	-4.102800	90.934000
2.139199	0.973695	-4.099457	91.034000
2.127327	0.975126	-4.094986	91.134000
2.116272	0.975828	-4.088560	91.234000
2.104639	0.973445	-4.083373	91.334000
2.093573	0.970640	-4.103520	91.434000
2.082228	0.974007	-4.130287	91.534000
2.070798	0.974147	-4.120827	91.634000
2.059540	0.977412	-4.103127	91.734000
2.047806	0.980808	-4.105367	91.834000
2.036879	0.977117	-4.121191	91.934000
2.025251	0.973833	-4.136688	92.034000
2.013553	0.976830	-4.135117	92.134000
2.002266	0.978772	-4.135774	92.234000
1.991780	0.973446	-4.133502	92.334000
1.978818	0.967718	-4.117247	92.434000
1.967206	0.964680	-4.115774	92.534000
1.956568	0.960609	-4.112398	92.635000
1.944368	0.963394	-4.092975	92.734000
1.933305	0.962262	-4.076450	92.834000
1.922012	0.964769	-4.069441	92.934000
1.910549	0.965933	-4.073695	93.034000
1.898987	0.965175	-4.089386	93.134000
1.887240	0.958877	-4.114033	93.235000
1.875465	0.956272	-4.099511	93.335000
1.864007	0.960498	-4.089772	93.434000
1.852978	0.962547	-4.085000	93.534000
1.840644	0.970788	-4.079775	93.635000
1.829079	0.971555	-4.078217	93.734000
1.817963	0.973005	-4.095825	93.834000
1.807080	0.971719	-4.099451	93.934000
1.795340	0.969620	-4.092165	94.034000
1.784026	0.970385	-4.092152	94.134000
1.772170	0.973863	-4.076489	94.234000
1.760648	0.982841	-4.078894	94.334000
1.748791	0.985514	-4.085100	94.434000
1.737337	0.981924	-4.075071	94.534000
1.725729	0.980908	-4.087296	94.635000
1.714309	0.981702	-4.116721	94.734000
1.702741	0.982873	-4.133357	94.834000
1.691286	0.973715	-4.129662	94.934000
1.679038	0.962453	-4.113309	95.035000
1.667791	0.961646	-4.086124	95.134000
1.656343	0.968176	-4.076707	95.234000
1.644711	0.970056	-4.099352	95.334000
1.633171	0.967427	-4.096903	95.434000
1.621195	0.967804	-4.086834	95.535000
1.609658	0.969216	-4.062469	95.634000
1.598214	0.969267	-4.071672	95.734000
1.586807	0.970095	-4.093655	95.834000
1.575398	0.968526	-4.118428	95.935000
1.563592	0.969468	-4.125734	96.034000
1.552151	0.975738	-4.122117	96.134000
1.540667	0.975649	-4.123998	96.234000
1.529132	0.965543	-4.111555	96.334000
1.517711	0.962289	-4.113060	96.434000
1.506087	0.972144	-4.127352	96.535000
1.494659	0.982983	-4.135658	96.634000
1.483530	0.983735	-4.124398	96.734000
1.471870	0.980963	-4.129947	96.834000
1.460217	0.971734	-4.121709	96.934000
1.448941	0.963242	-4.106449	97.034000
1.437600	0.961804	-4.103791	97.134000
1.425464	0.966464	-4.091952	97.234000
1.413934	0.974061	-4.065673	97.334000
1.402505	0.977142	-4.076399	97.434000
1.390874	0.971967	-4.087366	97.534000
1.379644	0.970459	-4.102723	97.634000
1.367577	0.972256	-4.120802	97.735000
1.356037	0.969074	-4.114453	97.834000
1.344057	0.964234	-4.110259	97.935000
1.332649	0.966607	-4.089822	98.034000
1.321010	0.966934	-4.080090	98.134000
1.309552	0.967316	-4.082037	98.234000
1.297524	0.966525	-4.089841	98.334000
1.285723	0.965171	-4.105266	98.434000
1.274334	0.967272	-4.104196	98.534000
1.263032	0.976138	-4.086832	98.634000
1.251351	0.983493	-4.094213	98.735000
1.239772	0.980762	-4.117643	98.834000
1.227892	0.972656	-4.123402	98.934000
1.216163	0.967074	-4.111877	99.034000
1.204608	0.965589	-4.102271	99.134000
1.193077	0.966856	-4.096420	99.234000
1.181453	0.968185	-4.096384	99.334000
1.169807	0.965709	-4.110454	99.434000
1.157741	0.963940	-4.122542	99.534000
1.146046	0.964987	-4.104509	99.634000
1.134317	0.972089	-4.094703	99.734000
1.123154	0.976808	-4.099281	99.834000
1.111651	0.973285	-4.096253	99.934000
1.099554	0.970882	-4.079715	100.034000
1.087515	0.974132	-4.055623	100.134000
1.075837	0.979305	-4.071830	100.234000
1.064353	0.975987	-4.084669	100.334000
1.052884	0.971968	-4.087293	100.434000
1.041362	0.969254	-4.084981	100.534000
1.029746	0.967229	-4.092104	100.634000
1.018255	0.960105	-4.090307	100.734000
1.006457	0.953881	-4.095369	100.835000
0.995208	0.951614	-4.109587	100.934000
0.983652	0.953592	-4.104442	101.034000
0.972006	0.955512	-4.111743	101.134000
0.960638	0.954498	-4.105696	101.234000
0.949139	0.966039	-4.102645	101.334000
0.937573	0.973211	-4.113442	101.435000
0.926284	0.968393	-4.112881	101.534000
0.914697	0.966409	-4.101237	101.635000
0.903182	0.964744	-4.081866	101.734000
0.891121	0.958077	-4.069896	101.834000
0.879489	0.959837	-4.084368	101.934000
0.867566	0.963323	-4.104933	102.034000
0.856050	0.962370	-4.106773	102.134000
0.844671	0.960283	-4.108930	102.234000
0.832910	0.960091	-4.105858	102.334000
0.821191	0.964076	-4.105079	102.435000
0.809530	0.966563	-4.080887	102.534000
0.797977	0.961923	-4.074767	102.634000
0.786326	0.961647	-4.079954	102.734000
0.774795	0.959405	-4.076694	102.834000
0.762970	0.958147	-4.083827	102.934000
0.751328	0.958855	-4.095781	103.034000
0.739475	0.961433	-4.085753	103.134000
0.728044	0.963813	-4.084612	103.234000
0.716424	0.967842	-4.070170	103.335000
0.704659	0.978368	-4.073676	103.434000
0.692780	0.983344	-4.095958	103.534000
0.681091	0.982455	-4.102603	103.634000
0.669402	0.982394	-4.093648	103.734000
0.657901	0.977491	-4.083608	103.834000
0.646458	0.971722	-4.090111	103.934000
0.634506	0.971315	-4.106148	104.034000
0.622842	0.969227	-4.124473	104.134000
0.611282	0.966548	-4.102396	104.234000
0.599654	0.969223	-4.084222	104.334000
0.588479	0.971131	-4.086594	104.434000
0.576858	0.970299	-4.088738	104.535000
0.565093	0.962265	-4.088156	104.634000
0.553043	0.966811	-4.079847	104.734000
0.541589	0.971383	-4.075279	104.834000
0.529962	0.968329	-4.067831	104.935000
0.518342	0.972550	-4.072492	105.034000
0.506858	0.978011	-4.087086	105.134000
0.495257	0.973904	-4.096705	105.235000
0.483711	0.972755	-4.088347	105.334000
0.472023	0.978621	-4.087678	105.434000
0.460606	0.978798	-4.089414	105.534000
0.449071	0.970387	-4.091773	105.634000
0.437515	0.966658	-4.081980	105.734000
0.426305	0.960479	-4.075608	105.834000
0.414703	0.958957	-4.082523	105.934000
0.403055	0.956795	-4.074641	106.034000
0.391834	0.958142	-4.080846	106.134000
0.380180	0.960704	-4.089631	106.234000
0.368479	0.957876	-4.090643	106.335000
0.356665	0.958214	-4.101035	106.434000
0.345012	0.966414	-4.105871	106.534000
0.333343	0.969785	-4.093409	106.634000
0.321809	0.970681	-4.107240	106.734000
0.310449	0.974248	-4.105064	106.834000
0.298402	0.975448	-4.091791	106.934000
0.287031	0.975074	-4.069989	107.034000
0.275474	0.967425	-4.055670	107.134000
0.263986	0.964176	-4.051485	107.234000
0.252549	0.974472	-4.080036	107.334000
0.240962	0.981218	-4.119989	107.434000
0.229010	0.977621	-4.143848	107.534000
0.217468	0.969113	-4.137715	107.634000
0.206068	0.966368	-4.132441	107.735000
0.194486	0.963350	-4.134558	107.834000
0.183163	0.963370	-4.139328	107.934000
0.171435	0.968090	-4.133732	108.034000
0.159345	0.970312	-4.114262	108.135000
0.147748	0.968568	-4.103296	108.235000
0.136015	0.969213	-4.103802	108.334000
0.124909	0.968798	-4.110308	108.434000
0.113215	0.966712	-4.105985	108.534000
0.101280	0.962617	-4.091249	108.634000
0.089766	0.959117	-4.101826	108.734000
0.078168	0.962219	-4.120479	108.834000
0.066527	0.962408	-4.121195	108.934000
0.055211	0.958020	-4.109964	109.034000
0.043608	0.961176	-4.088082	109.135000
0.031775	0.968064	-4.091785	109.234000
0.020247	0.967811	-4.094858	109.334000
0.008593	0.964988	-4.103834	109.434000
-0.002709	0.961027	-4.120998	109.534000
-0.014330	0.965381	-4.129183	109.635000
-0.026016	0.974710	-4.138648	109.735000
-0.037470	0.974892	-4.125424	109.835000
-0.048774	0.969053	-4.119785	109.934000
-0.060243	0.970938	-4.123339	110.034000
-0.071066	0.977458	-4.125213	110.135000
-0.077426	0.973111	-4.128523	110.234000
-0.082052	0.968825	-4.115246	110.334000
-0.085774	0.967201	-4.094746	110.434000
-0.089078	0.960681	-4.097602	110.534000
-0.091918	0.951456	-4.119124	110.634000
-0.094577	0.952908	-4.115727	110.734000
-0.096678	0.960452	-4.109204	110.834000
-0.099016	0.967430	-4.101084	110.934000
-0.100731	0.967070	-4.090072	111.034000
-0.102284	0.969514	-4.096947	111.134000
-0.103938	0.977298	-4.115449	111.234000
-0.105595	0.973327	-4.118674	111.334000
-0.106681	0.972701	-4.108628	111.435000
-0.108214	0.973886	-4.097037	111.535000
-0.109212	0.970801	-4.075952	111.634000
-0.110625	0.970060	-4.066417	111.735000
-0.111478	0.975677	-4.078460	111.835000
-0.112633	0.975481	-4.079799	111.935000
-0.113624	0.971130	-4.088880	112.035000
-0.114422	0.970660	-4.092765	112.134000
-0.115547	0.972237	-4.111810	112.234000
-0.116249	0.973561	-4.140464	112.334000
-0.117234	0.971338	-4.155825	112.434000
-0.117891	0.976083	-4.151827	112.534000
-0.118680	0.979500	-4.134504	112.634000
-0.119346	0.975786	-4.112756	112.735000
-0.120054	0.970001	-4.111701	112.834000
-0.120651	0.965567	-4.107124	112.934000
-0.121396	0.970640	-4.096086	113.034000
-0.122008	0.980874	-4.083405	113.134000
-0.122596	0.983441	-4.089276	113.234000
-0.123269	0.979266	-4.083091	113.334000
-0.123851	0.970349	-4.087234	113.434000
-0.124468	0.969568	-4.102228	113.534000
-0.125000	0.973281	-4.103773	113.634000
-0.125532	0.973522	-4.102585	113.734000
-0.125851	0.970790	-4.108378	113.834000
-0.126401	0.964429	-4.110189	113.934000
-0.126775	0.959063	-4.113731	114.034000
-0.127232	0.956942	-4.107485	114.134000
-0.127642	0.963813	-4.089394	114.234000
-0.127963	0.968710	-4.086420	114.335000
-0.128363	0.966687	-4.100831	114.434000
-0.128622	0.966840	-4.105590	114.534000
-0.128821	0.972831	-4.087271	114.634000
-0.129357	0.975358	-4.089758	114.734000
-0.129450	0.977037	-4.106676	114.834000
-0.129765	0.978290	-4.115772	114.934000
-0.130082	0.977151	-4.107438	115.034000
-0.130330	0.976734	-4.105071	115.134000
-0.130704	0.976432	-4.101631	115.234000
-0.130925	0.975427	-4.106110	115.334000
-0.131251	0.975475	-4.112436	115.434000
-0.131332	0.975127	-4.109623	115.534000
-0.131779	0.974687	-4.111432	115.634000
-0.131869	0.971996	-4.106629	115.734000
-0.132183	0.963457	-4.095334	115.834000
-0.132328	0.964050	-4.080985	115.934000
-0.132733	0.965148	-4.082313	116.034000
-0.132956	0.961041	-4.089110	116.134000
-0.133192	0.960080	-4.105378	116.234000
-0.133301	0.964265	-4.110806	116.334000
-0.133467	0.967204	-4.112546	116.434000
-0.133752	0.968749	-4.124159	116.534000
-0.134017	0.964950	-4.118575	116.634000
-0.134112	0.967252	-4.106071	116.734000
-0.134298	0.970885	-4.090395	116.834000
-0.134480	0.967087	-4.082336	116.934000
-0.134567	0.970189	-4.087989	117.034000
-0.134768	0.967562	-4.111304	117.134000
-0.135101	0.967018	-4.121231	117.234000
-0.135221	0.970017	-4.113440	117.335000
-0.135371	0.973177	-4.108748	117.434000
-0.135279	0.972735	-4.099040	117.534000
-0.135567	0.977351	-4.095807	117.634000
-0.135797	0.975773	-4.087131	117.734000
-0.135804	0.971954	-4.078807	117.834000
-0.135946	0.967031	-4.077819	117.934000
-0.136141	0.959844	-4.079004	118.034000
-0.136166	0.954826	-4.083461	118.134000
-0.136362	0.956412	-4.076997	118.234000
-0.136503	0.959442	-4.064193	118.335000
-0.136482	0.961790	-4.059609	118.434000
-0.136694	0.972445	-4.072271	118.534000
-0.136739	0.974208	-4.071278	118.634000
-0.136955	0.966763	-4.077242	118.734000
-0.136916	0.966959	-4.078151	118.834000
-0.137107	0.964477	-4.075726	118.934000
-0.137384	0.965307	-4.072835	119.034000
-0.137353	0.965955	-4.075236	119.134000
-0.137668	0.964681	-4.055287	119.234000
-0.137564	0.970870	-4.074230	119.334000
-0.137630	0.975033	-4.096253	119.434000
-0.137711	0.974240	-4.109228	119.534000
-0.137959	0.973996	-4.113473	119.634000
-0.137992	0.974613	-4.104987	119.734000
-0.137999	0.977141	-4.110839	119.834000
-0.138228	0.976581	-4.120366	119.934000
-0.138023	0.976528	-4.123896	120.034000
-0.138241	0.974324	-4.116552	120.134000
-0.138329	0.970413	-4.103885	120.234000
-0.138352	0.968164	-4.078077	120.334000
-0.138351	0.967884	-4.079396	120.434000
-0.138405	0.964487	-4.093620	120.534000
-0.138728	0.962634	-4.090696	120.634000
-0.138732	0.967590	-4.084064	120.734000
-0.138896	0.971227	-4.079633	120.834000
-0.138884	0.975255	-4.088144	120.934000
-0.138828	0.972420	-4.093631	121.034000
-0.139067	0.966200	-4.091661	121.134000
-0.138926	0.969137	-4.090047	121.234000
-0.139208	0.970347	-4.082413	121.334000
-0.139363	0.970097	-4.063813	121.434000
-0.139265	0.974147	-4.064996	121.534000
-0.139469	0.974888	-4.091887	121.634000
-0.139545	0.973234	-4.110397	121.734000
-0.139549	0.974150	-4.112742	121.834000
-0.139442	0.971553	-4.101501	121.934000
-0.139324	0.971325	-4.088189	122.034000
-0.139539	0.968590	-4.110527	122.135000
-0.139498	0.968445	-4.130111	122.234000
-0.139415	0.965347	-4.141144	122.334000
-0.139418	0.967897	-4.129841	122.434000
-0.139597	0.968972	-4.120308	122.534000
-0.139611	0.966919	-4.138685	122.634000
-0.139786	0.963870	-4.155216	122.734000
-0.139732	0.960685	-4.149057	122.834000
-0.139798	0.958547	-4.126815	122.934000
-0.140068	0.957149	-4.124497	123.035000
-0.139969	0.958971	-4.132481	123.134000
-0.140009	0.966797	-4.118061	123.235000
-0.139825	0.970288	-4.126237	123.334000
-0.140030	0.968759	-4.127141	123.434000
-0.139976	0.966583	-4.102221	123.534000
-0.140054	0.964502	-4.088982	123.634000
-0.140055	0.964128	-4.062318	123.735000
-0.140130	0.970841	-4.044348	123.834000
-0.140108	0.968756	-4.056167	123.934000
-0.140215	0.959755	-4.062021	124.034000
-0.140360	0.956164	-4.070322	124.134000
-0.140266	0.961792	-4.083054	124.234000
-0.140330	0.967904	-4.104081	124.334000
-0.140524	0.969017	-4.112581	124.434000
-0.140446	0.972870	-4.111377	124.534000
-0.140479	0.974380	-4.119274	124.634000
-0.140210	0.972659	-4.127130	124.734000
-0.140402	0.967374	-4.113081	124.834000
-0.140541	0.966004	-4.092925	124.934000
-0.140540	0.962165	-4.082202	125.034000
-0.140467	0.957801	-4.068398	125.134000
-0.140679	0.954781	-4.063540	125.234000
-0.140781	0.960503	-4.068395	125.334000
-0.140668	0.965267	-4.080587	125.435000
-0.140722	0.974205	-4.077784	125.534000
-0.140844	0.982306	-4.072442	125.634000
-0.140812	0.983173	-4.063892	125.734000
-0.140830	0.984931	-4.059474	125.834000
-0.140633	0.983888	-4.080481	125.934000
-0.140790	0.979227	-4.093288	126.035000
-0.140841	0.978380	-4.107199	126.134000
-0.140834	0.977252	-4.114926	126.234000
-0.140816	0.978178	-4.114096	126.334000
-0.140926	0.977206	-4.111430	126.435000
-0.140970	0.978048	-4.110844	126.534000
-0.140984	0.980278	-4.089443	126.634000
-0.141115	0.981618	-4.082797	126.734000
-0.140878	0.980565	-4.086909	126.834000
-0.140996	0.975781	-4.099347	126.934000
-0.140953	0.969336	-4.111162	127.034000
-0.141031	0.965955	-4.106823	127.134000
-0.141005	0.967175	-4.100234	127.234000
-0.140916	0.966033	-4.096360	127.335000
-0.141071	0.964254	-4.090530	127.435000
-0.141233	0.959507	-4.094100	127.534000
-0.141070	0.964388	-4.098546	127.634000
-0.141261	0.971325	-4.087510	127.734000
-0.141205	0.977015	-4.076167	127.835000
-0.141004	0.976443	-4.077805	127.934000
-0.141213	0.971106	-4.070936	128.034000
-0.141131	0.970103	-4.080832	128.134000
-0.141258	0.966678	-4.093396	128.235000
-0.141393	0.960201	-4.093420	128.334000
-0.141346	0.955148	-4.103494	128.434000
-0.141184	0.956444	-4.109499	128.534000
-0.141318	0.959939	-4.121740	128.634000
-0.141322	0.963660	-4.117133	128.734000
-0.141344	0.974082	-4.112006	128.834000
-0.141221	0.969421	-4.130404	128.934000
-0.141356	0.961380	-4.121630	129.034000
-0.141242	0.962137	-4.082581	129.134000
-0.141246	0.966732	-4.053349	129.234000
-0.141243	0.966017	-4.059633	129.334000
-0.141313	0.965378	-4.096801	129.434000
-0.141560	0.965421	-4.137995	129.534000
-0.141430	0.964642	-4.152966	129.635000
-0.141351	0.961568	-4.146304	129.734000
-0.141471	0.958952	-4.122294	129.834000
-0.141513	0.961300	-4.105686	129.934000
-0.141225	0.959107	-4.100789	130.034000
-0.141326	0.966699	-4.106858	130.135000
-0.141372	0.972040	-4.095326	130.234000
-0.141436	0.973853	-4.090180	130.334000
-0.141629	0.972374	-4.086437	130.434000
-0.141382	0.977513	-4.084579	130.534000
-0.141272	0.976627	-4.085614	130.634000
-0.141428	0.973459	-4.073831	130.734000
-0.141318	0.975917	-4.079722	130.834000
-0.141352	0.978222	-4.080277	130.934000
-0.141430	0.972305	-4.083694	131.034000
-0.141428	0.967780	-4.082322	131.134000
-0.141386	0.964359	-4.081499	131.234000
-0.141482	0.967702	-4.092490	131.335000
-0.141521	0.972299	-4.096687	131.434000
-0.141587	0.970371	-4.100116	131.535000
-0.141588	0.971507	-4.092497	131.634000
-0.141788	0.975360	-4.095488	131.734000
-0.141674	0.977418	-4.098288	131.834000
-0.141604	0.980025	-4.091813	131.934000
-0.141577	0.980031	-4.088188	132.034000
-0.141682	0.975574	-4.100248	132.134000
-0.141556	0.976339	-4.102444	132.234000
-0.141635	0.975625	-4.106360	132.334000
-0.141685	0.971578	-4.124132	132.434000
-0.141601	0.969233	-4.131388	132.534000
-0.141650	0.966790	-4.129796	132.634000
-0.141732	0.968239	-4.126209	132.734000
-0.141408	0.967556	-4.104401	132.834000
-0.141617	0.972846	-4.076280	132.934000
-0.141523	0.976324	-4.075868	133.034000
-0.141471	0.973688	-4.094248	133.134000
-0.141293	0.972716	-4.085891	133.234000
-0.141579	0.970136	-4.075637	133.334000
-0.141651	0.969790	-4.068169	133.440000
-0.141449	0.975624	-4.074613	133.534000
-0.141511	0.971845	-4.078335	133.634000
-0.141495	0.971016	-4.077202	133.734000
-0.141529	0.976971	-4.076633	133.835000
-0.141494	0.984568	-4.073878	133.934000
-0.141510	0.984310	-4.075943	134.034000
-0.141511	0.977820	-4.070549	134.134000
-0.141596	0.975017	-4.065994	134.235000
-0.141455	0.970396	-4.077880	134.334000
-0.141511	0.961361	-4.082569	134.434000
-0.141610	0.959335	-4.077647	134.534000
-0.141526	0.957791	-4.088294	134.634000
-0.141578	0.960292	-4.094491	134.734000
-0.141462	0.963905	-4.110453	134.834000
-0.141534	0.965857	-4.112054	134.935000
-0.141714	0.966787	-4.130341	135.034000
-0.141560	0.964403	-4.126497	135.134000
-0.141761	0.968151	-4.129239	135.234000
-0.141720	0.968810	-4.139573	135.334000
-0.141677	0.967423	-4.127835	135.434000
-0.141774	0.965559	-4.110856	135.534000
-0.141683	0.964797	-4.100739	135.634000
-0.141719	0.969480	-4.104028	135.734000
-0.141746	0.969961	-4.118161	135.834000
-0.141794	0.963649	-4.111176	135.934000
-0.141824	0.961178	-4.104901	136.034000
-0.141700	0.960814	-4.111337	136.134000
-0.141712	0.958552	-4.114507	136.234000
-0.141764	0.963714	-4.093268	136.334000
-0.141859	0.970571	-4.076700	136.434000
-0.141864	0.969894	-4.080684	136.534000
-0.141697	0.959184	-4.094451	136.634000
-0.141541	0.955065	-4.097047	136.734000
-0.141441	0.958767	-4.101478	136.834000
-0.141603	0.956308	-4.104385	136.934000
-0.141638	0.960224	-4.103628	137.034000
-0.141423	0.969039	-4.096115	137.135000
-0.141567	0.971309	-4.092599	137.234000
