-1.104723	2.107833	-6.474643	12.130000
-1.105447	2.092389	-6.432590	12.230000
-1.105667	2.123909	-6.387273	12.330000
-1.105377	2.160986	-6.335973	12.430000
-1.105284	2.148294	-6.299295	12.530000
-1.105410	2.149501	-6.328000	12.630000
-1.105264	2.144792	-6.410986	12.730000
-1.105525	2.157676	-6.458996	12.830000
-1.105273	2.196866	-6.478494	12.930000
-1.105596	2.191874	-6.482937	13.030000
-1.105423	2.176951	-6.440125	13.130000
-1.105423	2.141910	-6.398012	13.230000
-1.105396	2.107629	-6.396528	13.330000
-1.105302	2.145026	-6.396649	13.430000
-1.105303	2.172616	-6.370873	13.530000
-1.105475	2.179544	-6.322236	13.630000
-1.105330	2.149073	-6.288557	13.730000
-1.105574	2.124436	-6.284768	13.830000
-1.105381	2.102542	-6.335636	13.930000
-1.105474	2.110699	-6.405408	14.030000
-1.105398	2.129616	-6.392562	14.130000
-1.105385	2.190295	-6.386057	14.231000
-1.105403	2.245254	-6.408748	14.330000
-1.105225	2.244292	-6.426713	14.430000
-1.103270	2.183616	-6.415751	14.530000
-1.097632	2.146344	-6.366616	14.631000
-1.091193	2.112747	-6.335459	14.731000
-1.084405	2.109834	-6.340431	14.830000
-1.076583	2.131084	-6.390995	14.930000
-1.068855	2.147872	-6.426967	15.031000
-1.060919	2.146342	-6.481159	15.130000
-1.052553	2.124143	-6.508444	15.230000
-1.043950	2.093790	-6.482036	15.330000
-1.035119	2.068132	-6.428358	15.430000
-1.025961	2.058714	-6.425410	15.530000
-1.016706	2.058577	-6.403571	15.630000
-1.007670	2.071150	-6.390603	15.730000
-0.998442	2.108495	-6.414082	15.830000
-0.988830	2.133837	-6.419365	15.931000
-0.979208	2.158144	-6.427017	16.030000
-0.969265	2.163357	-6.372842	16.130000
-0.959835	2.145410	-6.365890	16.230000
-0.950319	2.120490	-6.425322	16.331000
-0.940293	2.124878	-6.460679	16.430000
-0.930640	2.125820	-6.441474	16.530000
-0.919969	2.123111	-6.422256	16.630000
-0.909797	2.116340	-6.387431	16.730000
-0.899777	2.099250	-6.379400	16.830000
-0.889492	2.086249	-6.399917	16.930000
-0.879506	2.113178	-6.377957	17.030000
-0.869278	2.167492	-6.351770	17.130000
-0.858603	2.167704	-6.392879	17.230000
-0.848367	2.121287	-6.432166	17.330000
-0.838114	2.093707	-6.401805	17.430000
-0.827711	2.098888	-6.352838	17.530000
-0.817013	2.118274	-6.361780	17.630000
-0.806839	2.153107	-6.358917	17.730000
-0.796449	2.159258	-6.377191	17.830000
-0.785938	2.136558	-6.378017	17.930000
-0.775626	2.085299	-6.351335	18.030000
-0.765171	2.080435	-6.325119	18.130000
-0.754856	2.115114	-6.307369	18.230000
-0.744013	2.141344	-6.357189	18.330000
-0.733193	2.122917	-6.415359	18.430000
-0.722948	2.100889	-6.475409	18.531000
-0.712153	2.069381	-6.483384	18.630000
-0.701498	2.076197	-6.470557	18.730000
-0.690935	2.110139	-6.459719	18.830000
-0.680355	2.091564	-6.446677	18.930000
-0.669935	2.068379	-6.430275	19.030000
-0.659231	2.082112	-6.404768	19.130000
-0.648502	2.087615	-6.389897	19.230000
-0.637814	2.067111	-6.423712	19.330000
-0.627477	2.066854	-6.449495	19.430000
-0.616745	2.050470	-6.431612	19.530000
-0.605685	2.037053	-6.396259	19.630000
-0.595274	2.061612	-6.357695	19.730000
-0.584372	2.065201	-6.341322	19.830000
-0.573748	2.066277	-6.334610	19.930000
-0.562839	2.104439	-6.355535	20.030000
-0.551609	2.127597	-6.395844	20.130000
-0.541166	2.127113	-6.417216	20.230000
-0.530154	2.107424	-6.417782	20.330000
-0.519152	2.041577	-6.412647	20.430000
-0.508150	2.038330	-6.369749	20.530000
-0.497239	2.064022	-6.326583	20.630000
-0.486264	2.085926	-6.357891	20.730000
-0.475353	2.090943	-6.378724	20.830000
-0.464733	2.061196	-6.393820	20.930000
-0.453499	2.028161	-6.410905	21.030000
-0.442630	2.037879	-6.401114	21.130000
-0.431466	2.053856	-6.368827	21.230000
-0.420271	2.051397	-6.322284	21.330000
-0.409659	2.038204	-6.315778	21.430000
-0.398605	2.033647	-6.355030	21.531000
-0.387578	2.035129	-6.351491	21.630000
-0.376765	2.057970	-6.333914	21.730000
-0.365248	2.094978	-6.349947	21.830000
-0.354099	2.096319	-6.382057	21.930000
-0.343244	2.044256	-6.355278	22.031000
-0.332170	2.033193	-6.351254	22.130000
-0.321483	2.016041	-6.371905	22.231000
-0.309769	1.988187	-6.375877	22.330000
-0.298983	1.984959	-6.376490	22.430000
-0.287875	1.973625	-6.376766	22.530000
-0.276932	1.976033	-6.409839	22.630000
-0.265922	1.996444	-6.433474	22.730000
-0.254636	1.993295	-6.398865	22.831000
-0.243264	1.994063	-6.382340	22.930000
-0.231944	2.020735	-6.371653	23.030000
-0.220759	2.022437	-6.361361	23.130000
-0.209878	2.029036	-6.350535	23.230000
-0.198558	2.059735	-6.346539	23.330000
-0.187942	2.044623	-6.359930	23.430000
-0.176517	2.024276	-6.395766	23.530000
-0.165640	2.037506	-6.399640	23.631000
-0.154684	2.071078	-6.393099	23.730000
-0.143378	2.062479	-6.372572	23.830000
-0.132600	2.034038	-6.349323	23.930000
-0.121609	2.016027	-6.362563	24.030000
-0.110385	2.008067	-6.376023	24.130000
-0.099338	1.984845	-6.406959	24.230000
-0.088209	1.948178	-6.421768	24.330000
-0.077202	1.934137	-6.393700	24.431000
-0.065905	1.945326	-6.411467	24.530000
-0.054188	1.954656	-6.420772	24.630000
-0.042898	1.965603	-6.400131	24.730000
-0.031509	1.962075	-6.425422	24.830000
-0.020665	1.963997	-6.431210	24.930000
-0.009316	1.990742	-6.457688	25.030000
0.001718	2.016913	-6.493984	25.130000
0.013054	2.038212	-6.488315	25.230000
0.024546	2.044114	-6.455697	25.330000
0.035582	2.052173	-6.461987	25.430000
0.046892	2.038111	-6.419864	25.530000
0.058236	2.031538	-6.394567	25.630000
0.069332	2.052353	-6.424849	25.730000
0.080846	2.061229	-6.418919	25.830000
0.092382	2.071140	-6.335567	25.930000
0.103616	2.035844	-6.290566	26.030000
0.114738	1.985244	-6.353887	26.131000
0.125821	1.935177	-6.411349	26.230000
0.137744	1.955748	-6.418189	26.330000
0.148883	2.003613	-6.410768	26.430000
0.160467	2.001091	-6.425214	26.530000
0.171642	1.985568	-6.406610	26.630000
0.182961	2.032379	-6.399216	26.731000
0.194314	2.062991	-6.426805	26.830000
0.205829	2.034779	-6.451746	26.930000
0.217278	2.029574	-6.505611	27.030000
0.228378	2.041148	-6.504284	27.130000
0.239647	2.052224	-6.521352	27.230000
0.251000	2.065408	-6.527779	27.330000
0.262044	2.049884	-6.501663	27.430000
0.274010	2.022497	-6.492488	27.530000
0.284983	2.000107	-6.481591	27.630000
0.296277	1.973540	-6.403229	27.730000
0.307777	1.977279	-6.321142	27.831000
0.318918	2.036134	-6.309036	27.931000
0.330471	2.093204	-6.348578	28.036000
0.341856	2.109926	-6.388149	28.131000
0.352453	2.103639	-6.391265	28.230000
0.364067	2.086665	-6.383357	28.330000
0.375118	2.064792	-6.355454	28.430000
0.386341	2.055995	-6.309273	28.530000
0.397848	2.063927	-6.307252	28.630000
0.409062	2.061052	-6.354691	28.730000
0.420496	2.086397	-6.371517	28.830000
0.431683	2.102245	-6.305007	28.930000
0.443085	2.096956	-6.305783	29.030000
0.454417	2.080415	-6.357200	29.130000
0.466199	2.048450	-6.398528	29.230000
0.477670	2.022813	-6.397413	29.330000
0.488964	1.987906	-6.387054	29.430000
0.500434	1.986626	-6.347289	29.530000
0.511690	2.020110	-6.367709	29.630000
0.523115	2.026475	-6.420076	29.730000
0.534765	2.011564	-6.401015	29.830000
0.546358	2.008304	-6.422212	29.930000
0.557384	2.025212	-6.435535	30.031000
0.568777	2.000377	-6.427444	30.131000
0.580112	2.026509	-6.459225	30.230000
0.592116	2.062729	-6.471044	30.330000
0.603241	2.076885	-6.461688	30.430000
0.614823	2.104991	-6.442073	30.530000
0.626140	2.136078	-6.446193	30.631000
0.637450	2.113642	-6.458593	30.731000
0.648751	2.104286	-6.467084	30.830000
0.660233	2.100206	-6.450712	30.930000
0.672031	2.085417	-6.380138	31.030000
0.683241	2.088875	-6.299605	31.130000
0.694544	2.093751	-6.292102	31.230000
0.705576	2.075351	-6.388450	31.330000
0.717393	2.093192	-6.456211	31.430000
0.729258	2.083255	-6.504775	31.530000
0.740768	2.057074	-6.514297	31.630000
0.752152	2.032549	-6.419468	31.730000
0.763425	2.030158	-6.345033	31.830000
0.774314	2.035598	-6.354327	31.930000
0.786435	2.051603	-6.345768	32.030000
0.797774	2.101286	-6.378231	32.131000
0.809292	2.124462	-6.412901	32.230000
0.820885	2.088562	-6.459927	32.330000
0.832095	2.039900	-6.461731	32.430000
0.843620	2.044561	-6.444796	32.530000
0.854905	2.063091	-6.412443	32.630000
0.866429	2.062311	-6.396614	32.730000
0.877648	2.060748	-6.396804	32.830000
0.889274	2.075322	-6.361182	32.930000
0.900717	2.088094	-6.341965	33.030000
0.912121	2.097102	-6.340005	33.130000
0.923033	2.118504	-6.336026	33.230000
0.934477	2.127013	-6.351028	33.330000
0.945596	2.109642	-6.357640	33.430000
0.957445	2.087124	-6.356460	33.530000
0.968903	2.085871	-6.377419	33.630000
0.980101	2.114973	-6.401764	33.730000
0.991933	2.145374	-6.402655	33.830000
1.003294	2.136415	-6.385855	33.930000
1.015261	2.124901	-6.333051	34.030000
1.026360	2.152448	-6.285928	34.130000
1.037861	2.128614	-6.317549	34.230000
1.049908	2.119019	-6.325192	34.330000
1.060888	2.107963	-6.317308	34.430000
1.072836	2.076073	-6.341822	34.530000
1.084424	2.090641	-6.370543	34.630000
1.095420	2.118857	-6.364060	34.730000
1.106988	2.144767	-6.356296	34.830000
1.118558	2.176348	-6.358250	34.930000
1.130444	2.141418	-6.336138	35.031000
1.142275	2.106049	-6.310565	35.130000
1.153202	2.092359	-6.263071	35.230000
1.164834	2.092987	-6.247386	35.330000
1.176383	2.130817	-6.298856	35.431000
1.188175	2.169526	-6.332226	35.530000
1.199770	2.176561	-6.300488	35.630000
1.210982	2.193478	-6.285268	35.730000
1.222469	2.182593	-6.314242	35.830000
1.234009	2.161721	-6.350306	35.930000
1.245652	2.161222	-6.420096	36.030000
1.257377	2.155848	-6.462557	36.130000
1.268712	2.148670	-6.478329	36.230000
1.279473	2.167935	-6.436993	36.330000
1.291799	2.172826	-6.379843	36.430000
1.304157	2.165233	-6.354512	36.530000
1.315330	2.170980	-6.370643	36.630000
1.326039	2.180612	-6.334773	36.730000
1.337058	2.180819	-6.320067	36.830000
1.348754	2.196609	-6.330382	36.930000
1.360195	2.202268	-6.354876	37.030000
1.371484	2.211274	-6.421866	37.130000
1.383441	2.206236	-6.487257	37.230000
1.395386	2.181351	-6.469905	37.330000
1.406639	2.199137	-6.464125	37.430000
1.418180	2.240452	-6.434567	37.530000
1.429729	2.239417	-6.396336	37.630000
1.441356	2.229864	-6.415476	37.730000
1.452740	2.223644	-6.423659	37.831000
1.464291	2.209711	-6.403027	37.930000
1.475290	2.196276	-6.386022	38.030000
1.486987	2.188614	-6.380434	38.130000
1.498268	2.190639	-6.354277	38.230000
1.510507	2.167738	-6.349845	38.334000
1.522173	2.148429	-6.355540	38.430000
1.533555	2.165485	-6.348167	38.530000
1.544350	2.216369	-6.341430	38.630000
1.556078	2.251025	-6.353175	38.730000
1.567494	2.251624	-6.348135	38.830000
1.579218	2.246416	-6.334942	38.930000
1.591034	2.241760	-6.331187	39.030000
1.602367	2.231755	-6.354595	39.130000
1.614123	2.231029	-6.375692	39.230000
1.625415	2.254791	-6.410632	39.333000
1.637041	2.271458	-6.435855	39.430000
1.648146	2.260302	-6.459954	39.531000
1.659401	2.247845	-6.468245	39.630000
1.670684	2.247029	-6.461993	39.730000
1.682926	2.241156	-6.431666	39.830000
1.694613	2.211565	-6.373912	39.930000
1.706011	2.223947	-6.334782	40.030000
1.716080	2.251774	-6.362732	40.131000
1.727702	2.253754	-6.401154	40.230000
1.739196	2.230591	-6.399369	40.330000
1.750520	2.247342	-6.357287	40.430000
1.763416	2.250800	-6.339659	40.530000
1.773551	2.261911	-6.344022	40.630000
1.785893	2.232273	-6.340222	40.730000
1.797235	2.236457	-6.336487	40.831000
1.808552	2.222999	-6.357630	40.930000
1.819839	2.212350	-6.361036	41.030000
1.831139	2.203888	-6.365563	41.130000
1.843292	2.198144	-6.372537	41.230000
1.854659	2.192206	-6.364760	41.330000
1.866075	2.184327	-6.317921	41.430000
1.877407	2.207819	-6.304878	41.530000
1.888587	2.233310	-6.296270	41.630000
1.900871	2.234405	-6.275121	41.730000
1.911714	2.239933	-6.264199	41.830000
1.923190	2.230244	-6.277953	41.930000
1.935283	2.209772	-6.284549	42.030000
1.945684	2.205482	-6.282700	42.130000
1.957248	2.217210	-6.315350	42.230000
1.968142	2.217520	-6.360447	42.330000
1.978175	2.197858	-6.370114	42.430000
1.993136	2.199425	-6.325940	42.530000
2.000849	2.225934	-6.309125	42.630000
2.014742	2.250200	-6.288960	42.730000
2.026435	2.263481	-6.259898	42.831000
2.037234	2.287583	-6.261177	42.930000
2.049834	2.274713	-6.307084	43.030000
2.061832	2.238739	-6.314014	43.130000
2.070595	2.239495	-6.311826	43.231000
2.083721	2.257464	-6.286979	43.330000
2.093919	2.282611	-6.298109	43.430000
2.107333	2.307811	-6.305455	43.530000
2.117265	2.339759	-6.327093	43.630000
2.128939	2.309315	-6.338243	43.730000
2.140257	2.284639	-6.362680	43.830000
2.151534	2.272332	-6.374514	43.930000
2.163736	2.264785	-6.354767	44.030000
2.175626	2.282781	-6.325598	44.130000
2.187626	2.308213	-6.324868	44.230000
2.198675	2.345471	-6.356407	44.330000
2.210162	2.381048	-6.335630	44.431000
2.221409	2.368278	-6.318780	44.530000
2.233208	2.336876	-6.294775	44.630000
2.244880	2.303371	-6.291902	44.730000
2.255995	2.300639	-6.330658	44.830000
2.266895	2.284434	-6.331306	44.930000
2.278540	2.245956	-6.345937	45.030000
2.290330	2.210989	-6.368517	45.130000
2.301634	2.207145	-6.404870	45.231000
2.313058	2.198062	-6.401070	45.330000
2.324838	2.226717	-6.390207	45.430000
2.336161	2.220554	-6.353264	45.530000
2.347369	2.210401	-6.311768	45.630000
2.359105	2.199128	-6.291357	45.730000
2.370745	2.199089	-6.315853	45.830000
2.382212	2.210292	-6.325808	45.930000
2.394406	2.241001	-6.315568	46.030000
2.404637	2.262055	-6.318378	46.130000
2.416610	2.283115	-6.335623	46.230000
2.427601	2.281426	-6.328556	46.330000
2.440005	2.270309	-6.329084	46.430000
2.451911	2.283366	-6.298804	46.530000
2.462517	2.303866	-6.296453	46.630000
2.471738	2.310476	-6.320872	46.730000
2.483664	2.296773	-6.311617	46.830000
2.498550	2.294080	-6.299414	46.930000
2.505215	2.279671	-6.282034	47.031000
2.520899	2.237538	-6.313622	47.131000
2.527468	2.218532	-6.370014	47.230000
2.543541	2.237177	-6.377489	47.330000
2.554387	2.258016	-6.329039	47.430000
2.562051	2.261830	-6.321883	47.530000
2.575556	2.261186	-6.284172	47.630000
2.590089	2.236691	-6.254544	47.730000
2.601676	2.221908	-6.270172	47.830000
2.613322	2.202936	-6.297012	47.930000
2.622392	2.215102	-6.295237	48.030000
2.631954	2.244331	-6.315087	48.131000
2.642587	2.249309	-6.334754	48.230000
2.653941	2.235467	-6.312011	48.330000
2.666536	2.261291	-6.311165	48.430000
2.680321	2.304682	-6.330323	48.530000
2.693258	2.327447	-6.324270	48.630000
2.704755	2.310443	-6.336787	48.730000
2.715500	2.281342	-6.336930	48.830000
2.726067	2.273433	-6.293186	48.930000
2.736917	2.285120	-6.297806	49.030000
2.746771	2.280089	-6.267392	49.130000
2.757831	2.234373	-6.250642	49.230000
2.770321	2.223344	-6.279779	49.330000
2.783536	2.266156	-6.282769	49.430000
2.796736	2.291015	-6.270218	49.530000
2.806951	2.307134	-6.288400	49.630000
2.816016	2.289959	-6.317471	49.730000
2.827040	2.278619	-6.311914	49.831000
2.838793	2.239804	-6.273341	49.930000
2.850946	2.207581	-6.292720	50.030000
2.862337	2.200380	-6.320200	50.130000
2.874930	2.223526	-6.321643	50.230000
2.887913	2.276949	-6.305967	50.330000
2.897827	2.341667	-6.312356	50.430000
2.907490	2.348428	-6.330366	50.530000
2.922197	2.332130	-6.369289	50.630000
2.933470	2.293969	-6.367454	50.730000
2.942332	2.286707	-6.381751	50.830000
2.956018	2.285688	-6.376856	50.930000
2.967266	2.315043	-6.368314	51.030000
2.976298	2.332967	-6.366229	51.130000
2.990607	2.312091	-6.352306	51.230000
2.999209	2.287235	-6.322341	51.331000
3.013333	2.301739	-6.347522	51.431000
3.022165	2.297610	-6.380515	51.530000
3.035254	2.304096	-6.410101	51.631000
3.045967	2.313838	-6.429925	51.730000
3.056380	2.298085	-6.372871	51.830000
3.069884	2.330555	-6.335248	51.930000
3.079270	2.363941	-6.320926	52.030000
3.091776	2.377135	-6.343913	52.130000
3.104103	2.352359	-6.357348	52.230000
3.115686	2.322128	-6.330787	52.330000
3.126937	2.293771	-6.326652	52.431000
3.137390	2.294074	-6.339929	52.530000
3.149719	2.319976	-6.305929	52.631000
3.161722	2.325765	-6.257435	52.730000
3.172897	2.323620	-6.236162	52.830000
3.184342	2.303528	-6.287878	52.930000
3.195556	2.268892	-6.340981	53.030000
3.206457	2.250359	-6.345410	53.130000
3.218191	2.259055	-6.350037	53.230000
3.229909	2.256758	-6.325344	53.330000
3.241891	2.263709	-6.246690	53.430000
3.253228	2.255031	-6.212380	53.530000
3.264635	2.270021	-6.242861	53.630000
3.276013	2.240857	-6.249848	53.730000
3.287937	2.250637	-6.225816	53.830000
3.299392	2.302466	-6.238326	53.931000
3.310731	2.340523	-6.235537	54.030000
3.321867	2.348797	-6.245705	54.130000
3.333358	2.333966	-6.308379	54.230000
3.345130	2.296314	-6.347441	54.331000
3.357027	2.293173	-6.316560	54.430000
3.368357	2.312867	-6.276895	54.530000
3.379986	2.293680	-6.267225	54.630000
3.391190	2.300153	-6.291490	54.731000
3.402982	2.316779	-6.251364	54.830000
3.414392	2.341482	-6.248002	54.930000
3.426234	2.355567	-6.278547	55.031000
3.437379	2.328639	-6.297834	55.130000
3.449377	2.277352	-6.298864	55.231000
3.460857	2.249355	-6.253479	55.330000
3.472265	2.275466	-6.277939	55.431000
3.483563	2.261038	-6.336689	55.530000
3.494728	2.304993	-6.326664	55.630000
3.505960	2.345390	-6.293044	55.730000
3.517692	2.321419	-6.303318	55.830000
3.529143	2.302127	-6.289134	55.930000
3.540401	2.311479	-6.271404	56.031000
3.552200	2.332615	-6.275263	56.130000
3.563314	2.335183	-6.300908	56.230000
3.575014	2.347077	-6.284674	56.330000
3.586780	2.338880	-6.286420	56.430000
3.597962	2.320608	-6.330062	56.530000
3.609499	2.312077	-6.351921	56.630000
3.620944	2.321852	-6.345687	56.730000
3.632434	2.363839	-6.359638	56.830000
3.645515	2.356565	-6.359100	56.930000
3.656573	2.336301	-6.360073	57.030000
3.665874	2.316075	-6.346002	57.130000
3.680981	2.309297	-6.351629	57.230000
3.689155	2.314550	-6.356046	57.330000
3.702305	2.334017	-6.314038	57.430000
3.716214	2.349798	-6.294882	57.530000
3.723992	2.358303	-6.293805	57.630000
3.735389	2.355738	-6.292625	57.730000
3.748688	2.325458	-6.272960	57.830000
3.763127	2.295064	-6.237029	57.931000
3.774738	2.255139	-6.174433	58.030000
3.784355	2.249112	-6.161418	58.130000
3.794768	2.307692	-6.184250	58.230000
3.805935	2.370911	-6.166682	58.330000
3.818186	2.371105	-6.199444	58.430000
3.829529	2.335830	-6.192851	58.530000
3.841955	2.346760	-6.172787	58.630000
3.854494	2.332532	-6.155702	58.730000
3.868085	2.310696	-6.156686	58.831000
3.877998	2.300050	-6.238383	58.930000
3.890003	2.310792	-6.325206	59.030000
3.903760	2.312203	-6.334748	59.130000
3.912050	2.322292	-6.298177	59.230000
3.927373	2.316126	-6.263208	59.330000
3.935856	2.322476	-6.249333	59.430000
3.948607	2.334319	-6.285843	59.530000
3.961804	2.337336	-6.309272	59.630000
3.971727	2.344755	-6.306188	59.730000
3.984468	2.343644	-6.305962	59.830000
3.997335	2.333358	-6.273769	59.930000
4.005914	2.327852	-6.279938	60.030000
4.021420	2.313792	-6.270219	60.130000
4.028804	2.274387	-6.253502	60.230000
4.044925	2.286801	-6.282968	60.330000
4.052914	2.312493	-6.260034	60.430000
4.067324	2.328652	-6.212721	60.530000
4.077591	2.315325	-6.229776	60.630000
4.089039	2.295982	-6.278036	60.730000
4.101675	2.285022	-6.289153	60.830000
4.112971	2.287452	-6.284444	60.930000
4.123590	2.314642	-6.295845	61.030000
4.134918	2.313150	-6.306940	61.130000
4.148237	2.312134	-6.307498	61.230000
4.160121	2.326949	-6.310347	61.330000
4.171842	2.339943	-6.316484	61.430000
4.183468	2.321151	-6.272147	61.530000
4.194349	2.317560	-6.198680	61.631000
4.206192	2.261168	-6.176102	61.730000
4.218341	2.215045	-6.196512	61.830000
4.230457	2.227060	-6.215901	61.930000
4.242012	2.235738	-6.261251	62.030000
4.254094	2.268859	-6.297292	62.131000
4.265395	2.318197	-6.290539	62.230000
4.276847	2.337470	-6.292082	62.331000
4.289053	2.354707	-6.277865	62.431000
4.300531	2.369805	-6.240032	62.530000
4.312977	2.360212	-6.222551	62.630000
4.324105	2.357682	-6.257537	62.730000
4.336140	2.316501	-6.266799	62.830000
4.348019	2.332338	-6.289140	62.931000
4.359663	2.371395	-6.292731	63.030000
4.371619	2.395300	-6.233998	63.130000
4.383315	2.362781	-6.197017	63.231000
4.394775	2.325626	-6.212087	63.330000
4.406221	2.322961	-6.244285	63.430000
4.418448	2.316118	-6.265303	63.530000
4.430013	2.337254	-6.301479	63.630000
4.441909	2.316439	-6.333016	63.730000
4.453774	2.276873	-6.303899	63.830000
4.464921	2.302172	-6.269662	63.930000
4.476762	2.349835	-6.298442	64.030000
4.488791	2.348760	-6.318279	64.130000
4.500250	2.367225	-6.310781	64.230000
4.512191	2.331912	-6.309418	64.330000
4.523491	2.301948	-6.308488	64.430000
4.531922	2.299686	-6.293628	64.530000
4.529344	2.304555	-6.241532	64.630000
4.526398	2.320317	-6.174952	64.730000
4.523076	2.341253	-6.135310	64.830000
4.518184	2.343631	-6.130398	64.930000
4.512910	2.319345	-6.133810	65.031000
4.507553	2.331755	-6.180138	65.130000
4.501214	2.362610	-6.245597	65.230000
4.494171	2.365052	-6.283953	65.330000
4.488130	2.354932	-6.258466	65.430000
4.479950	2.341795	-6.236552	65.530000
4.474651	2.347341	-6.213957	65.630000
4.465055	2.318125	-6.211997	65.730000
4.460111	2.292946	-6.272933	65.830000
4.452168	2.314449	-6.320660	65.930000
4.443543	2.344372	-6.336005	66.030000
4.436154	2.352271	-6.382515	66.130000
4.428427	2.340014	-6.363267	66.230000
4.420542	2.361149	-6.298080	66.330000
4.410528	2.359716	-6.274882	66.430000
4.401494	2.332545	-6.295301	66.530000
4.395150	2.299771	-6.336345	66.630000
4.383812	2.333482	-6.349364	66.730000
4.377457	2.334580	-6.280644	66.830000
4.368072	2.341715	-6.239384	66.930000
4.359951	2.344958	-6.244446	67.030000
4.350530	2.357718	-6.230175	67.130000
4.342251	2.364595	-6.191237	67.230000
4.332254	2.385249	-6.163617	67.330000
4.323634	2.398407	-6.192414	67.431000
4.314983	2.359396	-6.226067	67.530000
4.306397	2.303750	-6.239120	67.630000
4.297055	2.311136	-6.216031	67.730000
4.287293	2.314601	-6.269510	67.830000
4.278272	2.319498	-6.297894	67.930000
4.269097	2.306229	-6.295112	68.030000
4.260067	2.286699	-6.326423	68.130000
4.250656	2.281359	-6.338359	68.230000
4.241534	2.303014	-6.302053	68.330000
4.231931	2.330258	-6.251529	68.431000
4.222701	2.340231	-6.224555	68.530000
4.213847	2.348988	-6.208656	68.630000
4.203756	2.356045	-6.208833	68.730000
4.195122	2.366698	-6.266577	68.830000
4.185409	2.357430	-6.300442	68.930000
4.176045	2.331434	-6.252818	69.031000
4.166228	2.335174	-6.186197	69.130000
4.156642	2.362461	-6.184279	69.230000
4.147352	2.350568	-6.253435	69.330000
4.137697	2.313689	-6.275149	69.430000
4.127460	2.271699	-6.262713	69.530000
4.117934	2.303127	-6.189892	69.630000
4.108652	2.331717	-6.179638	69.730000
4.098461	2.316125	-6.210712	69.830000
4.088925	2.339571	-6.200952	69.930000
4.079149	2.343547	-6.196183	70.030000
4.069917	2.299852	-6.235421	70.130000
4.059343	2.276441	-6.258380	70.230000
4.050072	2.270901	-6.236556	70.330000
4.040104	2.255986	-6.220372	70.430000
4.030912	2.306771	-6.261739	70.530000
4.020123	2.326960	-6.278653	70.630000
4.009991	2.329357	-6.270082	70.730000
4.000948	2.330192	-6.268237	70.830000
3.990074	2.337106	-6.243265	70.930000
3.980306	2.362932	-6.250300	71.030000
3.970638	2.326608	-6.265690	71.130000
3.961740	2.254686	-6.268976	71.230000
3.949509	2.248935	-6.301824	71.331000
3.940117	2.271091	-6.304437	71.430000
3.932292	2.267324	-6.275881	71.530000
3.919211	2.283753	-6.224264	71.630000
3.911294	2.306145	-6.220790	71.730000
3.900820	2.316347	-6.246828	71.830000
3.889522	2.300566	-6.253299	71.931000
3.881533	2.290955	-6.242094	72.030000
3.868938	2.299753	-6.201473	72.130000
3.861521	2.305267	-6.180111	72.230000
3.850684	2.290858	-6.174452	72.330000
3.837911	2.289303	-6.205935	72.431000
3.830181	2.298864	-6.227465	72.530000
3.821808	2.292479	-6.224360	72.630000
3.809096	2.311051	-6.201809	72.730000
3.797577	2.305615	-6.188552	72.830000
3.787384	2.301191	-6.185934	72.930000
3.776862	2.346916	-6.195995	73.030000
3.767963	2.350538	-6.208607	73.130000
3.760288	2.333720	-6.211760	73.230000
3.750470	2.332219	-6.222874	73.330000
3.740681	2.338108	-6.192325	73.430000
3.730575	2.350637	-6.164740	73.530000
3.720288	2.347604	-6.174302	73.630000
3.710270	2.327731	-6.237505	73.731000
3.700054	2.303480	-6.298015	73.830000
3.689457	2.301514	-6.332561	73.930000
3.677790	2.305250	-6.334867	74.030000
3.665353	2.319200	-6.320176	74.130000
3.654506	2.336038	-6.317217	74.230000
3.647510	2.362968	-6.351238	74.330000
3.636937	2.364835	-6.389017	74.431000
3.623629	2.333996	-6.369952	74.530000
3.615876	2.298790	-6.325952	74.630000
3.603712	2.306120	-6.307420	74.730000
3.594272	2.295239	-6.267336	74.831000
3.584133	2.301303	-6.237474	74.930000
3.573212	2.346130	-6.248286	75.030000
3.562674	2.352403	-6.282721	75.130000
3.552192	2.345290	-6.316770	75.230000
3.541239	2.338282	-6.277655	75.331000
3.531661	2.336128	-6.203713	75.430000
3.521475	2.311784	-6.179406	75.530000
3.510606	2.296011	-6.187497	75.631000
3.499862	2.296121	-6.224823	75.730000
3.488137	2.327066	-6.282758	75.830000
3.479590	2.344585	-6.288139	75.930000
3.467589	2.325507	-6.280768	76.030000
3.457857	2.329581	-6.257603	76.130000
3.447918	2.323466	-6.259683	76.230000
3.436481	2.311337	-6.246695	76.330000
3.424770	2.322368	-6.258444	76.430000
3.416899	2.354216	-6.297820	76.530000
3.405790	2.357691	-6.286751	76.630000
3.393099	2.320405	-6.259379	76.730000
3.382713	2.291648	-6.179285	76.830000
3.371990	2.279059	-6.114322	76.930000
3.361887	2.300054	-6.110575	77.031000
3.352245	2.309455	-6.131763	77.130000
3.341857	2.318045	-6.143675	77.230000
3.331334	2.334618	-6.168794	77.330000
3.320909	2.325069	-6.221575	77.430000
3.309825	2.290884	-6.247507	77.530000
3.298117	2.264727	-6.230986	77.630000
3.287201	2.270642	-6.215567	77.730000
3.276853	2.274862	-6.240726	77.830000
3.266798	2.293856	-6.256369	77.930000
3.257119	2.294453	-6.222478	78.030000
3.245460	2.269788	-6.202118	78.130000
3.235041	2.257460	-6.201916	78.230000
3.225030	2.275728	-6.235898	78.330000
3.214058	2.290514	-6.264865	78.430000
3.203268	2.250276	-6.280923	78.531000
3.192670	2.233667	-6.295645	78.630000
3.181155	2.248275	-6.282235	78.730000
3.171046	2.240117	-6.300367	78.830000
3.160420	2.262207	-6.366418	78.930000
3.149333	2.321081	-6.381130	79.030000
3.138938	2.329512	-6.349955	79.130000
3.127832	2.300914	-6.316869	79.230000
3.116676	2.307388	-6.289194	79.330000
3.106553	2.304033	-6.281804	79.430000
3.095822	2.317918	-6.270928	79.530000
3.084402	2.303292	-6.298623	79.630000
3.073948	2.290060	-6.329790	79.730000
3.063218	2.296224	-6.295179	79.830000
3.052315	2.299576	-6.253639	79.930000
3.041150	2.296733	-6.248515	80.030000
3.030104	2.286595	-6.228223	80.130000
3.019850	2.309930	-6.192361	80.230000
3.008037	2.311533	-6.243272	80.330000
2.997599	2.344407	-6.292488	80.430000
2.986389	2.347320	-6.322505	80.530000
2.975397	2.334007	-6.300201	80.630000
2.964105	2.317751	-6.240025	80.730000
2.953930	2.311861	-6.225077	80.831000
2.942364	2.286422	-6.225118	80.930000
2.933162	2.236253	-6.221165	81.030000
2.921888	2.194007	-6.207296	81.130000
2.908161	2.158594	-6.242026	81.230000
2.902292	2.168263	-6.257725	81.330000
2.886574	2.207548	-6.221821	81.430000
2.874771	2.219233	-6.294913	81.531000
2.864717	2.229857	-6.376238	81.630000
2.854821	2.220188	-6.428405	81.731000
2.845573	2.216589	-6.405803	81.830000
2.832401	2.249991	-6.357395	81.930000
2.820350	2.283329	-6.326275	82.030000
2.814149	2.285733	-6.305480	82.130000
2.799133	2.281438	-6.321201	82.230000
2.790735	2.246541	-6.327870	82.331000
2.779357	2.230794	-6.320902	82.430000
2.768131	2.230297	-6.278858	82.530000
2.757754	2.255379	-6.231494	82.630000
2.746730	2.292841	-6.207163	82.730000
2.735910	2.287293	-6.192234	82.830000
2.725045	2.243918	-6.210377	82.930000
2.713911	2.222426	-6.204118	83.030000
2.703099	2.206357	-6.188010	83.130000
2.691556	2.200778	-6.235487	83.230000
2.680184	2.203345	-6.253071	83.330000
2.669750	2.240458	-6.236516	83.430000
2.658510	2.271702	-6.196596	83.530000
2.648648	2.299734	-6.159589	83.630000
2.635637	2.329137	-6.193345	83.730000
2.624951	2.320490	-6.241524	83.830000
2.611741	2.324521	-6.292885	83.930000
2.601727	2.312537	-6.296844	84.030000
2.594002	2.294723	-6.316843	84.130000
2.579993	2.290792	-6.339284	84.230000
2.570625	2.285513	-6.361641	84.330000
2.558077	2.281315	-6.382843	84.431000
2.547051	2.269817	-6.406294	84.530000
2.536440	2.262875	-6.335122	84.630000
2.525252	2.276169	-6.323120	84.730000
2.514651	2.261792	-6.371027	84.830000
2.503222	2.243281	-6.345874	84.930000
2.491955	2.263572	-6.322746	85.030000
2.480314	2.296328	-6.367712	85.130000
2.469432	2.286968	-6.400804	85.230000
2.459007	2.266800	-6.371993	85.330000
2.446468	2.259218	-6.330906	85.430000
2.437325	2.253852	-6.322726	85.530000
2.425690	2.243456	-6.315284	85.630000
2.414612	2.205287	-6.288593	85.730000
2.403124	2.202700	-6.236506	85.830000
2.390776	2.209963	-6.211550	85.930000
2.379362	2.189529	-6.235900	86.030000
2.369213	2.196241	-6.291117	86.130000
2.358810	2.233086	-6.342645	86.230000
2.346395	2.212538	-6.322937	86.333000
2.334691	2.202473	-6.303870	86.430000
2.324340	2.212444	-6.327450	86.530000
2.312805	2.229004	-6.366705	86.630000
2.301621	2.231822	-6.345651	86.730000
2.290567	2.259286	-6.296755	86.831000
2.279637	2.249654	-6.242358	86.931000
2.268499	2.272513	-6.219307	87.030000
2.257681	2.304641	-6.233344	87.130000
2.246177	2.300638	-6.274044	87.231000
2.235224	2.279623	-6.285842	87.330000
2.224546	2.226281	-6.316735	87.430000
2.212823	2.199707	-6.369137	87.530000
2.201313	2.230167	-6.352970	87.630000
2.190538	2.279399	-6.352098	87.730000
2.179263	2.291070	-6.319897	87.830000
2.167551	2.290844	-6.300727	87.930000
2.155862	2.334925	-6.291814	88.030000
2.145069	2.356642	-6.312790	88.130000
2.134147	2.339526	-6.353630	88.230000
2.123276	2.258534	-6.402531	88.331000
2.112213	2.230536	-6.384811	88.430000
2.100768	2.238968	-6.361910	88.530000
2.089801	2.242316	-6.345415	88.631000
2.078564	2.230287	-6.357912	88.731000
2.067244	2.230279	-6.391330	88.830000
2.055663	2.226608	-6.393434	88.930000
2.044576	2.223992	-6.354275	89.030000
2.033131	2.268376	-6.303992	89.130000
2.021727	2.252971	-6.296722	89.231000
2.011274	2.216327	-6.284039	89.330000
1.998958	2.213828	-6.282468	89.430000
1.987819	2.213992	-6.338376	89.530000
1.977495	2.195001	-6.357060	89.630000
1.965098	2.185572	-6.349777	89.730000
1.954432	2.177235	-6.329456	89.830000
1.942891	2.165085	-6.275151	89.930000
1.931938	2.161331	-6.273140	90.030000
1.920054	2.158200	-6.255698	90.130000
1.908828	2.166236	-6.266460	90.230000
1.897402	2.213482	-6.253842	90.330000
1.886336	2.233641	-6.270411	90.430000
1.874908	2.203122	-6.283582	90.530000
1.863642	2.157490	-6.321726	90.630000
1.851717	2.131445	-6.360743	90.730000
1.840228	2.135759	-6.388144	90.830000
1.828944	2.148076	-6.360167	90.930000
1.818304	2.172727	-6.331444	91.030000
1.806105	2.202961	-6.319426	91.130000
1.794860	2.209306	-6.337597	91.230000
1.784300	2.207100	-6.323806	91.330000
1.771821	2.199538	-6.316336	91.430000
1.761293	2.172746	-6.334109	91.530000
1.749872	2.158249	-6.329255	91.630000
1.738387	2.155817	-6.317039	91.730000
1.726465	2.147463	-6.329543	91.830000
1.714861	2.146976	-6.331633	91.930000
1.703695	2.154170	-6.347631	92.030000
1.692320	2.188535	-6.342083	92.131000
1.680774	2.173547	-6.346570	92.230000
1.669385	2.163947	-6.323083	92.330000
1.658063	2.187691	-6.308581	92.431000
1.646731	2.172311	-6.295804	92.530000
1.635471	2.167819	-6.250516	92.630000
1.623939	2.183538	-6.235169	92.730000
1.612705	2.188649	-6.222528	92.830000
1.601190	2.189082	-6.220595	92.930000
1.589695	2.178252	-6.230660	93.030000
1.578439	2.178395	-6.252369	93.130000
1.566856	2.201855	-6.295242	93.230000
1.555807	2.173849	-6.348392	93.330000
1.544194	2.154448	-6.350855	93.431000
1.532382	2.168759	-6.311895	93.531000
1.520796	2.141855	-6.312097	93.630000
1.509716	2.091048	-6.334260	93.730000
1.498202	2.056261	-6.304748	93.830000
1.486784	2.091833	-6.269133	93.930000
1.475525	2.134880	-6.247070	94.030000
1.463693	2.145102	-6.261200	94.130000
1.452110	2.142248	-6.294940	94.230000
1.440639	2.149564	-6.318893	94.331000
1.429246	2.161741	-6.362352	94.431000
1.417669	2.145937	-6.371293	94.530000
1.406209	2.142144	-6.367939	94.630000
1.394432	2.153340	-6.340671	94.730000
1.383471	2.177962	-6.298842	94.830000
1.371776	2.158824	-6.262093	94.930000
1.360143	2.142379	-6.240474	95.030000
1.348783	2.130073	-6.222267	95.130000
1.337010	2.110778	-6.215795	95.230000
1.325547	2.078755	-6.288894	95.330000
1.314188	2.059675	-6.365224	95.430000
1.302662	2.086687	-6.379605	95.530000
1.291591	2.115357	-6.347984	95.630000
1.279915	2.124398	-6.303876	95.730000
1.268727	2.154458	-6.262924	95.830000
1.257341	2.162680	-6.265532	95.930000
1.245458	2.177067	-6.256052	96.031000
1.234403	2.232689	-6.236553	96.131000
1.222501	2.228611	-6.270111	96.230000
1.211304	2.149295	-6.316194	96.330000
1.199881	2.109988	-6.327551	96.430000
1.188624	2.128454	-6.325655	96.530000
1.177260	2.167382	-6.302046	96.630000
1.165524	2.160530	-6.277886	96.730000
1.154096	2.110534	-6.317930	96.830000
1.142601	2.097070	-6.327263	96.930000
1.130704	2.116705	-6.271906	97.030000
1.119143	2.128428	-6.215341	97.130000
1.107732	2.122435	-6.245070	97.231000
1.096257	2.114091	-6.277151	97.330000
1.084892	2.121702	-6.298735	97.430000
1.072597	2.130694	-6.306256	97.530000
1.061497	2.108389	-6.288231	97.630000
1.049812	2.108256	-6.246344	97.730000
1.038176	2.122906	-6.215459	97.830000
1.026685	2.107729	-6.185919	97.930000
1.015131	2.108672	-6.210741	98.030000
1.003705	2.126222	-6.238102	98.130000
0.991955	2.181085	-6.286153	98.230000
0.980435	2.176215	-6.326457	98.330000
0.968995	2.113147	-6.317568	98.430000
0.957410	2.110952	-6.286718	98.531000
0.945585	2.157479	-6.280276	98.630000
0.934076	2.141537	-6.295658	98.730000
0.922478	2.072731	-6.293559	98.830000
0.910838	2.052491	-6.341607	98.930000
0.899542	2.067883	-6.387255	99.030000
0.887994	2.068830	-6.386278	99.130000
0.875968	2.089253	-6.348260	99.230000
0.864464	2.098645	-6.301377	99.331000
0.852696	2.107037	-6.267691	99.430000
0.841017	2.090258	-6.303118	99.530000
0.829859	2.049368	-6.334506	99.630000
0.818298	2.048659	-6.320684	99.730000
0.806374	2.054864	-6.381932	99.830000
0.794497	2.063279	-6.423136	99.930000
0.782850	2.083879	-6.369487	100.031000
0.771582	2.081283	-6.370640	100.130000
0.759748	2.077553	-6.342614	100.230000
0.748465	2.093730	-6.321847	100.330000
0.737015	2.092654	-6.302470	100.430000
0.725413	2.071129	-6.313456	100.530000
0.714085	2.032158	-6.351789	100.630000
0.702418	2.036502	-6.400220	100.730000
0.690840	2.050498	-6.428290	100.830000
0.678892	2.060988	-6.443748	100.930000
0.667608	2.085532	-6.439076	101.030000
0.656227	2.069087	-6.401335	101.130000
0.644382	2.085752	-6.365079	101.230000
0.633012	2.096766	-6.346565	101.330000
0.621472	2.073108	-6.301576	101.430000
0.609441	2.062339	-6.256103	101.530000
0.598076	2.064058	-6.277618	101.630000
0.586488	2.091138	-6.330916	101.730000
0.574808	2.068775	-6.356353	101.831000
0.563247	2.050168	-6.360606	101.930000
0.551833	2.064506	-6.354772	102.030000
0.539990	2.030048	-6.318441	102.130000
0.528260	2.008551	-6.271953	102.230000
0.516426	2.031333	-6.255896	102.330000
0.504928	2.050170	-6.271875	102.430000
0.493509	2.052576	-6.301721	102.530000
0.481759	2.053509	-6.323111	102.630000
0.469651	2.031089	-6.299409	102.730000
0.458167	2.013315	-6.291480	102.830000
0.446437	2.011616	-6.330320	102.930000
0.434637	1.997375	-6.364888	103.030000
0.423101	1.977464	-6.359857	103.131000
0.411035	1.995391	-6.355210	103.230000
0.399280	1.988207	-6.370299	103.330000
0.387662	1.994176	-6.393514	103.430000
0.376009	2.023424	-6.373125	103.530000
0.364609	2.016167	-6.356075	103.630000
0.352665	1.984066	-6.344252	103.730000
0.340762	1.972265	-6.339929	103.830000
0.328987	1.986720	-6.341512	103.930000
0.317337	2.002626	-6.299970	104.031000
0.305926	2.011124	-6.283381	104.130000
0.294178	1.991122	-6.300739	104.230000
0.282407	1.993067	-6.316617	104.330000
0.270274	1.997501	-6.360466	104.430000
0.258686	1.953451	-6.395757	104.530000
0.247212	1.945601	-6.362700	104.631000
0.235374	1.995837	-6.309453	104.730000
0.223890	2.031402	-6.321934	104.830000
0.212043	2.028567	-6.355787	104.930000
0.200836	2.024737	-6.340460	105.030000
0.189254	1.995084	-6.312416	105.130000
0.177321	1.983191	-6.367035	105.230000
0.165930	1.977192	-6.408367	105.330000
0.154213	1.981752	-6.393298	105.430000
0.142721	1.979167	-6.365847	105.530000
0.131243	1.979676	-6.353394	105.630000
0.119545	1.977886	-6.347974	105.730000
0.108354	1.972227	-6.333203	105.831000
0.096432	1.966555	-6.333912	105.930000
0.084874	1.989372	-6.317223	106.031000
0.072741	2.001962	-6.311408	106.130000
0.060627	2.013804	-6.316227	106.230000
0.049214	2.020321	-6.364808	106.330000
0.037495	2.012936	-6.376206	106.430000
0.025764	2.019814	-6.375577	106.530000
0.014016	2.045239	-6.416168	106.630000
0.002007	2.075824	-6.431713	106.730000
-0.009369	2.062325	-6.423180	106.830000
-0.021386	2.026632	-6.386784	106.930000
-0.032986	2.015099	-6.346144	107.030000
-0.044400	1.993151	-6.303186	107.130000
-0.056532	2.028546	-6.259355	107.230000
-0.068255	2.052586	-6.289081	107.330000
-0.080100	2.061880	-6.321862	107.430000
-0.091596	2.037026	-6.314566	107.530000
-0.103221	1.969444	-6.264839	107.630000
-0.115049	1.970199	-6.288590	107.730000
-0.126853	1.979303	-6.361427	107.830000
-0.138714	1.982060	-6.322788	107.930000
-0.150588	1.989384	-6.280766	108.030000
-0.162293	2.001202	-6.295488	108.130000
-0.174095	1.967015	-6.343857	108.230000
-0.185700	1.929382	-6.336533	108.330000
-0.197726	1.924898	-6.270480	108.430000
-0.209468	1.988441	-6.278658	108.530000
-0.220864	1.995226	-6.337041	108.630000
-0.232825	1.951079	-6.327704	108.730000
-0.244089	1.936436	-6.316295	108.830000
-0.256097	1.955511	-6.341390	108.930000
-0.268186	1.983049	-6.341364	109.030000
-0.280006	2.026826	-6.354729	109.131000
-0.291740	2.026613	-6.380064	109.230000
-0.303171	2.017937	-6.388758	109.330000
-0.315091	2.005704	-6.421306	109.430000
-0.326945	1.973617	-6.445447	109.530000
-0.338327	1.955458	-6.444528	109.630000
-0.350273	1.984031	-6.419876	109.731000
-0.361675	2.024137	-6.356827	109.830000
-0.373367	2.057020	-6.342175	109.930000
-0.384701	2.070384	-6.340087	110.030000
-0.396636	2.078204	-6.321067	110.130000
-0.408135	2.100929	-6.333299	110.231000
-0.419422	2.101226	-6.352696	110.330000
-0.431290	2.111119	-6.332425	110.430000
-0.442799	2.085950	-6.298273	110.530000
-0.454391	2.084239	-6.348171	110.630000
-0.466595	2.084191	-6.368161	110.730000
-0.478279	2.106511	-6.350186	110.830000
-0.490291	2.121103	-6.374163	110.931000
-0.501691	2.112347	-6.381100	111.031000
-0.513263	2.066337	-6.366834	111.130000
-0.525357	2.033926	-6.385630	111.230000
-0.536826	2.042162	-6.414944	111.330000
-0.548710	2.087693	-6.452097	111.430000
-0.560411	2.098090	-6.419864	111.530000
-0.571992	2.063871	-6.382057	111.630000
-0.583340	2.029368	-6.382423	111.730000
-0.595648	2.053240	-6.395555	111.830000
-0.607273	2.050495	-6.357502	111.930000
-0.619157	2.049540	-6.285913	112.030000
-0.630996	2.060929	-6.238525	112.130000
-0.642598	2.073480	-6.252708	112.230000
-0.654105	2.065159	-6.292910	112.330000
-0.666419	2.073209	-6.321756	112.430000
-0.678060	2.077773	-6.349565	112.530000
-0.690101	2.062615	-6.316696	112.630000
-0.701493	2.047541	-6.290866	112.730000
-0.712958	2.041512	-6.269389	112.830000
-0.724920	2.095050	-6.302563	112.930000
-0.736958	2.126484	-6.354478	113.030000
-0.748719	2.142177	-6.353034	113.130000
-0.760557	2.134831	-6.390203	113.230000
-0.771901	2.124505	-6.388904	113.331000
-0.783596	2.136990	-6.384286	113.430000
-0.795575	2.135602	-6.424348	113.530000
-0.807430	2.103495	-6.415491	113.630000
-0.819445	2.083014	-6.336592	113.730000
-0.830912	2.092373	-6.287446	113.830000
-0.842565	2.085770	-6.293498	113.930000
-0.854158	2.093675	-6.280658	114.030000
-0.866125	2.083944	-6.266457	114.130000
-0.877533	2.044804	-6.255012	114.230000
-0.889072	2.035812	-6.273167	114.330000
-0.900872	2.050461	-6.334980	114.430000
-0.909230	2.060490	-6.389733	114.531000
-0.914521	2.063003	-6.403931	114.630000
-0.918547	2.068277	-6.372995	114.730000
-0.921878	2.085574	-6.353814	114.830000
-0.925221	2.078860	-6.375724	114.930000
-0.927799	2.071137	-6.399175	115.030000
-0.930427	2.103024	-6.420095	115.130000
-0.932254	2.106206	-6.455373	115.230000
-0.934185	2.080958	-6.418244	115.330000
-0.936179	2.077790	-6.376737	115.430000
-0.937602	2.092568	-6.352562	115.531000
-0.939362	2.112219	-6.328924	115.631000
-0.940669	2.107490	-6.338269	115.730000
-0.942018	2.112210	-6.336212	115.830000
-0.943312	2.111454	-6.305188	115.930000
-0.944521	2.095710	-6.288681	116.030000
-0.945958	2.095246	-6.318667	116.130000
-0.946671	2.106429	-6.336938	116.230000
-0.947748	2.097384	-6.325107	116.330000
-0.949007	2.111448	-6.298107	116.430000
-0.949543	2.124887	-6.314942	116.530000
-0.950650	2.134003	-6.324611	116.630000
-0.951315	2.138131	-6.331651	116.730000
-0.952002	2.120488	-6.294904	116.830000
-0.953054	2.117037	-6.260509	116.930000
-0.953496	2.106171	-6.258574	117.030000
-0.954488	2.119965	-6.304135	117.130000
-0.955054	2.122619	-6.323062	117.231000
-0.955559	2.129799	-6.312708	117.330000
-0.956238	2.117072	-6.352632	117.430000
-0.956713	2.104686	-6.367660	117.530000
-0.957521	2.115379	-6.381175	117.630000
-0.957818	2.127207	-6.393388	117.730000
-0.958493	2.123606	-6.365777	117.831000
-0.959039	2.148282	-6.350833	117.930000
-0.959401	2.172806	-6.320121	118.030000
-0.959979	2.174435	-6.303018	118.131000
-0.960359	2.141460	-6.308037	118.230000
-0.961023	2.124885	-6.326715	118.330000
-0.961365	2.121583	-6.309341	118.430000
-0.961810	2.102497	-6.318272	118.530000
-0.962250	2.077577	-6.321385	118.630000
-0.962480	2.070168	-6.360058	118.730000
-0.962907	2.069318	-6.380709	118.830000
-0.963223	2.063600	-6.377251	118.930000
-0.963390	2.057636	-6.375560	119.030000
-0.964140	2.085397	-6.341856	119.130000
-0.964308	2.101002	-6.292987	119.230000
-0.964811	2.130487	-6.329395	119.330000
-0.965102	2.161402	-6.382518	119.430000
-0.965055	2.185676	-6.357719	119.530000
-0.965874	2.196185	-6.311260	119.631000
-0.965642	2.182423	-6.324143	119.730000
-0.966093	2.165929	-6.340440	119.830000
-0.966589	2.127224	-6.319623	119.930000
-0.966514	2.099729	-6.340119	120.030000
-0.967028	2.068355	-6.374492	120.130000
-0.967258	2.076896	-6.454164	120.230000
-0.967298	2.118335	-6.462828	120.330000
-0.967567	2.108153	-6.400970	120.430000
-0.967739	2.064057	-6.410292	120.530000
-0.968022	2.050215	-6.401926	120.631000
-0.968351	2.075523	-6.404409	120.730000
-0.968748	2.093407	-6.448066	120.830000
-0.968548	2.097621	-6.452021	120.930000
-0.969029	2.113167	-6.420622	121.030000
-0.969279	2.118533	-6.391209	121.130000
-0.969274	2.132904	-6.391820	121.230000
-0.969408	2.115867	-6.384404	121.330000
-0.969767	2.115722	-6.382891	121.430000
-0.969736	2.128312	-6.379006	121.530000
-0.969948	2.155884	-6.324234	121.630000
-0.970039	2.178536	-6.319595	121.730000
-0.970286	2.157431	-6.317405	121.830000
-0.970456	2.140675	-6.302319	121.931000
-0.970550	2.138913	-6.266138	122.030000
-0.970908	2.164594	-6.286613	122.130000
-0.970819	2.140244	-6.301228	122.230000
-0.971062	2.100342	-6.317881	122.330000
-0.971291	2.106637	-6.309514	122.430000
-0.971274	2.099342	-6.348598	122.530000
-0.971787	2.101137	-6.393589	122.630000
-0.971638	2.114891	-6.406018	122.730000
-0.971641	2.105275	-6.387533	122.830000
-0.971545	2.127374	-6.373125	122.930000
-0.971851	2.140270	-6.407645	123.030000
-0.971961	2.149186	-6.427097	123.131000
-0.972280	2.141173	-6.388961	123.230000
-0.972155	2.116545	-6.342874	123.330000
-0.972253	2.106045	-6.347899	123.430000
-0.972445	2.080971	-6.327137	123.531000
-0.972490	2.091016	-6.300070	123.630000
-0.972548	2.100064	-6.307030	123.730000
-0.972712	2.124529	-6.353693	123.830000
-0.972643	2.127464	-6.397871	123.930000
-0.972840	2.124927	-6.390443	124.030000
-0.972867	2.129956	-6.385100	124.130000
-0.972938	2.108067	-6.362422	124.230000
-0.973474	2.090545	-6.383217	124.330000
-0.973365	2.088301	-6.408665	124.430000
-0.973518	2.097458	-6.388956	124.530000
-0.973411	2.097242	-6.369168	124.630000
-0.973555	2.078307	-6.310405	124.730000
-0.973750	2.079212	-6.280885	124.830000
-0.973672	2.081087	-6.286107	124.930000
-0.973871	2.079200	-6.268809	125.030000
-0.973625	2.042716	-6.289233	125.130000
-0.973639	2.037874	-6.302582	125.230000
-0.973947	2.078122	-6.336685	125.330000
-0.973923	2.109726	-6.349405	125.430000
-0.973987	2.139584	-6.333707	125.530000
-0.974097	2.183237	-6.354299	125.630000
-0.974174	2.180885	-6.380541	125.730000
-0.974152	2.152578	-6.364648	125.830000
-0.974076	2.128033	-6.325416	125.930000
-0.974354	2.091709	-6.327384	126.030000
-0.974209	2.055993	-6.322606	126.130000
-0.974453	2.027840	-6.300234	126.230000
-0.974448	2.045800	-6.322227	126.330000
-0.974607	2.051056	-6.373287	126.431000
-0.974739	2.048974	-6.424943	126.530000
-0.974673	2.090878	-6.397040	126.630000
-0.974583	2.107869	-6.335808	126.730000
-0.974920	2.098950	-6.304642	126.830000
-0.974757	2.107826	-6.304539	126.930000
-0.974937	2.096196	-6.299415	127.030000
-0.975069	2.087129	-6.325528	127.130000
-0.974946	2.089296	-6.319757	127.230000
-0.975053	2.096181	-6.305831	127.330000
-0.974898	2.098471	-6.316034	127.430000
-0.975244	2.083162	-6.334244	127.530000
-0.975003	2.100775	-6.372126	127.630000
-0.975058	2.097399	-6.408837	127.730000
-0.975160	2.099689	-6.371242	127.830000
-0.975173	2.098610	-6.369560	127.930000
-0.975255	2.086456	-6.408690	128.030000
-0.975271	2.089957	-6.405048	128.130000
-0.975071	2.090903	-6.402078	128.230000
-0.975389	2.055615	-6.414537	128.330000
-0.975311	2.047840	-6.447118	128.430000
-0.975466	2.092263	-6.446740	128.530000
-0.975397	2.097502	-6.428255	128.630000
-0.975451	2.102129	-6.400718	128.730000
-0.975412	2.091796	-6.391156	128.830000
-0.975404	2.053390	-6.411892	128.930000
-0.975671	2.051859	-6.369964	129.030000
-0.975715	2.095852	-6.327737	129.131000
-0.975531	2.118028	-6.293280	129.230000
-0.975957	2.111184	-6.310122	129.330000
-0.975815	2.137024	-6.338303	129.430000
-0.975878	2.154341	-6.377703	129.530000
-0.976010	2.127551	-6.403147	129.630000
-0.975879	2.099207	-6.415196	129.730000
-0.976002	2.070224	-6.397623	129.830000
-0.976101	2.033907	-6.375039	129.930000
-0.976164	2.051317	-6.342735	130.030000
-0.976128	2.090780	-6.333493	130.130000
-0.976184	2.116913	-6.352191	130.230000
-0.976318	2.116253	-6.354118	130.330000
-0.976006	2.122518	-6.306442	130.430000
-0.976250	2.129737	-6.306566	130.530000
-0.976126	2.108459	-6.354991	130.630000
-0.976186	2.113664	-6.375953	130.730000
-0.976284	2.093974	-6.419786	130.830000
-0.976072	2.073276	-6.470512	130.930000
-0.976423	2.070133	-6.454014	131.030000
-0.975784	2.103495	-6.408688	131.131000
-0.976321	2.137640	-6.349548	131.230000
-0.976308	2.177681	-6.355709	131.330000
-0.976142	2.159295	-6.382647	131.430000
-0.976442	2.120027	-6.351661	131.530000
-0.976346	2.121277	-6.353301	131.630000
-0.976324	2.166362	-6.400128	131.730000
-0.976451	2.202054	-6.418775	131.831000
-0.976384	2.195148	-6.395980	131.930000
-0.976581	2.171061	-6.358060	132.030000
-0.976541	2.169253	-6.334054	132.130000
-0.976641	2.165109	-6.318883	132.230000
-0.976517	2.139840	-6.328549	132.330000
-0.976462	2.131553	-6.347231	132.430000
-0.976677	2.108985	-6.403982	132.530000
-0.976258	2.113676	-6.418343	132.630000
-0.976384	2.133613	-6.414185	132.730000
-0.976784	2.116572	-6.388808	132.830000
-0.976510	2.074336	-6.415773	132.931000
-0.976605	2.047489	-6.369610	133.030000
-0.976536	2.061724	-6.309800	133.130000
-0.976673	2.086798	-6.289218	133.231000
-0.976662	2.094275	-6.275628	133.331000
-0.976593	2.131715	-6.323593	133.430000
-0.976567	2.143233	-6.344118	133.530000
-0.976629	2.129599	-6.323132	133.630000
-0.976703	2.102145	-6.265365	133.730000
-0.976649	2.098071	-6.271447	133.830000
-0.976497	2.078724	-6.323913	133.930000
-0.976673	2.089391	-6.333446	134.030000
-0.976781	2.122736	-6.355849	134.130000
-0.976872	2.118677	-6.367228	134.230000
-0.976729	2.099626	-6.313737	134.330000
-0.976736	2.108117	-6.298906	134.430000
-0.976861	2.125050	-6.276843	134.530000
-0.976660	2.110966	-6.268166	134.630000
-0.976755	2.091489	-6.293666	134.730000
-0.976814	2.077716	-6.298951	134.830000
-0.976449	2.080294	-6.289685	134.930000
-0.976473	2.122131	-6.326534	135.030000
-0.976605	2.101101	-6.424632	135.130000
-0.976724	2.062488	-6.483686	135.230000
-0.976676	2.087756	-6.499873	135.330000
-0.976801	2.099401	-6.450679	135.430000
-0.976889	2.105578	-6.400536	135.530000
-0.976717	2.108829	-6.391665	135.630000
-0.977104	2.107969	-6.405194	135.730000
-0.976855	2.092533	-6.391161	135.831000
-0.976686	2.076494	-6.363927	135.930000
-0.977014	2.095633	-6.324599	136.030000
-0.976611	2.113250	-6.312663	136.130000
-0.976959	2.114415	-6.345792	136.230000
-0.977026	2.140989	-6.375504	136.330000
-0.976833	2.164573	-6.383193	136.430000
-0.977056	2.165445	-6.372102	136.530000
-0.976564	2.132206	-6.387753	136.630000
-0.976819	2.126500	-6.399836	136.731000
-0.977046	2.129378	-6.390271	136.830000
-0.976926	2.099244	-6.403539	136.930000
-0.976677	2.064622	-6.427059	137.030000
-0.976708	2.077461	-6.444115	137.130000
-0.976901	2.094579	-6.399889	137.230000
-0.976747	2.115790	-6.314161	137.330000
-0.976815	2.145608	-6.269928	137.430000
-0.976762	2.157071	-6.321657	137.530000
-0.976819	2.165680	-6.362046	137.631000
-0.977015	2.131809	-6.366449	137.730000
-0.976720	2.098503	-6.369815	137.830000
-0.976815	2.113761	-6.339757	137.930000
-0.976996	2.136919	-6.367091	138.030000
-0.976970	2.096811	-6.361432	138.130000
-0.976859	2.076821	-6.353218	138.230000
-0.977081	2.108518	-6.391518	138.330000
-0.977260	2.118363	-6.403229	138.430000
-0.977197	2.143435	-6.396096	138.530000
-0.977022	2.131631	-6.382361	138.630000
-0.977173	2.117090	-6.336212	138.731000
-0.976927	2.108252	-6.325574	138.830000
-0.977049	2.120804	-6.309223	138.930000
-0.977100	2.108365	-6.323977	139.030000
-0.977042	2.099894	-6.343799	139.130000
-0.977174	2.080798	-6.373879	139.230000
-0.977062	2.117657	-6.343132	139.330000
-0.977026	2.159094	-6.292313	139.430000
-0.977057	2.144632	-6.321957	139.530000
-0.976938	2.128331	-6.321482	139.630000
-0.976983	2.147503	-6.299335	139.730000
-0.977033	2.135517	-6.245778	139.830000
-0.976891	2.108553	-6.244542	139.930000
-0.977204	2.113323	-6.245903	140.031000
-0.977199	2.141820	-6.290237	140.130000
-0.977394	2.131843	-6.348009	140.230000
-0.976916	2.093929	-6.341391	140.330000
-0.977116	2.082230	-6.303891	140.430000
-0.977130	2.106337	-6.319204	140.530000
-0.977127	2.096920	-6.309281	140.631000
-0.977134	2.091078	-6.310480	140.730000
-0.977057	2.102976	-6.310878	140.831000
-0.977034	2.126633	-6.324874	140.930000
-0.977141	2.135336	-6.328013	141.030000
-0.977014	2.131824	-6.330268	141.130000
-0.977356	2.142675	-6.343968	141.230000
-0.976875	2.133927	-6.347230	141.330000
-0.977123	2.128373	-6.308742	141.430000
-0.977195	2.131131	-6.271315	141.530000
-0.977072	2.114139	-6.263481	141.630000
-0.977323	2.130416	-6.280092	141.731000
-0.977173	2.127676	-6.350053	141.830000
-0.977583	2.131256	-6.386274	141.930000
-0.977323	2.145308	-6.423725	142.030000
-0.977156	2.152612	-6.414162	142.130000
-0.977617	2.161508	-6.393812	142.230000
-0.977137	2.150323	-6.341744	142.330000
-0.977428	2.138176	-6.355364	142.430000
-0.977449	2.108876	-6.381003	142.530000
-0.977220	2.136777	-6.366366	142.630000
-0.977234	2.157456	-6.402511	142.730000
-0.977333	2.166049	-6.412313	142.830000
-0.977546	2.151088	-6.379713	142.930000
-0.977269	2.154756	-6.361951	143.030000
-0.977280	2.148025	-6.360536	143.130000
-0.977514	2.147050	-6.340035	143.230000
-0.977058	2.154307	-6.286793	143.330000
-0.977417	2.145729	-6.293111	143.430000
-0.977391	2.108858	-6.360665	143.531000
-0.977190	2.073456	-6.387066	143.630000
-0.977589	2.058174	-6.385398	143.730000
-0.977144	2.081341	-6.400675	143.830000
-0.977351	2.135743	-6.387757	143.930000
-0.977568	2.141540	-6.354898	144.030000
-0.977564	2.138542	-6.306565	144.131000
-0.977517	2.132723	-6.308383	144.231000
-0.977396	2.135402	-6.319973	144.330000
-0.977412	2.125211	-6.288242	144.430000
-0.977538	2.110532	-6.280027	144.530000
-0.977336	2.117850	-6.257481	144.630000
-0.977526	2.113561	-6.249113	144.730000
-0.977364	2.084896	-6.262744	144.831000
-0.977538	2.049671	-6.281930	144.930000
-0.977447	2.042621	-6.283957	145.030000
-0.977404	2.070485	-6.303992	145.130000
-0.977742	2.128996	-6.331369	145.230000
-0.977430	2.141740	-6.352702	145.331000
-0.977616	2.137185	-6.341139	145.430000
-0.977553	2.133259	-6.333324	145.530000
-0.977330	2.117017	-6.330341	145.630000
-0.977486	2.098663	-6.351865	145.730000
-0.977344	2.105504	-6.396543	145.830000
-0.977670	2.118503	-6.419319	145.930000
-0.977390	2.132867	-6.391959	146.031000
-0.977648	2.138540	-6.367016	146.130000
-0.977493	2.137414	-6.329900	146.231000
-0.977430	2.130439	-6.369938	146.330000
-0.977592	2.135083	-6.392052	146.430000
-0.977588	2.162899	-6.360443	146.531000
-0.977699	2.139510	-6.371347	146.630000
-0.977904	2.102882	-6.377481	146.731000
-0.977509	2.073110	-6.359506	146.830000
-0.977596	2.054877	-6.322241	146.930000
-0.977531	2.092026	-6.333875	147.030000
-0.977359	2.128181	-6.347080	147.130000
-0.977619	2.151394	-6.383566	147.230000
-0.977435	2.163448	-6.427160	147.333000
-0.977756	2.124975	-6.411040	147.430000
-0.977430	2.081360	-6.407581	147.530000
-0.977222	2.063174	-6.381352	147.630000
-0.977863	2.075499	-6.340576	147.731000
-0.977183	2.089693	-6.353053	147.830000
-0.977502	2.091981	-6.355146	147.930000
-0.977363	2.111710	-6.357976	148.030000
-0.977533	2.128964	-6.358162	148.130000
-0.977395	2.132731	-6.372271	148.230000
-0.977301	2.115313	-6.351816	148.330000
-0.977410	2.114256	-6.309295	148.430000
-0.977848	2.116379	-6.278138	148.530000
-0.977719	2.128043	-6.302294	148.630000
-0.977693	2.117454	-6.337296	148.730000
-0.977560	2.149565	-6.344014	148.830000
-0.977495	2.166263	-6.325435	148.930000
-0.977520	2.138310	-6.300375	149.030000
-0.977220	2.154747	-6.317736	149.130000
-0.977344	2.138510	-6.367677	149.230000
-0.977554	2.065310	-6.359870	149.330000
-0.977642	2.074451	-6.333842	149.430000
-0.977367	2.089715	-6.332347	149.530000
-0.977699	2.068902	-6.312802	149.631000
-0.977733	2.054100	-6.280533	149.730000
-0.977727	2.066096	-6.307009	149.830000
-0.977691	2.092232	-6.342757	149.930000
-0.977506	2.110254	-6.392365	150.030000
-0.977660	2.113576	-6.441245	150.130000
-0.977657	2.124451	-6.459675	150.231000
-0.977484	2.117658	-6.453766	150.330000
-0.977834	2.117697	-6.396003	150.430000
-0.977589	2.124229	-6.332724	150.530000
-0.977742	2.108357	-6.275414	150.630000
-0.977733	2.090068	-6.278119	150.730000
-0.977587	2.064899	-6.312646	150.830000
-0.977963	2.069134	-6.331539	150.930000
-0.977628	2.083068	-6.334538	151.031000
-0.977620	2.077982	-6.294562	151.130000
-0.977576	2.100462	-6.270934	151.230000
-0.977448	2.130974	-6.281029	151.331000
-0.977632	2.142029	-6.271038	151.430000
-0.977337	2.152867	-6.284098	151.530000
-0.977533	2.155513	-6.346117	151.630000
-0.977580	2.136117	-6.369959	151.730000
-0.977639	2.118812	-6.386699	151.830000
-0.977478	2.122012	-6.347693	151.931000
-0.977497	2.142433	-6.318500	152.030000
-0.977628	2.174669	-6.313035	152.130000
-0.977832	2.178186	-6.353151	152.230000
-0.977555	2.139246	-6.373048	152.330000
-0.977573	2.108806	-6.358265	152.430000
-0.977399	2.102352	-6.368506	152.530000
-0.977880	2.102502	-6.371835	152.630000
-0.977530	2.107328	-6.362727	152.730000
-0.977511	2.117857	-6.371990	152.830000
-0.977777	2.131756	-6.349219	152.930000
-0.977509	2.169092	-6.326008	153.030000
-0.977449	2.182501	-6.361305	153.130000
-0.977535	2.192237	-6.364888	153.230000
-0.977637	2.204081	-6.351552	153.330000
-0.977670	2.176629	-6.355262	153.431000
-0.977343	2.102859	-6.299882	153.530000
-0.977506	2.063600	-6.240099	153.630000
-0.977477	2.047288	-6.263698	153.730000
-0.977555	2.080605	-6.315475	153.830000
-0.977615	2.099370	-6.395763	153.930000
-0.977544	2.094226	-6.397939	154.030000
-0.977702	2.099598	-6.414043	154.130000
-0.977647	2.094975	-6.388261	154.230000
-0.977496	2.093403	-6.358821	154.330000
-0.977688	2.112063	-6.352119	154.430000
-0.977560	2.164001	-6.309873	154.530000
-0.977472	2.166930	-6.311003	154.630000
-0.977627	2.177319	-6.330471	154.730000
-0.977758	2.172880	-6.376254	154.830000
-0.977698	2.161449	-6.440740	154.930000
-0.977404	2.156727	-6.469738	155.030000
-0.977675	2.170468	-6.464714	155.130000
-0.977358	2.172469	-6.465002	155.231000
-0.977323	2.129135	-6.499523	155.330000
-0.977265	2.082828	-6.474175	155.430000
-0.977011	2.074470	-6.425718	155.530000
-0.977569	2.087646	-6.395750	155.631000
-0.977292	2.109365	-6.367196	155.730000
-0.977445	2.108789	-6.344977	155.830000
-0.977480	2.116798	-6.330485	155.931000
-0.977340	2.106646	-6.330414	156.030000
-0.977552	2.069724	-6.336040	156.130000
-0.977268	2.079662	-6.336805	156.230000
-0.977588	2.094536	-6.338751	156.330000
-0.977552	2.114128	-6.382217	156.431000
-0.977444	2.120222	-6.399151	156.530000
-0.977515	2.150570	-6.373910	156.630000
-0.977253	2.166463	-6.381345	156.730000
-0.977175	2.161710	-6.399302	156.830000
-0.977416	2.132124	-6.374367	156.930000
-0.977212	2.101274	-6.356986	157.031000
-0.977299	2.121953	-6.374700	157.130000
-0.977100	2.164555	-6.394885	157.230000
-0.977308	2.157586	-6.389608	157.330000
-0.977429	2.115260	-6.403829	157.430000
-0.977170	2.091810	-6.401901	157.530000
-0.977349	2.086672	-6.406976	157.630000
-0.977585	2.087940	-6.427233	157.730000
-0.977432	2.082741	-6.397404	157.830000
-0.977567	2.073404	-6.364563	157.930000
-0.977452	2.066143	-6.272624	158.030000
-0.977600	2.095544	-6.263314	158.130000
-0.977410	2.122683	-6.297744	158.230000
-0.977662	2.145120	-6.369104	158.330000
-0.977761	2.147927	-6.424298	158.430000
-0.977461	2.116019	-6.449284	158.530000
-0.977755	2.102421	-6.452988	158.630000
-0.977552	2.102958	-6.426179	158.730000
-0.977809	2.135849	-6.396054	158.830000
-0.977657	2.156853	-6.384466	158.930000
-0.977350	2.142078	-6.396955	159.030000
-0.977704	2.120341	-6.382427	159.130000
-0.977441	2.152393	-6.340498	159.230000
-0.977436	2.171085	-6.370185	159.330000
-0.977647	2.131475	-6.371622	159.430000
-0.977417	2.101523	-6.354924	159.530000
-0.977559	2.102848	-6.362456	159.630000
-0.977610	2.108605	-6.358447	159.730000
-0.977596	2.111413	-6.323728	159.830000
-0.977499	2.102464	-6.302316	159.930000
-0.977418	2.102708	-6.255928	160.030000
-0.977702	2.101533	-6.243055	160.130000
-0.977588	2.122749	-6.263845	160.230000
-0.977561	2.122866	-6.335382	160.330000
-0.977707	2.112282	-6.367830	160.430000
-0.977717	2.116979	-6.356967	160.530000
-0.977662	2.093954	-6.379211	160.630000
-0.977532	2.085059	-6.411359	160.730000
-0.977780	2.097146	-6.369099	160.830000
-0.977529	2.082487	-6.332593	160.930000
-0.977402	2.081179	-6.372521	161.030000
-0.977643	2.086705	-6.391188	161.130000
-0.977741	2.105734	-6.405632	161.230000
-0.977714	2.095771	-6.418324	161.330000
-0.977707	2.062869	-6.405840	161.430000
-0.977734	2.061953	-6.355597	161.530000
-0.977809	2.087405	-6.307690	161.630000
-0.977356	2.102258	-6.263953	161.730000
-0.977670	2.100597	-6.274933	161.830000
-0.977435	2.103423	-6.336308	161.930000
-0.977332	2.095565	-6.371307	162.030000
-0.977620	2.080612	-6.395666	162.130000
-0.977440	2.073266	-6.366778	162.230000
-0.977572	2.108424	-6.308603	162.330000
-0.977553	2.148928	-6.269933	162.430000
-0.977391	2.153172	-6.273157	162.531000
-0.977616	2.150658	-6.287341	162.630000
-0.977512	2.158693	-6.327874	162.730000
-0.977689	2.136165	-6.319536	162.830000
-0.977721	2.120483	-6.305692	162.930000
-0.977509	2.095984	-6.305494	163.031000
-0.977817	2.104931	-6.293140	163.130000
-0.977480	2.133380	-6.300709	163.230000
-0.977640	2.159191	-6.321564	163.330000
-0.977730	2.138084	-6.331084	163.430000
-0.977726	2.111515	-6.377892	163.531000
-0.977602	2.105909	-6.410272	163.630000
-0.977640	2.116235	-6.396618	163.730000
-0.977741	2.129726	-6.382036	163.830000
-0.977577	2.135339	-6.353722	163.931000
-0.977679	2.172604	-6.347596	164.030000
-0.977630	2.188335	-6.357046	164.130000
-0.977642	2.136163	-6.368109	164.230000
-0.977854	2.076049	-6.377451	164.330000
-0.977811	2.072518	-6.390037	164.430000
-0.977474	2.075955	-6.420123	164.531000
-0.977766	2.068943	-6.446734	164.630000
-0.977555	2.060848	-6.445570	164.730000
-0.977640	2.103405	-6.394135	164.830000
-0.977488	2.137105	-6.358548	164.930000
-0.977619	2.141471	-6.361263	165.030000
-0.977655	2.130404	-6.338165	165.130000
-0.977479	2.115962	-6.319561	165.230000
-0.977716	2.140530	-6.347154	165.331000
-0.977669	2.145321	-6.351276	165.430000
-0.977845	2.137598	-6.375768	165.530000
-0.977685	2.158541	-6.380798	165.630000
-0.977499	2.151985	-6.333477	165.730000
-0.977519	2.148133	-6.314541	165.831000
-0.977489	2.142782	-6.357121	165.930000
-0.977708	2.089349	-6.461129	166.030000
-0.977677	2.045256	-6.499775	166.130000
-0.977418	2.057351	-6.405971	166.230000
-0.977542	2.098676	-6.328821	166.330000
-0.977366	2.124629	-6.335770	166.430000
-0.977670	2.096206	-6.359526	166.530000
-0.977578	2.080194	-6.370945	166.630000
-0.977523	2.082359	-6.388319	166.730000
-0.977514	2.054578	-6.373704	166.830000
-0.977339	2.083762	-6.333211	166.931000
-0.977483	2.094276	-6.344497	167.030000
-0.977671	2.098510	-6.372858	167.131000
-0.977619	2.063178	-6.387317	167.230000
-0.977686	2.049825	-6.397406	167.331000
-0.977357	2.062556	-6.405184	167.431000
-0.977746	2.093388	-6.394698	167.530000
-0.977540	2.124084	-6.354949	167.630000
-0.977660	2.161963	-6.299066	167.730000
-0.977985	2.213244	-6.312083	167.831000
-0.977755	2.197917	-6.318814	167.930000
-0.977693	2.157719	-6.308915	168.030000
-0.977658	2.114253	-6.323025	168.130000
-0.977981	2.100498	-6.389567	168.230000
-0.977630	2.122177	-6.384634	168.330000
-0.977682	2.159376	-6.374471	168.430000
-0.977806	2.179117	-6.398924	168.530000
-0.977582	2.158775	-6.468664	168.631000
-0.977987	2.140643	-6.491313	168.730000
-0.978010	2.124426	-6.420332	168.831000
-0.977674	2.097925	-6.380659	168.930000
-0.977880	2.078257	-6.409204	169.031000
-0.977622	2.118372	-6.430533	169.130000
-0.977849	2.135593	-6.401312	169.230000
-0.977617	2.085774	-6.380228	169.330000
-0.977691	2.071162	-6.370845	169.431000
-0.977976	2.079531	-6.390033	169.530000
-0.977725	2.081086	-6.368037	169.630000
-0.977694	2.132824	-6.337833	169.730000
-0.977762	2.135328	-6.335829	169.830000
-0.977766	2.123759	-6.310645	169.930000
-0.977584	2.135836	-6.329007	170.031000
-0.977721	2.152718	-6.361831	170.130000
-0.977794	2.131678	-6.414109	170.230000
-0.977684	2.106957	-6.404730	170.331000
-0.977560	2.106775	-6.353979	170.430000
-0.977793	2.089971	-6.348742	170.530000
-0.977953	2.083561	-6.405084	170.630000
-0.977615	2.089446	-6.441388	170.730000
-0.977685	2.076208	-6.473982	170.833000
-0.977806	2.129173	-6.482731	170.931000
-0.977741	2.172734	-6.452821	171.030000
-0.977624	2.177299	-6.449365	171.130000
-0.977832	2.157050	-6.435349	171.230000
-0.977601	2.141237	-6.419602	171.331000
-0.977724	2.147199	-6.442985	171.430000
-0.977982	2.106566	-6.426927	171.530000
-0.977381	2.069108	-6.394498	171.630000
-0.977806	2.038082	-6.372662	171.730000
-0.977763	2.043887	-6.324996	171.830000
-0.977550	2.080290	-6.285142	171.930000
-0.977546	2.112713	-6.312206	172.030000
-0.977692	2.123180	-6.328446	172.130000
-0.977610	2.147072	-6.369611	172.231000
-0.977593	2.165290	-6.391177	172.330000
-0.977627	2.171962	-6.359824	172.430000
-0.977818	2.166823	-6.321345	172.530000
-0.977454	2.136291	-6.330140	172.630000
-0.977768	2.116236	-6.377438	172.730000
-0.977676	2.109464	-6.413232	172.830000
-0.977586	2.130481	-6.407019	172.930000
-0.977618	2.141107	-6.399695	173.030000
-0.977582	2.123696	-6.347292	173.130000
-0.977664	2.145109	-6.281743	173.230000
-0.977525	2.158430	-6.268726	173.330000
-0.977533	2.136577	-6.284544	173.430000
-0.977707	2.127729	-6.284284	173.530000
-0.977444	2.117616	-6.296893	173.630000
-0.977675	2.094102	-6.372031	173.730000
-0.977512	2.122747	-6.456270	173.830000
-0.977405	2.134623	-6.485967	173.930000
-0.977616	2.102989	-6.427972	174.030000
-0.977546	2.092826	-6.319031	174.130000
-0.977528	2.097443	-6.282456	174.230000
-0.977364	2.081376	-6.259878	174.330000
-0.977507	2.048707	-6.212320	174.431000
-0.977479	2.069669	-6.185616	174.530000
-0.977299	2.112076	-6.242283	174.630000
-0.977326	2.154021	-6.320117	174.730000
-0.977601	2.181355	-6.323967	174.831000
-0.977295	2.169897	-6.344768	174.930000
-0.977514	2.159161	-6.368969	175.030000
-0.977388	2.127411	-6.375978	175.130000
-0.977643	2.114852	-6.340854	175.231000
-0.977278	2.110351	-6.303770	175.330000
-0.977466	2.080514	-6.315468	175.430000
-0.977535	2.105643	-6.317036	175.530000
-0.977638	2.147927	-6.313088	175.630000
-0.977695	2.154759	-6.302676	175.730000
-0.977526	2.120675	-6.383886	175.830000
-0.977194	2.111302	-6.458563	175.930000
-0.977550	2.108823	-6.451896	176.030000
-0.977423	2.115484	-6.408009	176.130000
-0.977568	2.108355	-6.396090	176.230000
-0.977479	2.136091	-6.419675	176.330000
-0.977299	2.179784	-6.418229	176.430000
-0.977725	2.187469	-6.395852	176.530000
