-0.141436	1.301225	-3.223094	9.011000
-0.140569	1.305557	-3.218661	9.111000
-0.140748	1.307112	-3.202337	9.211000
-0.140748	1.309312	-3.173042	9.319000
-0.140731	1.309100	-3.152005	9.411000
-0.140645	1.310959	-3.163495	9.511000
-0.140656	1.309805	-3.174241	9.611000
-0.140566	1.309993	-3.190236	9.711000
-0.140774	1.308781	-3.191466	9.811000
-0.140718	1.309230	-3.190858	9.911000
-0.140686	1.313439	-3.188048	10.011000
-0.140703	1.320472	-3.180258	10.111000
-0.140641	1.326094	-3.166376	10.211000
-0.140735	1.327968	-3.160637	10.311000
-0.140743	1.321105	-3.164416	10.411000
-0.140661	1.320521	-3.168081	10.511000
-0.140978	1.318576	-3.168218	10.611000
-0.140995	1.312294	-3.178541	10.711000
-0.137885	1.308484	-3.195086	10.811000
-0.131851	1.315628	-3.210307	10.911000
-0.125162	1.314891	-3.209379	11.011000
-0.118049	1.311220	-3.204309	11.111000
-0.110307	1.310520	-3.209079	11.211000
-0.102645	1.306585	-3.204316	11.311000
-0.094550	1.303402	-3.196625	11.411000
-0.086411	1.304087	-3.201382	11.512000
-0.078178	1.306974	-3.212650	11.611000
-0.069447	1.305764	-3.218088	11.712000
-0.060486	1.297314	-3.208864	11.811000
-0.051750	1.291103	-3.203948	11.911000
-0.043250	1.292273	-3.209446	12.011000
-0.034099	1.298116	-3.205381	12.111000
-0.025251	1.303081	-3.188701	12.211000
-0.015893	1.305717	-3.191908	12.311000
-0.006681	1.305108	-3.190093	12.412000
0.002238	1.306155	-3.190753	12.511000
0.011440	1.302047	-3.196796	12.611000
0.020734	1.300081	-3.192669	12.711000
0.030135	1.297602	-3.181908	12.811000
0.039818	1.303625	-3.177310	12.911000
0.049513	1.307221	-3.193238	13.011000
0.058709	1.307283	-3.203704	13.112000
0.068087	1.310313	-3.213711	13.211000
0.077844	1.307697	-3.210283	13.311000
0.087249	1.301275	-3.204532	13.412000
0.097133	1.295801	-3.213044	13.511000
0.106747	1.294583	-3.213447	13.611000
0.116474	1.300934	-3.219099	13.711000
0.126124	1.308481	-3.218414	13.812000
0.135612	1.314829	-3.215026	13.911000
0.145476	1.311032	-3.217140	14.012000
0.155538	1.308297	-3.213005	14.111000
0.165154	1.313401	-3.209205	14.211000
0.174889	1.315874	-3.210067	14.311000
0.184626	1.312224	-3.197423	14.411000
0.194386	1.310149	-3.190640	14.511000
0.204776	1.309375	-3.187281	14.611000
0.214832	1.306636	-3.194193	14.711000
0.224386	1.305853	-3.210128	14.811000
0.234245	1.309440	-3.211815	14.911000
0.244433	1.318186	-3.217573	15.011000
0.254000	1.320325	-3.215454	15.111000
0.263762	1.321476	-3.205592	15.211000
0.273858	1.321788	-3.197737	15.311000
0.283778	1.317970	-3.201316	15.411000
0.293568	1.317489	-3.213377	15.511000
0.303520	1.321167	-3.204957	15.611000
0.313506	1.319289	-3.205630	15.711000
0.323668	1.311946	-3.205280	15.811000
0.333509	1.308075	-3.200972	15.912000
0.343556	1.310879	-3.194074	16.011000
0.353664	1.310609	-3.184914	16.111000
0.364005	1.314583	-3.176744	16.211000
0.374563	1.325283	-3.176899	16.311000
0.384699	1.332697	-3.177802	16.411000
0.394842	1.332561	-3.181015	16.511000
0.405227	1.326138	-3.174268	16.611000
0.415333	1.317401	-3.186888	16.712000
0.425523	1.320726	-3.203828	16.812000
0.436128	1.322150	-3.199254	16.911000
0.446540	1.314915	-3.197037	17.011000
0.456286	1.312525	-3.195728	17.111000
0.466665	1.313404	-3.200714	17.211000
0.476911	1.316592	-3.196096	17.312000
0.487336	1.315710	-3.186185	17.411000
0.497863	1.309615	-3.190382	17.511000
0.508307	1.310801	-3.185633	17.611000
0.518628	1.316018	-3.186571	17.711000
0.528647	1.310435	-3.181842	17.811000
0.539155	1.306954	-3.179665	17.911000
0.549872	1.300473	-3.171311	18.011000
0.560414	1.296541	-3.155778	18.111000
0.570695	1.300619	-3.145989	18.211000
0.581092	1.310807	-3.145997	18.311000
0.591517	1.309242	-3.160910	18.411000
0.601799	1.310103	-3.163034	18.512000
0.612601	1.316566	-3.153141	18.612000
0.623338	1.320478	-3.149661	18.712000
0.633193	1.325738	-3.155813	18.811000
0.643847	1.330136	-3.161788	18.911000
0.654279	1.328978	-3.169698	19.011000
0.664986	1.322201	-3.155421	19.111000
0.675958	1.318270	-3.142449	19.211000
0.686576	1.320368	-3.156747	19.311000
0.696939	1.320893	-3.160577	19.411000
0.707466	1.322190	-3.161630	19.511000
0.717882	1.323800	-3.161547	19.611000
0.728215	1.328483	-3.174065	19.711000
0.738793	1.334164	-3.190128	19.811000
0.749347	1.329206	-3.190270	19.911000
0.760023	1.322780	-3.172989	20.011000
0.770259	1.326198	-3.172739	20.111000
0.780725	1.328543	-3.191718	20.211000
0.791322	1.328546	-3.198565	20.311000
0.801909	1.330828	-3.183901	20.411000
0.812375	1.334423	-3.167997	20.511000
0.823143	1.339454	-3.162266	20.612000
0.833813	1.339954	-3.153095	20.711000
0.844296	1.337095	-3.144953	20.811000
0.855447	1.337795	-3.150866	20.911000
0.866242	1.325481	-3.156913	21.011000
0.877104	1.316573	-3.150675	21.111000
0.887376	1.324079	-3.157968	21.212000
0.898221	1.330330	-3.156572	21.311000
0.909051	1.329219	-3.170285	21.411000
0.919825	1.326644	-3.189806	21.511000
0.930720	1.321993	-3.184106	21.612000
0.941411	1.325989	-3.167617	21.711000
0.951853	1.332332	-3.150627	21.811000
0.962715	1.328471	-3.139705	21.911000
0.973947	1.325356	-3.140204	22.011000
0.984522	1.323218	-3.141539	22.111000
0.995659	1.322251	-3.158506	22.212000
1.006467	1.316430	-3.165199	22.312000
1.017306	1.317429	-3.149158	22.411000
1.027771	1.328469	-3.136601	22.511000
1.038802	1.338062	-3.133241	22.611000
1.049933	1.341509	-3.134227	22.711000
1.060630	1.338165	-3.127905	22.811000
1.071296	1.342964	-3.122619	22.911000
1.082447	1.339211	-3.141033	23.012000
1.093098	1.331644	-3.136416	23.111000
1.104144	1.331036	-3.124718	23.211000
1.115046	1.333967	-3.135292	23.311000
1.126011	1.331587	-3.139440	23.411000
1.136540	1.331027	-3.136144	23.512000
1.147969	1.333847	-3.134526	23.611000
1.157937	1.334797	-3.135967	23.711000
1.169407	1.337810	-3.124915	23.811000
1.180662	1.338731	-3.117466	23.911000
1.190922	1.342824	-3.127970	24.011000
1.202620	1.342506	-3.135298	24.111000
1.213275	1.334977	-3.128104	24.211000
1.223778	1.330906	-3.123505	24.311000
1.234827	1.336423	-3.120258	24.411000
1.245638	1.343917	-3.114820	24.511000
1.256683	1.352018	-3.116951	24.611000
1.267453	1.350026	-3.114356	24.711000
1.278295	1.341977	-3.116622	24.811000
1.289235	1.338308	-3.112266	24.911000
1.300297	1.339260	-3.113301	25.011000
1.310171	1.343064	-3.117123	25.111000
1.322493	1.347750	-3.118092	25.211000
1.332057	1.353853	-3.122929	25.311000
1.343829	1.357032	-3.130415	25.411000
1.355946	1.346172	-3.139548	25.511000
1.365631	1.339887	-3.126510	25.611000
1.377243	1.340617	-3.106176	25.711000
1.387916	1.347095	-3.106944	25.811000
1.399063	1.345687	-3.122179	25.911000
1.410405	1.338120	-3.120245	26.011000
1.421469	1.334575	-3.113559	26.111000
1.432547	1.334067	-3.109951	26.211000
1.443338	1.334160	-3.093793	26.311000
1.454514	1.337689	-3.091150	26.411000
1.465572	1.336917	-3.086081	26.511000
1.476818	1.334605	-3.081568	26.611000
1.487792	1.332120	-3.092653	26.711000
1.499207	1.336869	-3.092930	26.811000
1.510059	1.341970	-3.086292	26.911000
1.521419	1.339189	-3.078253	27.011000
1.532640	1.339268	-3.076342	27.111000
1.544013	1.340516	-3.079435	27.211000
1.553499	1.339204	-3.097574	27.311000
1.565967	1.342396	-3.108037	27.411000
1.577100	1.349041	-3.111754	27.511000
1.587887	1.352386	-3.116824	27.611000
1.598401	1.345815	-3.110512	27.711000
1.610462	1.347209	-3.114782	27.811000
1.621240	1.350863	-3.124860	27.911000
1.632647	1.345780	-3.123515	28.012000
1.643636	1.344692	-3.112728	28.111000
1.654293	1.345960	-3.109689	28.211000
1.666039	1.346495	-3.107999	28.311000
1.676795	1.346815	-3.111385	28.411000
1.688008	1.348954	-3.118373	28.511000
1.700196	1.352502	-3.109430	28.611000
1.710606	1.350618	-3.105249	28.711000
1.723151	1.351733	-3.108365	28.811000
1.731112	1.359921	-3.106225	28.911000
1.744442	1.360026	-3.116089	29.011000
1.755244	1.349862	-3.103105	29.111000
1.764882	1.343645	-3.094716	29.211000
1.776707	1.347270	-3.100222	29.312000
1.788979	1.355939	-3.094768	29.411000
1.799516	1.366537	-3.083655	29.511000
1.810451	1.369425	-3.086127	29.611000
1.821864	1.363392	-3.102153	29.711000
1.832778	1.356057	-3.113561	29.811000
1.844241	1.350304	-3.117090	29.911000
1.855556	1.349394	-3.094938	30.011000
1.866595	1.348330	-3.081891	30.111000
1.878358	1.340744	-3.079910	30.211000
1.889439	1.336607	-3.075930	30.311000
1.899965	1.341352	-3.077295	30.411000
1.911880	1.347089	-3.085360	30.511000
1.922689	1.338579	-3.088407	30.611000
1.934213	1.337149	-3.078506	30.711000
1.945356	1.340379	-3.076792	30.811000
1.957829	1.343443	-3.078484	30.911000
1.966975	1.345710	-3.094265	31.012000
1.980955	1.346327	-3.094742	31.111000
1.990782	1.341181	-3.076113	31.211000
2.001098	1.341758	-3.062486	31.311000
2.014299	1.343819	-3.068653	31.411000
2.026693	1.340120	-3.079146	31.511000
2.034635	1.336014	-3.082706	31.612000
2.047724	1.340112	-3.086157	31.711000
2.058006	1.343332	-3.073895	31.811000
2.070833	1.345952	-3.065051	31.911000
2.081576	1.356524	-3.062254	32.011000
2.092545	1.364903	-3.060785	32.111000
2.103659	1.369245	-3.064854	32.212000
2.114763	1.366900	-3.068937	32.311000
2.125915	1.364755	-3.071825	32.411000
2.137679	1.360363	-3.064356	32.511000
2.148565	1.358165	-3.064440	32.611000
2.160411	1.354436	-3.066306	32.711000
2.171977	1.355253	-3.053097	32.811000
2.182720	1.354695	-3.045812	32.911000
2.194521	1.357169	-3.051805	33.011000
2.205405	1.359085	-3.063275	33.112000
2.216284	1.358027	-3.071329	33.211000
2.228219	1.357034	-3.061786	33.311000
2.239630	1.355267	-3.050078	33.411000
2.251089	1.355984	-3.035357	33.512000
2.261757	1.356802	-3.047933	33.611000
2.274521	1.353777	-3.056166	33.711000
2.283643	1.352536	-3.056857	33.811000
2.294837	1.357950	-3.058024	33.911000
2.309217	1.366163	-3.069762	34.011000
2.315240	1.364957	-3.072830	34.111000
2.333823	1.359351	-3.056615	34.211000
2.338266	1.353583	-3.057750	34.311000
2.356044	1.350444	-3.070005	34.411000
2.359493	1.353335	-3.065217	34.511000
2.377115	1.354444	-3.054770	34.611000
2.390422	1.361127	-3.048908	34.711000
2.397147	1.361364	-3.041070	34.811000
2.405983	1.354836	-3.024991	34.911000
2.421879	1.359499	-3.018038	35.011000
2.434115	1.359360	-3.019638	35.111000
2.447287	1.362464	-3.029527	35.211000
2.452624	1.365050	-3.030716	35.311000
2.469196	1.370002	-3.027696	35.411000
2.477196	1.370727	-3.032568	35.512000
2.489173	1.372291	-3.034176	35.611000
2.501539	1.370683	-3.044460	35.711000
2.512349	1.366339	-3.036107	35.811000
2.523224	1.357476	-3.024528	35.911000
2.535294	1.354291	-3.024011	36.011000
2.547269	1.358600	-3.027955	36.111000
2.556935	1.359418	-3.034476	36.211000
2.570002	1.359305	-3.039833	36.311000
2.580862	1.358445	-3.035601	36.411000
2.591849	1.359671	-3.011867	36.511000
2.603267	1.364332	-3.016949	36.612000
2.614959	1.365644	-3.037954	36.711000
2.625601	1.363039	-3.048539	36.811000
2.637833	1.364428	-3.055104	36.911000
2.647946	1.361174	-3.053777	37.011000
2.659510	1.355842	-3.045035	37.112000
2.671350	1.356377	-3.035494	37.211000
2.681848	1.363604	-3.032585	37.311000
2.693104	1.362559	-3.040249	37.411000
2.705601	1.354898	-3.051998	37.511000
2.717141	1.350625	-3.065093	37.611000
2.728269	1.347174	-3.052444	37.711000
2.740023	1.345571	-3.048850	37.812000
2.750925	1.351678	-3.058187	37.911000
2.762354	1.359599	-3.058175	38.011000
2.773932	1.367555	-3.054904	38.111000
2.784601	1.374590	-3.048251	38.211000
2.795814	1.368543	-3.055537	38.311000
2.806997	1.363673	-3.059586	38.411000
2.818255	1.361621	-3.061244	38.511000
2.829080	1.366516	-3.054307	38.611000
2.840856	1.368691	-3.050150	38.711000
2.851995	1.363067	-3.036987	38.812000
2.863595	1.365897	-3.033362	38.912000
2.874871	1.373008	-3.043334	39.011000
2.886307	1.372161	-3.061553	39.112000
2.897862	1.369545	-3.054795	39.211000
2.909311	1.363201	-3.025282	39.311000
2.920880	1.358874	-3.022098	39.411000
2.931845	1.366567	-3.019230	39.511000
2.942969	1.370866	-3.018629	39.611000
2.954277	1.367563	-3.022936	39.711000
2.965605	1.366484	-3.018457	39.811000
2.976224	1.365913	-3.018169	39.911000
2.989412	1.367541	-3.021057	40.012000
3.001168	1.367624	-3.018256	40.111000
3.009546	1.363725	-3.019580	40.211000
3.025496	1.360776	-3.028355	40.311000
3.032978	1.360530	-3.022767	40.411000
3.047661	1.360631	-3.014661	40.511000
3.055876	1.361534	-3.009857	40.612000
3.069629	1.362807	-3.014907	40.711000
3.079859	1.361737	-3.003917	40.812000
3.090962	1.361382	-3.011316	40.911000
3.103335	1.360364	-3.028938	41.011000
3.115519	1.359763	-3.033220	41.112000
3.126730	1.359794	-3.028724	41.211000
3.137209	1.360859	-3.022063	41.311000
3.147258	1.363392	-3.024094	41.411000
3.161463	1.369653	-3.021766	41.511000
3.171521	1.376767	-3.014766	41.611000
3.182707	1.386358	-3.010829	41.711000
3.195890	1.382901	-3.018273	41.811000
3.205529	1.367109	-3.035809	41.911000
3.215222	1.358588	-3.037616	42.011000
3.227098	1.362828	-3.019480	42.111000
3.238755	1.370727	-3.004838	42.212000
3.250303	1.374221	-3.004784	42.311000
3.261638	1.366986	-3.015080	42.411000
3.272768	1.368879	-3.007323	42.511000
3.285163	1.382279	-2.997700	42.611000
3.298616	1.379910	-2.991627	42.711000
3.307431	1.372848	-2.997592	42.812000
3.320511	1.367237	-2.998761	42.911000
3.331325	1.366689	-2.999031	43.011000
3.341692	1.369168	-2.988262	43.111000
3.353943	1.374210	-2.998131	43.211000
3.365231	1.376765	-3.017953	43.311000
3.375618	1.377241	-3.017404	43.411000
3.387594	1.371464	-3.009380	43.511000
3.399119	1.367080	-2.994340	43.611000
3.410388	1.364927	-2.978527	43.711000
3.422045	1.373880	-2.985601	43.812000
3.433439	1.377473	-2.987384	43.911000
3.445175	1.373750	-2.990697	44.011000
3.455956	1.367045	-2.993246	44.111000
3.467587	1.372192	-2.995253	44.212000
3.478927	1.376137	-2.997046	44.312000
3.490164	1.373173	-2.999629	44.411000
3.501623	1.366186	-2.994389	44.511000
3.513588	1.366585	-2.993879	44.612000
3.525021	1.365300	-3.006712	44.711000
3.536047	1.362769	-3.010951	44.812000
3.547278	1.361461	-3.005476	44.911000
3.558982	1.363503	-2.993550	45.011000
3.570529	1.365438	-2.989459	45.112000
3.581863	1.366603	-2.990116	45.211000
3.592912	1.366230	-2.984740	45.311000
3.604651	1.363598	-2.963836	45.412000
3.615998	1.366786	-2.947500	45.511000
3.627783	1.373212	-2.945098	45.611000
3.638697	1.370859	-2.960804	45.711000
3.650227	1.364788	-2.973689	45.811000
3.661556	1.360128	-2.973694	45.911000
3.673071	1.357511	-2.962248	46.011000
3.684722	1.363335	-2.972864	46.111000
3.695989	1.368113	-2.975359	46.211000
3.707359	1.375694	-2.971415	46.311000
3.718713	1.379809	-2.974826	46.411000
3.730355	1.376520	-2.976097	46.511000
3.741829	1.371018	-2.976720	46.611000
3.753250	1.370368	-2.978010	46.711000
3.764374	1.375776	-2.982509	46.811000
3.776104	1.381793	-2.977967	46.911000
3.786729	1.383941	-2.979412	47.011000
3.798469	1.384669	-2.985869	47.111000
3.809714	1.382978	-2.985179	47.211000
3.821148	1.376206	-2.983831	47.311000
3.831847	1.366949	-2.981900	47.411000
3.843954	1.367094	-2.972399	47.511000
3.854506	1.365974	-2.952332	47.611000
3.866193	1.371331	-2.942642	47.711000
3.877084	1.373201	-2.952956	47.811000
3.888403	1.368472	-2.962234	47.911000
3.900267	1.370976	-2.973223	48.011000
3.911105	1.367791	-2.980301	48.112000
3.922045	1.368235	-2.967815	48.211000
3.933669	1.372083	-2.948340	48.311000
3.946164	1.373756	-2.941341	48.411000
3.957299	1.367146	-2.946490	48.511000
3.968468	1.367328	-2.960611	48.612000
3.979490	1.371668	-2.955602	48.712000
3.991014	1.374732	-2.955538	48.811000
4.001169	1.366283	-2.948211	48.912000
4.013126	1.363893	-2.937001	49.011000
4.026143	1.372893	-2.951385	49.111000
4.036886	1.374529	-2.968376	49.211000
4.046542	1.373593	-2.957230	49.311000
4.058408	1.369580	-2.957495	49.411000
4.071793	1.368317	-2.953373	49.511000
4.080817	1.377681	-2.956633	49.611000
4.094781	1.379601	-2.970194	49.712000
4.103616	1.373617	-2.963445	49.811000
4.117964	1.366542	-2.954335	49.911000
4.125030	1.366708	-2.960083	50.011000
4.139670	1.363984	-2.948050	50.111000
4.150319	1.361014	-2.951608	50.212000
4.159901	1.358561	-2.960696	50.311000
4.174844	1.358817	-2.951695	50.411000
4.184256	1.363539	-2.946815	50.511000
4.194336	1.367179	-2.957431	50.611000
4.205287	1.367924	-2.955427	50.711000
4.216250	1.364920	-2.973951	50.811000
4.227609	1.365137	-2.990948	50.911000
4.239317	1.366088	-2.995274	51.011000
4.250885	1.367103	-2.965526	51.112000
4.265072	1.368427	-2.955745	51.211000
4.277508	1.368061	-2.960107	51.311000
4.287960	1.367616	-2.950912	51.411000
4.297870	1.369693	-2.943571	51.511000
4.309882	1.371009	-2.958625	51.611000
4.321001	1.361323	-2.963473	51.711000
4.333342	1.359823	-2.946458	51.811000
4.344573	1.363081	-2.942644	51.911000
4.352888	1.367712	-2.942785	52.012000
4.363123	1.367486	-2.940190	52.111000
4.376079	1.367787	-2.941164	52.211000
4.389037	1.369973	-2.951189	52.312000
4.396848	1.377426	-2.961048	52.411000
4.411270	1.381112	-2.966922	52.512000
4.420843	1.376676	-2.973652	52.611000
4.431992	1.369731	-2.959666	52.711000
4.443433	1.361688	-2.945861	52.812000
4.456156	1.365503	-2.945613	52.911000
4.465869	1.366480	-2.947963	53.011000
4.475908	1.372804	-2.948422	53.111000
4.487307	1.377677	-2.955011	53.211000
4.498298	1.380205	-2.947192	53.312000
4.511789	1.379199	-2.934634	53.411000
4.524515	1.371836	-2.930863	53.512000
4.531660	1.369087	-2.920561	53.611000
4.546140	1.371910	-2.927004	53.711000
4.558569	1.372631	-2.940099	53.811000
4.566079	1.374811	-2.953474	53.911000
4.579684	1.371453	-2.951888	54.011000
4.588889	1.370592	-2.965895	54.111000
4.603365	1.367679	-2.961770	54.211000
4.612338	1.375157	-2.952467	54.311000
4.623638	1.387009	-2.937859	54.411000
4.636408	1.386305	-2.928458	54.511000
4.647150	1.374225	-2.923669	54.611000
4.658852	1.368241	-2.915141	54.711000
4.669467	1.359852	-2.907736	54.811000
4.680488	1.362538	-2.913924	54.911000
4.691525	1.370134	-2.924245	55.012000
4.703153	1.379966	-2.931719	55.112000
4.715095	1.380891	-2.931884	55.211000
4.725744	1.377977	-2.931725	55.311000
4.737200	1.379880	-2.939574	55.411000
4.748244	1.376415	-2.953736	55.511000
4.759751	1.371609	-2.958974	55.611000
4.770841	1.369333	-2.953832	55.711000
4.782747	1.375320	-2.951632	55.812000
4.793798	1.376641	-2.941939	55.911000
4.805332	1.370954	-2.936715	56.011000
4.816057	1.369901	-2.929623	56.111000
4.827267	1.372592	-2.928063	56.212000
4.838447	1.377873	-2.936242	56.311000
4.849758	1.379408	-2.935361	56.411000
4.860626	1.375604	-2.941767	56.511000
4.872041	1.374394	-2.949832	56.612000
4.883042	1.373114	-2.938881	56.711000
4.893945	1.377754	-2.935463	56.811000
4.905561	1.384199	-2.927870	56.911000
4.916390	1.376330	-2.936159	57.011000
4.927395	1.368350	-2.943473	57.111000
4.939005	1.363260	-2.938136	57.211000
4.950169	1.363703	-2.921004	57.311000
4.960797	1.363397	-2.910446	57.411000
4.972491	1.364768	-2.913405	57.511000
4.983640	1.369805	-2.915608	57.611000
4.995176	1.374378	-2.920072	57.711000
5.006335	1.374790	-2.926388	57.811000
5.017382	1.373419	-2.921406	57.911000
5.028405	1.370046	-2.918043	58.011000
5.040148	1.365290	-2.920606	58.112000
5.051339	1.364370	-2.911710	58.211000
5.062325	1.366544	-2.912117	58.311000
5.073420	1.374427	-2.909885	58.411000
5.084364	1.377768	-2.906780	58.511000
5.095819	1.372909	-2.911943	58.611000
5.107506	1.372750	-2.913909	58.711000
5.118953	1.376969	-2.927346	58.811000
5.129815	1.371652	-2.929159	58.911000
5.140536	1.366636	-2.911542	59.012000
5.153040	1.372393	-2.898343	59.111000
5.163247	1.377304	-2.902711	59.211000
5.173610	1.375613	-2.905772	59.311000
5.185803	1.368247	-2.902658	59.411000
5.197949	1.362158	-2.918236	59.512000
5.207908	1.365211	-2.926276	59.611000
5.218446	1.371456	-2.913547	59.712000
5.230905	1.373936	-2.915176	59.811000
5.242493	1.381420	-2.917186	59.912000
5.252323	1.380983	-2.923185	60.012000
5.262791	1.377564	-2.926962	60.111000
5.274533	1.379812	-2.923471	60.211000
5.285807	1.379059	-2.924433	60.312000
5.297983	1.374003	-2.925667	60.411000
5.309326	1.371188	-2.926948	60.511000
5.319833	1.372977	-2.918433	60.611000
5.329801	1.377233	-2.900632	60.712000
5.334268	1.377314	-2.896313	60.811000
5.334831	1.371771	-2.890500	60.912000
5.329667	1.369248	-2.893826	61.012000
5.326300	1.374674	-2.904673	61.111000
5.321429	1.381185	-2.904631	61.211000
5.315913	1.384854	-2.908154	61.311000
5.310401	1.388177	-2.908228	61.411000
5.304236	1.390355	-2.906465	61.512000
5.297847	1.384986	-2.905045	61.612000
5.291471	1.383768	-2.903327	61.712000
5.284682	1.384965	-2.907242	61.811000
5.277405	1.378141	-2.908220	61.911000
5.270539	1.367483	-2.896946	62.011000
5.262413	1.358813	-2.902007	62.111000
5.255261	1.356645	-2.904234	62.211000
5.247454	1.361452	-2.892348	62.311000
5.239548	1.361857	-2.887342	62.411000
5.231376	1.362859	-2.897112	62.511000
5.223453	1.364861	-2.912658	62.611000
5.215347	1.372453	-2.904753	62.712000
5.207067	1.380279	-2.892706	62.811000
5.198098	1.382251	-2.913750	62.912000
5.189585	1.374094	-2.922011	63.011000
5.181953	1.368589	-2.924999	63.111000
5.173141	1.365266	-2.937607	63.211000
5.164043	1.365514	-2.934974	63.311000
5.155478	1.366547	-2.924762	63.411000
5.146977	1.369895	-2.914573	63.511000
5.138121	1.373438	-2.918367	63.611000
5.129309	1.374462	-2.912345	63.711000
5.120139	1.375087	-2.910519	63.812000
5.111501	1.373727	-2.914279	63.911000
5.102060	1.372192	-2.907590	64.012000
5.092886	1.373347	-2.901637	64.111000
5.083857	1.374341	-2.902348	64.211000
5.074482	1.377340	-2.918340	64.311000
5.065501	1.379314	-2.922053	64.411000
5.057021	1.374927	-2.911700	64.511000
5.046891	1.369763	-2.910410	64.612000
5.036716	1.374668	-2.906434	64.711000
5.029716	1.376495	-2.903595	64.811000
5.017530	1.376624	-2.904046	64.911000
5.009096	1.368709	-2.919964	65.011000
5.001660	1.364906	-2.934455	65.111000
4.991354	1.366975	-2.933137	65.211000
4.982165	1.371718	-2.929552	65.311000
4.973138	1.374536	-2.923232	65.411000
4.963182	1.373184	-2.929897	65.511000
4.955392	1.365898	-2.922105	65.611000
4.945493	1.363944	-2.924933	65.712000
4.935690	1.369220	-2.939033	65.811000
4.925068	1.374778	-2.947297	65.911000
4.915548	1.373174	-2.945669	66.011000
4.904896	1.375515	-2.941171	66.111000
4.894452	1.379340	-2.925121	66.211000
4.885069	1.376486	-2.914890	66.311000
4.876499	1.368614	-2.920115	66.411000
4.867523	1.368759	-2.922243	66.512000
4.858557	1.367508	-2.911674	66.611000
4.848445	1.367396	-2.910078	66.712000
4.837453	1.372412	-2.914282	66.811000
4.825767	1.371995	-2.930672	66.911000
4.817884	1.375417	-2.933888	67.011000
4.809403	1.378367	-2.941246	67.111000
4.797241	1.375651	-2.931506	67.211000
4.788414	1.372046	-2.925954	67.311000
4.778530	1.375405	-2.931291	67.411000
4.768531	1.375172	-2.940556	67.511000
4.757289	1.375040	-2.939020	67.611000
4.748388	1.374194	-2.929474	67.711000
4.738707	1.373501	-2.930605	67.811000
4.728532	1.372204	-2.941333	67.911000
4.718796	1.374964	-2.933982	68.012000
4.708640	1.377508	-2.921700	68.111000
4.698443	1.381663	-2.913963	68.211000
4.688778	1.377582	-2.925602	68.311000
4.678600	1.375121	-2.939439	68.411000
4.668787	1.371674	-2.941137	68.511000
4.658421	1.373220	-2.929647	68.611000
4.648369	1.380230	-2.932036	68.711000
4.637920	1.382339	-2.949283	68.815000
4.628254	1.380547	-2.953556	68.911000
4.618100	1.386877	-2.952735	69.011000
4.607973	1.386034	-2.961239	69.111000
4.598508	1.382344	-2.954985	69.211000
4.587719	1.379228	-2.943433	69.311000
4.578120	1.372889	-2.936931	69.411000
4.567567	1.367846	-2.922044	69.511000
4.557712	1.377978	-2.908319	69.611000
4.547774	1.385438	-2.917864	69.711000
4.537618	1.380460	-2.937709	69.811000
4.527716	1.374528	-2.943421	69.911000
4.517460	1.373159	-2.934035	70.011000
4.507452	1.372258	-2.921341	70.111000
4.497308	1.366755	-2.916188	70.211000
4.486833	1.364601	-2.911952	70.311000
4.476119	1.367369	-2.926355	70.411000
4.466109	1.370489	-2.944139	70.511000
4.455759	1.375431	-2.950711	70.612000
4.445370	1.375612	-2.940749	70.711000
4.435334	1.375299	-2.946645	70.811000
4.424436	1.371099	-2.949015	70.911000
4.414203	1.371022	-2.948636	71.011000
4.403831	1.374927	-2.946829	71.111000
4.393732	1.377750	-2.947023	71.211000
4.383100	1.378229	-2.950778	71.311000
4.373287	1.377476	-2.954715	71.411000
4.362359	1.372435	-2.962827	71.512000
4.351602	1.369628	-2.968601	71.611000
4.341389	1.371512	-2.975979	71.712000
4.330355	1.375020	-2.958234	71.811000
4.320696	1.380691	-2.934061	71.911000
4.310550	1.379284	-2.917850	72.011000
4.299264	1.375607	-2.921833	72.111000
4.288933	1.372185	-2.926980	72.211000
4.278951	1.367019	-2.933640	72.311000
4.268000	1.366377	-2.947975	72.411000
4.257184	1.365193	-2.960784	72.512000
4.247295	1.372122	-2.965408	72.611000
4.236625	1.377549	-2.969129	72.711000
4.226031	1.376597	-2.968334	72.811000
4.215853	1.370329	-2.959885	72.911000
4.205104	1.363107	-2.951801	73.011000
4.194944	1.365605	-2.943160	73.111000
4.183362	1.372388	-2.946283	73.211000
4.171755	1.373559	-2.952150	73.312000
4.163653	1.375873	-2.957188	73.411000
4.151483	1.371667	-2.957855	73.511000
4.140186	1.369003	-2.955018	73.611000
4.131981	1.366030	-2.952318	73.711000
4.120054	1.365852	-2.963091	73.811000
4.108636	1.365843	-2.974207	73.911000
4.100435	1.366991	-2.982034	74.012000
4.087507	1.368083	-2.980633	74.111000
4.077623	1.366000	-2.976632	74.211000
4.069211	1.370143	-2.955385	74.311000
4.055280	1.372819	-2.944096	74.411000
4.048341	1.368980	-2.933927	74.511000
4.033587	1.364725	-2.947105	74.611000
4.027102	1.364420	-2.952406	74.711000
4.015010	1.365046	-2.943961	74.811000
4.002636	1.364181	-2.944710	74.911000
3.991911	1.360333	-2.945647	75.011000
3.983617	1.359795	-2.946095	75.111000
3.973015	1.362645	-2.948945	75.211000
3.962916	1.363183	-2.952915	75.311000
3.952879	1.364561	-2.952334	75.411000
3.940930	1.369975	-2.953119	75.511000
3.926717	1.378846	-2.940200	75.611000
3.915868	1.381989	-2.957803	75.711000
3.908509	1.376698	-2.968953	75.812000
3.895928	1.378257	-2.976913	75.912000
3.886786	1.374552	-2.994422	76.011000
3.872533	1.367567	-2.996980	76.111000
3.865716	1.364408	-2.987202	76.211000
3.852606	1.364813	-2.969518	76.311000
3.842923	1.375279	-2.963939	76.411000
3.830221	1.376871	-2.957437	76.511000
3.821476	1.375989	-2.960639	76.611000
3.809907	1.370905	-2.972234	76.711000
3.797784	1.368040	-2.959249	76.811000
3.787803	1.367598	-2.961591	76.911000
3.777300	1.369272	-2.975663	77.011000
3.766209	1.366835	-2.987480	77.111000
3.753826	1.369242	-2.991653	77.211000
3.744420	1.371826	-2.989706	77.311000
3.734453	1.364169	-2.990284	77.412000
3.721281	1.359464	-2.991206	77.511000
3.712338	1.366576	-2.994458	77.611000
3.700418	1.381929	-2.986571	77.711000
3.689003	1.388836	-2.980958	77.811000
3.677366	1.390945	-2.988972	77.911000
3.666787	1.387402	-2.983804	78.011000
3.658189	1.381714	-2.981043	78.111000
3.646809	1.373753	-2.988027	78.211000
3.634063	1.367156	-2.994723	78.311000
3.625713	1.361669	-2.991815	78.411000
3.611892	1.361248	-2.988133	78.511000
3.603879	1.361049	-2.967886	78.612000
3.591171	1.355423	-2.960291	78.711000
3.580696	1.355082	-2.974161	78.811000
3.570270	1.364617	-2.984102	78.911000
3.560169	1.369879	-2.979475	79.011000
3.546489	1.374854	-2.974679	79.111000
3.538493	1.378014	-2.979552	79.211000
3.527315	1.382384	-2.981434	79.311000
3.514276	1.380713	-2.984098	79.411000
3.503767	1.376518	-2.982479	79.511000
3.493904	1.373582	-2.997948	79.611000
3.482863	1.372757	-3.000466	79.711000
3.470249	1.364474	-2.984637	79.811000
3.459591	1.362736	-2.962101	79.912000
3.450200	1.368664	-2.966789	80.011000
3.438971	1.368657	-2.980943	80.111000
3.425958	1.367528	-2.995425	80.212000
3.416464	1.362109	-2.999121	80.311000
3.405950	1.359460	-2.993505	80.411000
3.394743	1.363106	-2.987343	80.511000
3.383434	1.364618	-2.992210	80.612000
3.371002	1.363740	-2.996944	80.711000
3.360575	1.365498	-3.002192	80.811000
3.349384	1.366282	-3.001221	80.912000
3.338446	1.364729	-2.996287	81.011000
3.327058	1.360122	-3.007272	81.111000
3.316525	1.359900	-3.003011	81.211000
3.304719	1.359672	-3.007928	81.311000
3.293593	1.358872	-3.021670	81.412000
3.283200	1.361400	-3.014463	81.511000
3.271422	1.369017	-2.994766	81.611000
3.261159	1.369910	-2.987921	81.711000
3.249940	1.368117	-3.004516	81.811000
3.238197	1.364673	-3.019208	81.911000
3.226455	1.365334	-3.025963	82.012000
3.215241	1.362501	-3.010550	82.112000
3.204331	1.361898	-3.007899	82.211000
3.193278	1.366887	-3.023834	82.311000
3.181402	1.372450	-3.024981	82.411000
3.170678	1.375211	-3.015258	82.511000
3.160360	1.375581	-3.021621	82.611000
3.148718	1.374007	-3.024104	82.711000
3.137714	1.373738	-3.015465	82.811000
3.126748	1.370134	-3.004695	82.911000
3.116112	1.368017	-3.005169	83.011000
3.104896	1.366685	-3.011673	83.112000
3.093469	1.361276	-3.014831	83.211000
3.082850	1.357403	-3.012337	83.311000
3.071896	1.365230	-3.011163	83.412000
3.060367	1.369759	-3.012840	83.511000
3.049177	1.368149	-3.022371	83.611000
3.038573	1.366081	-3.029982	83.711000
3.026316	1.370677	-3.038859	83.811000
3.014249	1.377097	-3.047036	83.911000
3.004674	1.374047	-3.047787	84.011000
2.993787	1.365880	-3.036398	84.111000
2.981921	1.363140	-3.042201	84.211000
2.968282	1.358019	-3.031978	84.311000
2.956063	1.358275	-3.027415	84.411000
2.947125	1.357653	-3.022072	84.511000
2.940104	1.360285	-3.012808	84.612000
2.924979	1.363553	-3.012499	84.711000
2.917460	1.361053	-3.010291	84.811000
2.901972	1.354777	-3.008308	84.911000
2.893012	1.351274	-3.015395	85.012000
2.882700	1.350878	-3.017544	85.111000
2.869835	1.356761	-3.024749	85.211000
2.859009	1.359290	-3.044893	85.311000
2.847476	1.357128	-3.048353	85.411000
2.836380	1.357219	-3.022554	85.511000
2.825037	1.361122	-3.013995	85.611000
2.813722	1.353302	-3.013569	85.711000
2.802310	1.345087	-3.024146	85.811000
2.791045	1.340953	-3.035066	85.911000
2.779642	1.340461	-3.036240	86.012000
2.768712	1.349319	-3.036598	86.111000
2.757631	1.359119	-3.029817	86.211000
2.745554	1.366845	-3.023153	86.311000
2.733731	1.368625	-3.021549	86.411000
2.724014	1.371194	-3.039848	86.511000
2.711844	1.369284	-3.049726	86.611000
2.702666	1.361711	-3.046657	86.712000
2.688832	1.353814	-3.032763	86.811000
2.676763	1.353435	-3.017913	86.911000
2.668508	1.361151	-3.015509	87.011000
2.653991	1.360328	-3.032604	87.111000
2.644753	1.359176	-3.043976	87.212000
2.631289	1.361314	-3.039680	87.311000
2.620063	1.362054	-3.034948	87.412000
2.609496	1.361031	-3.028983	87.511000
2.598104	1.359742	-3.014249	87.611000
2.588027	1.358942	-3.006107	87.711000
2.576533	1.357401	-3.016142	87.811000
2.564191	1.354147	-3.042594	87.911000
2.553450	1.351027	-3.043643	88.011000
2.541343	1.350407	-3.041677	88.111000
2.529755	1.349466	-3.042731	88.211000
2.518402	1.351537	-3.043510	88.311000
2.506933	1.353339	-3.039517	88.411000
2.495867	1.352899	-3.044644	88.511000
2.485157	1.357246	-3.054129	88.611000
2.472399	1.360191	-3.051983	88.711000
2.463025	1.359763	-3.052768	88.811000
2.451047	1.358692	-3.049038	88.911000
2.437285	1.359939	-3.058428	89.011000
2.429039	1.361154	-3.065383	89.111000
2.417518	1.361241	-3.074042	89.211000
2.405624	1.355045	-3.073647	89.311000
2.393716	1.354131	-3.050043	89.411000
2.381167	1.358341	-3.030877	89.511000
2.371762	1.354568	-3.030499	89.612000
2.358885	1.352739	-3.046589	89.711000
2.347480	1.352055	-3.058982	89.811000
2.336251	1.359847	-3.065404	89.911000
2.324843	1.358273	-3.054831	90.011000
2.313729	1.358352	-3.035766	90.112000
2.302265	1.363750	-3.034046	90.212000
2.290754	1.359904	-3.055312	90.311000
2.278396	1.352751	-3.072789	90.411000
2.267609	1.349704	-3.069689	90.511000
2.256560	1.352366	-3.072188	90.612000
2.245383	1.356706	-3.066462	90.711000
2.232672	1.359129	-3.059388	90.811000
2.221198	1.361891	-3.059635	90.911000
2.210127	1.360885	-3.063608	91.011000
2.198674	1.353329	-3.067460	91.111000
2.186944	1.353298	-3.057535	91.211000
2.175729	1.350182	-3.052837	91.312000
2.164396	1.350010	-3.061633	91.411000
2.152929	1.351963	-3.066728	91.511000
2.140992	1.355818	-3.065287	91.612000
2.129643	1.359208	-3.068018	91.711000
2.118100	1.357410	-3.067375	91.811000
2.106696	1.358455	-3.085463	91.912000
2.095448	1.354953	-3.099690	92.011000
2.084368	1.357001	-3.092589	92.111000
2.073442	1.355550	-3.083264	92.211000
2.061083	1.351434	-3.076256	92.311000
2.051149	1.352569	-3.087627	92.411000
2.038794	1.357149	-3.093641	92.511000
2.026490	1.351621	-3.083647	92.611000
2.015314	1.344347	-3.077838	92.712000
2.004809	1.350286	-3.077573	92.811000
1.993019	1.351142	-3.089415	92.912000
1.981269	1.347774	-3.074663	93.012000
1.970256	1.345066	-3.062545	93.111000
1.958484	1.343824	-3.057623	93.211000
1.946774	1.346868	-3.052561	93.311000
1.935249	1.355481	-3.055081	93.411000
1.924091	1.355829	-3.070167	93.511000
1.912534	1.351968	-3.068189	93.611000
1.901254	1.352348	-3.061400	93.712000
1.888535	1.356652	-3.075916	93.811000
1.877036	1.350981	-3.091202	93.911000
1.865294	1.348716	-3.093823	94.011000
1.854605	1.353526	-3.089732	94.111000
1.843395	1.358107	-3.090407	94.212000
1.831382	1.360856	-3.083373	94.311000
1.820281	1.366397	-3.075941	94.412000
1.808947	1.366153	-3.082335	94.511000
1.797012	1.354242	-3.092981	94.612000
1.786101	1.349330	-3.095175	94.711000
1.774249	1.347925	-3.093173	94.811000
1.762386	1.343505	-3.094986	94.911000
1.750652	1.347542	-3.098285	95.011000
1.739115	1.349408	-3.097244	95.111000
1.727737	1.344674	-3.101261	95.211000
1.716063	1.341871	-3.102169	95.311000
1.704877	1.343360	-3.105004	95.411000
1.693360	1.342822	-3.112467	95.511000
1.681109	1.337657	-3.106847	95.611000
1.669956	1.335871	-3.098449	95.711000
1.658103	1.338614	-3.094080	95.812000
1.646517	1.341137	-3.104851	95.912000
1.635282	1.341538	-3.113249	96.011000
1.623135	1.341871	-3.109394	96.111000
1.611492	1.344415	-3.103615	96.211000
1.600209	1.344771	-3.091435	96.311000
1.588796	1.342289	-3.081401	96.411000
1.577136	1.345712	-3.079849	96.511000
1.565850	1.344943	-3.077644	96.611000
1.554270	1.344826	-3.087979	96.711000
1.542616	1.342879	-3.109281	96.812000
1.530921	1.344248	-3.122744	96.911000
1.519472	1.348265	-3.115545	97.011000
1.507940	1.346756	-3.111826	97.112000
1.496464	1.337696	-3.118655	97.212000
1.485058	1.332458	-3.119941	97.311000
1.473770	1.332694	-3.122347	97.411000
1.462246	1.335132	-3.129256	97.511000
1.450948	1.334292	-3.135941	97.612000
1.439214	1.335876	-3.134310	97.711000
1.427658	1.341824	-3.131350	97.811000
1.416011	1.347199	-3.129078	97.912000
1.404215	1.345073	-3.136103	98.011000
1.392914	1.341694	-3.133086	98.111000
1.381299	1.341267	-3.120077	98.211000
1.369857	1.341152	-3.125536	98.311000
1.357845	1.344233	-3.136777	98.412000
1.346133	1.349061	-3.128894	98.511000
1.334834	1.352011	-3.119525	98.611000
1.323161	1.350865	-3.127849	98.712000
1.311658	1.347924	-3.151142	98.811000
1.300097	1.347899	-3.162892	98.911000
1.287791	1.351453	-3.152279	99.011000
1.276333	1.346673	-3.139074	99.111000
1.264983	1.339346	-3.134083	99.211000
1.253490	1.333293	-3.130577	99.311000
1.241705	1.332343	-3.118996	99.411000
1.229959	1.337952	-3.107150	99.511000
1.218014	1.339069	-3.111729	99.611000
1.206514	1.336384	-3.120333	99.712000
1.194886	1.335262	-3.126157	99.811000
1.183441	1.335429	-3.118540	99.911000
1.171734	1.339243	-3.116499	100.011000
1.159884	1.338404	-3.119031	100.112000
1.148089	1.334158	-3.118472	100.211000
1.136422	1.332330	-3.121409	100.311000
1.125058	1.332386	-3.133374	100.412000
1.113340	1.328710	-3.140444	100.511000
1.101502	1.333081	-3.150537	100.612000
1.089446	1.336931	-3.155563	100.711000
1.077899	1.340260	-3.156428	100.811000
1.066348	1.343628	-3.164837	100.911000
1.054944	1.342482	-3.162388	101.011000
1.043197	1.337640	-3.169930	101.111000
1.031824	1.331136	-3.176656	101.211000
1.020355	1.332396	-3.177188	101.311000
1.008622	1.341028	-3.176883	101.412000
0.997027	1.343055	-3.164112	101.511000
0.985615	1.339351	-3.160768	101.611000
0.973940	1.338999	-3.172967	101.711000
0.962534	1.334643	-3.163932	101.812000
0.951271	1.332789	-3.161328	101.911000
0.939638	1.338432	-3.163673	102.011000
0.928213	1.340458	-3.162813	102.111000
0.916683	1.324457	-3.174646	102.211000
0.905026	1.320198	-3.177741	102.311000
0.892906	1.327727	-3.176586	102.411000
0.881328	1.332069	-3.166183	102.511000
0.869537	1.328631	-3.150090	102.612000
0.858034	1.323385	-3.153788	102.711000
0.846652	1.325884	-3.163867	102.811000
0.834919	1.320555	-3.154409	102.911000
0.822913	1.323308	-3.143451	103.011000
0.811323	1.328301	-3.158276	103.112000
0.799728	1.326632	-3.168268	103.211000
0.788358	1.320221	-3.168079	103.311000
0.776696	1.320697	-3.156821	103.411000
0.764973	1.323834	-3.153876	103.511000
0.753260	1.329823	-3.162467	103.611000
0.741628	1.337933	-3.167631	103.711000
0.730058	1.341572	-3.165743	103.811000
0.718312	1.335958	-3.176099	103.912000
0.706702	1.330683	-3.193527	104.011000
0.694872	1.334719	-3.193809	104.111000
0.683064	1.337484	-3.182887	104.211000
0.671285	1.334876	-3.174877	104.311000
0.659758	1.331675	-3.172514	104.411000
0.648339	1.329156	-3.188048	104.511000
0.636618	1.326306	-3.190401	104.612000
0.624904	1.325836	-3.193671	104.711000
0.613422	1.330020	-3.201312	104.811000
0.601963	1.334093	-3.197837	104.911000
0.590476	1.336305	-3.195721	105.012000
0.578921	1.330366	-3.199639	105.111000
0.567330	1.330490	-3.205949	105.211000
0.555391	1.331869	-3.210598	105.311000
0.543641	1.329709	-3.210928	105.411000
0.532028	1.330763	-3.193539	105.511000
0.520796	1.331977	-3.202837	105.611000
0.509005	1.330167	-3.202758	105.711000
0.497196	1.333451	-3.210722	105.812000
0.485659	1.331177	-3.216752	105.911000
0.474089	1.324162	-3.202020	106.011000
0.462688	1.319252	-3.191590	106.111000
0.451292	1.314920	-3.185263	106.211000
0.439652	1.309917	-3.179497	106.311000
0.428248	1.308924	-3.175295	106.411000
0.416798	1.313129	-3.175865	106.511000
0.405148	1.313558	-3.177383	106.612000
0.393715	1.309896	-3.179406	106.711000
0.382393	1.310587	-3.180951	106.811000
0.370656	1.317810	-3.186261	106.912000
0.358788	1.322700	-3.178906	107.011000
0.347180	1.320341	-3.181165	107.111000
0.335599	1.313908	-3.186805	107.211000
0.324034	1.310618	-3.187037	107.311000
0.312673	1.310679	-3.198712	107.411000
0.300870	1.315856	-3.205817	107.512000
0.289230	1.324910	-3.202261	107.611000
0.277676	1.324214	-3.205201	107.711000
0.266017	1.321305	-3.209900	107.811000
0.254688	1.317581	-3.216379	107.912000
0.243274	1.314493	-3.216893	108.011000
0.231236	1.319463	-3.215766	108.111000
0.219759	1.321231	-3.215874	108.211000
0.208177	1.323375	-3.204193	108.311000
0.196549	1.320755	-3.200418	108.412000
0.185128	1.311622	-3.206389	108.511000
0.173658	1.311171	-3.212322	108.611000
0.161575	1.310530	-3.202783	108.712000
0.149992	1.310870	-3.190076	108.811000
0.138530	1.313025	-3.187699	108.911000
0.126727	1.311650	-3.183034	109.012000
0.115029	1.314103	-3.180559	109.112000
0.103492	1.314318	-3.179156	109.211000
0.091917	1.311169	-3.188707	109.311000
0.080133	1.308745	-3.211104	109.411000
0.068699	1.305144	-3.225915	109.511000
0.057300	1.304410	-3.221197	109.612000
0.045827	1.308774	-3.214504	109.712000
0.033876	1.309974	-3.210901	109.811000
0.022286	1.314987	-3.223229	109.911000
0.010810	1.320482	-3.230979	110.012000
-0.000828	1.317530	-3.223855	110.112000
-0.012016	1.312985	-3.210151	110.211000
-0.023671	1.312165	-3.199430	110.311000
-0.035257	1.312295	-3.197856	110.412000
-0.046653	1.311394	-3.204832	110.511000
-0.058264	1.313963	-3.212113	110.611000
-0.069074	1.316902	-3.206318	110.712000
-0.076143	1.312288	-3.208570	110.811000
-0.080931	1.307603	-3.216508	110.911000
-0.084790	1.301884	-3.208455	111.011000
-0.088053	1.306106	-3.200725	111.111000
-0.091017	1.309070	-3.210845	111.211000
-0.093511	1.310114	-3.207708	111.311000
-0.095953	1.308817	-3.207032	111.411000
-0.097906	1.313727	-3.195666	111.511000
-0.099741	1.314361	-3.198521	111.611000
-0.101517	1.312467	-3.199240	111.711000
-0.103150	1.314185	-3.193680	111.811000
-0.104815	1.315916	-3.206387	111.911000
-0.106299	1.314179	-3.213349	112.011000
-0.107641	1.312328	-3.203541	112.112000
-0.108756	1.316633	-3.189440	112.211000
-0.110102	1.315775	-3.180357	112.311000
-0.111217	1.311393	-3.187307	112.411000
-0.112146	1.312307	-3.188543	112.512000
-0.113075	1.312959	-3.179224	112.611000
-0.114079	1.310588	-3.182255	112.711000
-0.114950	1.314418	-3.195398	112.811000
-0.115845	1.316694	-3.217453	112.911000
-0.116493	1.314234	-3.219464	113.011000
-0.117479	1.317730	-3.215067	113.111000
-0.118066	1.311243	-3.208344	113.211000
-0.118877	1.309667	-3.193390	113.312000
-0.119530	1.315702	-3.185867	113.411000
-0.120156	1.311096	-3.195230	113.512000
-0.120892	1.308733	-3.204502	113.612000
-0.121487	1.312048	-3.197860	113.711000
-0.122015	1.315490	-3.181730	113.811000
-0.122432	1.316179	-3.180040	113.911000
-0.122821	1.315971	-3.184503	114.011000
-0.123443	1.311836	-3.175557	114.111000
-0.123981	1.309921	-3.184371	114.211000
-0.124463	1.309014	-3.193979	114.311000
-0.124961	1.304704	-3.191411	114.411000
-0.125483	1.300147	-3.188502	114.511000
-0.125884	1.303016	-3.189840	114.611000
-0.126386	1.302779	-3.189182	114.711000
-0.126813	1.304702	-3.179280	114.811000
-0.127150	1.311171	-3.167225	114.911000
-0.127571	1.315551	-3.156529	115.011000
-0.127881	1.314721	-3.160755	115.112000
-0.128097	1.317213	-3.170196	115.211000
-0.128497	1.319980	-3.185153	115.311000
-0.128835	1.317727	-3.190467	115.411000
-0.128996	1.314225	-3.200791	115.511000
-0.129245	1.311173	-3.202498	115.611000
-0.129728	1.305759	-3.208719	115.711000
-0.130061	1.304772	-3.205644	115.811000
-0.130224	1.309721	-3.211253	115.911000
-0.130429	1.314827	-3.209852	116.011000
-0.130773	1.315079	-3.213134	116.111000
-0.131197	1.317470	-3.215637	116.211000
-0.131450	1.319866	-3.212861	116.311000
-0.131560	1.314167	-3.201207	116.411000
-0.131844	1.306210	-3.199308	116.511000
-0.131976	1.302762	-3.197487	116.611000
-0.132419	1.306723	-3.204594	116.711000
-0.132484	1.310438	-3.197616	116.812000
-0.132634	1.313119	-3.189348	116.911000
-0.132819	1.310535	-3.207694	117.011000
-0.133014	1.301385	-3.212228	117.111000
-0.133313	1.298963	-3.208956	117.211000
-0.133505	1.303693	-3.201118	117.311000
-0.133741	1.305381	-3.190866	117.412000
-0.133864	1.310244	-3.199198	117.511000
-0.134043	1.313307	-3.206593	117.611000
-0.134142	1.316375	-3.207596	117.711000
-0.134348	1.314592	-3.218239	117.811000
-0.134430	1.311728	-3.225741	117.911000
-0.134436	1.314958	-3.235169	118.011000
-0.134763	1.320869	-3.239607	118.111000
-0.134931	1.320715	-3.228569	118.211000
-0.134988	1.317561	-3.226077	118.312000
-0.135220	1.313692	-3.223655	118.411000
-0.135527	1.312536	-3.222311	118.511000
-0.135439	1.306627	-3.226736	118.612000
-0.135680	1.303261	-3.208684	118.711000
-0.135679	1.303611	-3.183276	118.811000
-0.135895	1.305823	-3.165472	118.911000
-0.135899	1.307378	-3.172118	119.011000
-0.136066	1.312550	-3.173164	119.111000
-0.136231	1.316699	-3.177868	119.212000
