NaN	NaN	NaN	13.469000
-1.527180	0.432751	-6.414554	13.569000
-1.527508	0.429022	-6.418371	13.670000
-1.527441	0.424917	-6.388655	13.769000
-1.527253	0.424221	-6.338305	13.870000
-1.527362	0.424906	-6.340291	13.969000
-1.527224	0.422787	-6.359968	14.069000
-1.527440	0.426162	-6.375599	14.169000
-1.527477	0.427595	-6.400086	14.269000
-1.527236	0.431245	-6.374188	14.369000
-1.527523	0.431223	-6.374398	14.469000
-1.527171	0.433774	-6.331798	14.569000
-1.527247	0.434711	-6.328666	14.669000
-1.527410	0.431139	-6.358575	14.769000
-1.527496	0.426906	-6.381501	14.869000
-1.527453	0.426691	-6.361444	14.969000
-1.527241	0.426828	-6.358667	15.069000
-1.527519	0.421068	-6.396070	15.170000
-1.527516	0.418199	-6.388856	15.269000
-1.527283	0.417313	-6.321159	15.369000
-1.526534	0.418339	-6.315545	15.469000
-1.521790	0.420414	-6.349082	15.569000
-1.515440	0.424145	-6.373751	15.669000
-1.508461	0.428315	-6.375314	15.769000
-1.501023	0.425136	-6.342040	15.869000
-1.493170	0.421669	-6.324114	15.969000
-1.485307	0.424098	-6.333387	16.069000
-1.477401	0.434567	-6.375347	16.169000
-1.468848	0.442842	-6.439995	16.270000
-1.460595	0.439553	-6.486123	16.370000
-1.451806	0.434139	-6.474183	16.469000
-1.442738	0.431199	-6.403040	16.569000
-1.434126	0.433870	-6.366290	16.669000
-1.425220	0.430454	-6.363193	16.770000
-1.416336	0.426888	-6.366873	16.869000
-1.407276	0.426119	-6.362947	16.970000
-1.397911	0.425129	-6.379126	17.069000
-1.388602	0.427049	-6.364258	17.169000
-1.379625	0.422451	-6.360765	17.270000
-1.370436	0.421435	-6.361707	17.369000
-1.361275	0.430474	-6.377198	17.469000
-1.351709	0.431239	-6.394462	17.569000
-1.342221	0.427267	-6.372992	17.669000
-1.332427	0.427410	-6.391781	17.769000
-1.323421	0.426064	-6.386157	17.870000
-1.313971	0.427008	-6.368479	17.969000
-1.304233	0.426810	-6.356070	18.069000
-1.294400	0.431191	-6.362705	18.170000
-1.284569	0.430947	-6.420036	18.269000
-1.275059	0.432389	-6.455285	18.369000
-1.265666	0.434004	-6.438373	18.469000
-1.255634	0.433305	-6.414039	18.569000
-1.246336	0.430855	-6.356124	18.669000
-1.236113	0.432748	-6.299343	18.769000
-1.226426	0.431790	-6.284330	18.869000
-1.216854	0.430032	-6.320585	18.969000
-1.206782	0.437252	-6.335983	19.069000
-1.197222	0.441711	-6.372713	19.169000
-1.187180	0.437748	-6.387720	19.269000
-1.176834	0.431660	-6.339741	19.370000
-1.167050	0.424554	-6.325756	19.469000
-1.157019	0.426320	-6.347270	19.569000
-1.147300	0.430922	-6.379336	19.669000
-1.137366	0.429733	-6.428710	19.770000
-1.127454	0.426630	-6.448370	19.869000
-1.117500	0.423558	-6.439286	19.969000
-1.107323	0.426660	-6.439503	20.069000
-1.097631	0.425615	-6.410457	20.169000
-1.087805	0.424293	-6.385858	20.270000
-1.077774	0.424919	-6.397399	20.369000
-1.067518	0.428458	-6.465107	20.469000
-1.057389	0.426078	-6.500552	20.569000
-1.047837	0.421735	-6.428203	20.669000
-1.037402	0.422927	-6.406839	20.769000
-1.027300	0.423828	-6.441317	20.869000
-1.017248	0.424132	-6.477568	20.969000
-1.006516	0.424279	-6.465062	21.069000
-0.996489	0.420302	-6.450254	21.169000
-0.986201	0.414210	-6.440385	21.269000
-0.975990	0.411343	-6.458337	21.369000
-0.965719	0.415638	-6.464912	21.469000
-0.955427	0.418321	-6.422745	21.569000
-0.945063	0.417218	-6.413239	21.669000
-0.934754	0.421277	-6.427996	21.769000
-0.924663	0.422657	-6.390260	21.869000
-0.914433	0.427505	-6.367707	21.969000
-0.903843	0.427623	-6.369898	22.069000
-0.893685	0.422808	-6.394055	22.169000
-0.883104	0.417470	-6.425875	22.269000
-0.872718	0.414408	-6.422743	22.369000
-0.862698	0.413484	-6.389560	22.469000
-0.852160	0.411710	-6.394946	22.569000
-0.841863	0.413859	-6.411275	22.669000
-0.830827	0.418879	-6.403792	22.770000
-0.820485	0.414694	-6.393893	22.869000
-0.810129	0.408992	-6.434992	22.969000
-0.799654	0.407151	-6.444991	23.069000
-0.789147	0.406713	-6.397285	23.169000
-0.778572	0.401010	-6.375810	23.269000
-0.768140	0.399463	-6.400090	23.369000
-0.757250	0.404335	-6.429799	23.469000
-0.746889	0.411063	-6.472661	23.569000
-0.736701	0.412127	-6.466861	23.669000
-0.725872	0.407459	-6.391338	23.770000
-0.715458	0.398935	-6.347649	23.869000
-0.704301	0.399204	-6.331447	23.969000
-0.693513	0.405622	-6.339426	24.069000
-0.683228	0.411629	-6.356934	24.169000
-0.672557	0.414052	-6.378468	24.270000
-0.662447	0.407783	-6.381976	24.369000
-0.651583	0.398827	-6.423345	24.469000
-0.641497	0.397854	-6.466460	24.569000
-0.630851	0.405916	-6.513013	24.670000
-0.620065	0.410151	-6.484777	24.769000
-0.609634	0.408876	-6.467176	24.869000
-0.598983	0.406354	-6.468890	24.969000
-0.588624	0.406796	-6.459549	25.069000
-0.577854	0.413430	-6.440883	25.169000
-0.567197	0.423879	-6.440321	25.269000
-0.556979	0.429036	-6.467586	25.370000
-0.546018	0.421484	-6.477669	25.469000
-0.535537	0.411966	-6.422724	25.569000
-0.524368	0.408700	-6.350053	25.670000
-0.513636	0.408651	-6.311403	25.769000
-0.503161	0.413454	-6.297479	25.869000
-0.492122	0.421062	-6.323945	25.969000
-0.481489	0.416446	-6.379150	26.069000
-0.470724	0.408975	-6.418471	26.169000
-0.459741	0.405958	-6.391045	26.269000
-0.449079	0.407446	-6.368940	26.369000
-0.438298	0.411665	-6.353585	26.469000
-0.427451	0.412419	-6.336639	26.569000
-0.416799	0.408286	-6.331792	26.669000
-0.405690	0.406790	-6.349268	26.769000
-0.394993	0.405321	-6.335370	26.870000
-0.383880	0.403627	-6.337983	26.969000
-0.373450	0.405785	-6.394936	27.069000
-0.362768	0.403913	-6.439979	27.169000
-0.351693	0.397416	-6.478795	27.269000
-0.340681	0.400679	-6.472215	27.369000
-0.329585	0.403797	-6.483938	27.469000
-0.318979	0.401086	-6.462967	27.569000
-0.308046	0.405091	-6.469644	27.669000
-0.297225	0.408906	-6.467788	27.769000
-0.286355	0.412661	-6.429318	27.869000
-0.275208	0.414041	-6.423860	27.969000
-0.264321	0.414044	-6.431058	28.069000
-0.253455	0.414043	-6.430335	28.169000
-0.242505	0.411051	-6.402172	28.270000
-0.231513	0.407867	-6.368705	28.369000
-0.220409	0.401236	-6.403172	28.469000
-0.209325	0.396350	-6.431976	28.569000
-0.198252	0.396506	-6.382669	28.670000
-0.187492	0.401679	-6.353258	28.769000
-0.176870	0.408391	-6.362640	28.869000
-0.165888	0.410098	-6.371023	28.969000
-0.155089	0.407048	-6.359180	29.069000
-0.144152	0.406258	-6.388126	29.169000
-0.133404	0.404071	-6.378903	29.269000
-0.122403	0.397566	-6.381332	29.369000
-0.111484	0.392769	-6.410824	29.469000
-0.100987	0.397770	-6.418316	29.569000
-0.089958	0.404175	-6.442926	29.669000
-0.079003	0.407706	-6.421992	29.770000
-0.068159	0.408021	-6.357107	29.869000
-0.057116	0.402075	-6.288616	29.969000
-0.046265	0.401685	-6.291805	30.069000
-0.035107	0.403511	-6.332648	30.169000
-0.023758	0.404128	-6.315173	30.269000
-0.012676	0.400611	-6.261062	30.369000
-0.001620	0.396391	-6.270533	30.469000
0.009127	0.398822	-6.323273	30.569000
0.020222	0.405137	-6.388702	30.669000
0.031618	0.404458	-6.436914	30.769000
0.042577	0.401182	-6.428281	30.869000
0.053594	0.400309	-6.456992	30.969000
0.064603	0.397762	-6.427182	31.070000
0.075742	0.399336	-6.390239	31.169000
0.086821	0.394178	-6.385308	31.269000
0.097937	0.388503	-6.381791	31.369000
0.109341	0.384520	-6.386090	31.469000
0.120426	0.391593	-6.397821	31.569000
0.131450	0.397505	-6.412319	31.669000
0.142739	0.400303	-6.412938	31.769000
0.153808	0.397893	-6.458841	31.869000
0.165026	0.399533	-6.501809	31.969000
0.176183	0.402732	-6.492357	32.070000
0.187099	0.397069	-6.498993	32.169000
0.198227	0.393039	-6.460348	32.269000
0.209177	0.397865	-6.409904	32.369000
0.220518	0.406612	-6.390423	32.469000
0.231901	0.407751	-6.415499	32.569000
0.243170	0.401237	-6.468161	32.669000
0.254323	0.399924	-6.482576	32.769000
0.265293	0.405895	-6.496128	32.870000
0.276453	0.406311	-6.439916	32.969000
0.287997	0.408298	-6.383942	33.069000
0.299374	0.410241	-6.340782	33.169000
0.310548	0.407280	-6.336770	33.270000
0.321565	0.405681	-6.347889	33.369000
0.332947	0.402831	-6.363107	33.469000
0.343857	0.401759	-6.371874	33.569000
0.355054	0.400702	-6.356611	33.669000
0.366208	0.403997	-6.380919	33.769000
0.377188	0.403666	-6.404861	33.869000
0.388556	0.405245	-6.416245	33.969000
0.399614	0.407988	-6.422808	34.069000
0.410730	0.399564	-6.439170	34.169000
0.421745	0.398165	-6.440243	34.269000
0.432915	0.404008	-6.425218	34.370000
0.444258	0.405136	-6.408522	34.469000
0.455263	0.404314	-6.395767	34.569000
0.466473	0.404450	-6.310630	34.669000
0.478000	0.407342	-6.262319	34.769000
0.488913	0.409748	-6.251922	34.869000
0.500479	0.408349	-6.298627	34.969000
0.511647	0.407339	-6.367093	35.069000
0.522828	0.401565	-6.391854	35.169000
0.533858	0.397063	-6.392831	35.269000
0.545817	0.399844	-6.423257	35.369000
0.557202	0.396880	-6.476704	35.469000
0.568302	0.397848	-6.512958	35.570000
0.579784	0.402820	-6.508104	35.669000
0.590814	0.408513	-6.448508	35.769000
0.602310	0.413808	-6.405956	35.869000
0.614125	0.412454	-6.414404	35.969000
0.625163	0.406668	-6.397928	36.069000
0.636452	0.404380	-6.368254	36.169000
0.647646	0.407254	-6.353721	36.269000
0.659022	0.404560	-6.366665	36.369000
0.670523	0.400506	-6.359928	36.469000
0.682173	0.405252	-6.385727	36.569000
0.693499	0.408254	-6.415913	36.669000
0.704769	0.408516	-6.464639	36.770000
0.715977	0.410224	-6.468369	36.869000
0.727083	0.413068	-6.476192	36.969000
0.739045	0.418936	-6.510915	37.069000
0.750491	0.419582	-6.492123	37.169000
0.761528	0.417999	-6.453302	37.270000
0.772663	0.417506	-6.417782	37.369000
0.783999	0.415338	-6.366323	37.469000
0.794918	0.412874	-6.366082	37.569000
0.806656	0.416598	-6.396275	37.669000
0.817920	0.415948	-6.404446	37.769000
0.829242	0.421155	-6.410935	37.869000
0.840361	0.421612	-6.433163	37.969000
0.851773	0.421748	-6.432043	38.069000
0.863476	0.421782	-6.425468	38.169000
0.875040	0.419518	-6.407715	38.269000
0.886429	0.421559	-6.432184	38.369000
0.897945	0.421530	-6.432146	38.469000
0.909241	0.419810	-6.447877	38.569000
0.920640	0.412549	-6.458289	38.669000
0.931854	0.408200	-6.426253	38.769000
0.943370	0.411892	-6.377089	38.869000
0.954644	0.418143	-6.375017	38.969000
0.965822	0.410240	-6.410134	39.069000
0.977013	0.403137	-6.419887	39.169000
0.988531	0.406050	-6.385263	39.269000
1.000368	0.413035	-6.366306	39.369000
1.011726	0.416733	-6.361720	39.469000
1.023230	0.425170	-6.392901	39.569000
1.035024	0.424114	-6.397311	39.669000
1.045996	0.419610	-6.411189	39.769000
1.057444	0.414753	-6.432930	39.869000
1.069217	0.415028	-6.442856	39.970000
1.080712	0.417416	-6.450993	40.069000
1.092203	0.414548	-6.421044	40.169000
1.103498	0.412878	-6.401582	40.269000
1.115221	0.411477	-6.397820	40.369000
1.126867	0.412349	-6.361686	40.469000
1.137720	0.415534	-6.345402	40.569000
1.149495	0.416768	-6.365576	40.669000
1.160014	0.418727	-6.361953	40.769000
1.171450	0.417067	-6.329813	40.869000
1.182595	0.425022	-6.290744	40.969000
1.195057	0.433055	-6.298545	41.069000
1.206465	0.438602	-6.338924	41.169000
1.217777	0.437520	-6.343485	41.269000
1.229738	0.429446	-6.322540	41.369000
1.240797	0.432469	-6.292739	41.469000
1.252305	0.431881	-6.304821	41.569000
1.263681	0.428300	-6.337725	41.669000
1.274948	0.423643	-6.405882	41.769000
1.286030	0.421816	-6.426034	41.869000
1.297393	0.424906	-6.390672	41.969000
1.309303	0.430913	-6.354775	42.069000
1.319850	0.432486	-6.327272	42.169000
1.331471	0.434873	-6.344768	42.269000
1.343423	0.432189	-6.377616	42.369000
1.355280	0.431773	-6.380084	42.469000
1.366563	0.431827	-6.379639	42.569000
1.377933	0.429345	-6.410574	42.670000
1.389294	0.426029	-6.447645	42.770000
1.400718	0.421931	-6.433371	42.869000
1.412115	0.428943	-6.411988	42.969000
1.423364	0.435457	-6.424190	43.069000
1.434836	0.439244	-6.456090	43.169000
1.446201	0.441400	-6.477828	43.270000
1.457445	0.437368	-6.462965	43.369000
1.468870	0.432897	-6.439962	43.469000
1.479858	0.430224	-6.473434	43.569000
1.491384	0.431883	-6.470654	43.670000
1.502619	0.434754	-6.412472	43.769000
1.514750	0.435404	-6.400931	43.869000
1.526402	0.432636	-6.446585	43.969000
1.537174	0.434945	-6.435190	44.069000
1.549395	0.435001	-6.448144	44.169000
1.560061	0.436467	-6.455181	44.270000
1.571757	0.431320	-6.456534	44.369000
1.584010	0.433343	-6.440408	44.470000
1.595354	0.434815	-6.443880	44.569000
1.606742	0.441287	-6.378464	44.669000
1.618159	0.443842	-6.321582	44.769000
1.629566	0.438797	-6.345705	44.870000
1.640722	0.437603	-6.422127	44.969000
1.652328	0.437125	-6.418321	45.069000
1.664219	0.438809	-6.376600	45.169000
1.676064	0.438673	-6.345492	45.269000
1.686872	0.436395	-6.370925	45.369000
1.698436	0.440822	-6.401942	45.469000
1.709480	0.440771	-6.409872	45.569000
1.722520	0.439674	-6.369036	45.670000
1.732811	0.445753	-6.299761	45.769000
1.745540	0.450109	-6.338185	45.869000
1.755776	0.441865	-6.422957	45.970000
1.768596	0.435884	-6.420594	46.070000
1.780226	0.439359	-6.373494	46.169000
1.792122	0.443222	-6.394835	46.269000
1.803268	0.437397	-6.391832	46.369000
1.814866	0.435167	-6.349466	46.469000
1.824680	0.435653	-6.343033	46.569000
1.837271	0.434616	-6.380379	46.669000
1.848192	0.439830	-6.399086	46.769000
1.860984	0.441058	-6.392820	46.869000
1.872037	0.439971	-6.394521	46.969000
1.883729	0.437410	-6.395520	47.069000
1.895066	0.437291	-6.394914	47.169000
1.906239	0.444300	-6.393873	47.269000
1.918045	0.449852	-6.428984	47.369000
1.929389	0.448968	-6.468541	47.469000
1.940967	0.449763	-6.461520	47.569000
1.952040	0.449904	-6.423987	47.669000
1.963605	0.450725	-6.377758	47.769000
1.974917	0.446598	-6.372891	47.870000
1.986303	0.439726	-6.374737	47.969000
1.997567	0.433865	-6.381454	48.069000
2.009538	0.429281	-6.385142	48.169000
2.020027	0.432220	-6.365895	48.269000
2.034247	0.438441	-6.340893	48.370000
2.045453	0.446213	-6.355884	48.469000
2.054766	0.452690	-6.382382	48.569000
2.068086	0.453731	-6.374364	48.669000
2.077839	0.446618	-6.410351	48.769000
2.090911	0.443592	-6.471226	48.869000
2.100181	0.438652	-6.461671	48.970000
2.113370	0.438787	-6.401366	49.069000
2.124909	0.438055	-6.419537	49.169000
2.135426	0.433927	-6.484767	49.269000
2.147582	0.441401	-6.529785	49.369000
2.159667	0.447058	-6.475437	49.469000
2.169427	0.443253	-6.449580	49.569000
2.182671	0.443669	-6.407244	49.669000
2.194225	0.446706	-6.379235	49.769000
2.204943	0.443382	-6.386756	49.869000
2.216728	0.444556	-6.346178	49.969000
2.229023	0.449795	-6.332860	50.069000
2.239444	0.451571	-6.315793	50.169000
2.251903	0.444525	-6.343760	50.269000
2.263517	0.447431	-6.342695	50.369000
2.275242	0.447429	-6.318937	50.469000
2.286130	0.447086	-6.255265	50.569000
2.296644	0.451900	-6.220129	50.669000
2.309103	0.454822	-6.260600	50.769000
2.320506	0.449110	-6.309026	50.869000
2.332135	0.449861	-6.349072	50.969000
2.343303	0.450680	-6.393768	51.069000
2.354762	0.448250	-6.395330	51.169000
2.366306	0.445886	-6.362118	51.269000
2.378529	0.442974	-6.311261	51.369000
2.389193	0.451270	-6.262289	51.469000
2.401805	0.464542	-6.266905	51.569000
2.412786	0.465664	-6.279513	51.669000
2.424029	0.457793	-6.300026	51.769000
2.435644	0.445767	-6.326511	51.869000
2.446760	0.437667	-6.348809	51.969000
2.457421	0.441875	-6.312195	52.069000
2.468733	0.448345	-6.271290	52.169000
2.480065	0.444547	-6.241468	52.269000
2.494090	0.444420	-6.221595	52.369000
2.503657	0.445522	-6.230539	52.470000
2.514711	0.443262	-6.280200	52.569000
2.527480	0.441896	-6.307672	52.669000
2.538259	0.441494	-6.313612	52.769000
2.546841	0.437251	-6.293962	52.869000
2.564123	0.443760	-6.261535	52.969000
2.571459	0.449626	-6.230483	53.069000
2.581182	0.455167	-6.201202	53.169000
2.595735	0.462979	-6.232066	53.269000
2.608302	0.458025	-6.313155	53.369000
2.619757	0.454511	-6.342991	53.469000
2.628830	0.453817	-6.340600	53.570000
2.638688	0.451994	-6.339365	53.669000
2.651851	0.454222	-6.346561	53.769000
2.667415	0.450413	-6.373137	53.869000
2.675216	0.450803	-6.354942	53.969000
2.687336	0.445090	-6.287932	54.069000
2.701276	0.446069	-6.242823	54.170000
2.708682	0.448660	-6.242005	54.269000
2.722982	0.456118	-6.281643	54.369000
2.736441	0.454613	-6.339366	54.469000
2.746290	0.448069	-6.331285	54.570000
2.754778	0.446450	-6.316369	54.669000
2.766256	0.449937	-6.324713	54.769000
2.778038	0.450729	-6.368735	54.869000
2.790628	0.452257	-6.359229	54.969000
2.804264	0.455133	-6.332475	55.069000
2.816672	0.457124	-6.352237	55.169000
2.828202	0.458634	-6.369741	55.269000
2.840027	0.458658	-6.381350	55.369000
2.851250	0.453366	-6.386471	55.469000
2.862121	0.447082	-6.389092	55.569000
2.870951	0.442248	-6.407782	55.669000
2.882686	0.448009	-6.415217	55.769000
2.896970	0.455582	-6.384873	55.869000
2.905762	0.458938	-6.334268	55.969000
2.919669	0.456626	-6.320273	56.069000
2.927615	0.459704	-6.349254	56.169000
2.940345	0.460017	-6.354977	56.269000
2.952299	0.456291	-6.340225	56.369000
2.964432	0.455011	-6.387292	56.469000
2.976110	0.452219	-6.450719	56.570000
2.987471	0.447105	-6.428145	56.669000
2.997699	0.450696	-6.362679	56.770000
3.009192	0.454840	-6.290982	56.869000
3.019094	0.453205	-6.277242	56.969000
3.030034	0.448004	-6.289825	57.069000
3.041685	0.446627	-6.304964	57.169000
3.054561	0.447687	-6.335646	57.269000
3.067649	0.448633	-6.366375	57.369000
3.078853	0.455782	-6.348147	57.469000
3.087379	0.459281	-6.309528	57.570000
3.100977	0.452691	-6.296951	57.669000
3.113244	0.451479	-6.271203	57.769000
3.122278	0.457221	-6.267099	57.869000
3.135512	0.450715	-6.303391	57.969000
3.146519	0.451369	-6.333003	58.069000
3.156878	0.457192	-6.323862	58.169000
3.169976	0.460183	-6.345216	58.269000
3.180079	0.459522	-6.384612	58.369000
3.191913	0.463790	-6.362841	58.469000
3.204035	0.471028	-6.307281	58.569000
3.213607	0.469368	-6.304489	58.669000
3.226577	0.464340	-6.343654	58.769000
3.238144	0.458603	-6.357659	58.869000
3.249752	0.458893	-6.325831	58.969000
3.260925	0.456155	-6.280746	59.069000
3.272350	0.456526	-6.260580	59.169000
3.283760	0.460313	-6.310742	59.269000
3.295135	0.460467	-6.352995	59.369000
3.306670	0.460954	-6.302285	59.469000
3.318636	0.470676	-6.268822	59.569000
3.330209	0.475441	-6.244596	59.669000
3.340791	0.469628	-6.233470	59.769000
3.352494	0.469534	-6.243932	59.870000
3.364331	0.462408	-6.291821	59.969000
3.375454	0.451406	-6.325360	60.070000
3.386947	0.451691	-6.361266	60.170000
3.398365	0.455920	-6.365827	60.269000
3.410282	0.458024	-6.332426	60.369000
3.421519	0.461342	-6.299321	60.469000
3.433195	0.460708	-6.347553	60.569000
3.444745	0.458510	-6.344902	60.669000
3.456217	0.455419	-6.309512	60.769000
3.467560	0.452750	-6.316810	60.869000
3.478670	0.452853	-6.314032	60.969000
3.490455	0.457804	-6.318175	61.069000
3.501361	0.459799	-6.362179	61.169000
3.512972	0.469927	-6.371618	61.269000
3.524186	0.468440	-6.309105	61.369000
3.535457	0.467026	-6.268343	61.469000
3.547190	0.470660	-6.286073	61.569000
3.557976	0.474110	-6.296688	61.669000
3.569637	0.472540	-6.288283	61.769000
3.581368	0.474976	-6.273303	61.869000
3.592599	0.474587	-6.296885	61.969000
3.603791	0.471565	-6.326521	62.069000
3.615043	0.466488	-6.291907	62.169000
3.627301	0.462157	-6.278493	62.269000
3.638615	0.459986	-6.287229	62.369000
3.649686	0.451996	-6.291374	62.469000
3.661366	0.444978	-6.240266	62.569000
3.672778	0.440519	-6.244988	62.669000
3.684368	0.438590	-6.275782	62.769000
3.695988	0.441758	-6.299426	62.869000
3.707221	0.448700	-6.310159	62.969000
3.718796	0.451610	-6.336982	63.069000
3.729749	0.457487	-6.332343	63.169000
3.741129	0.459702	-6.303241	63.269000
3.753331	0.456806	-6.305508	63.369000
3.764278	0.451166	-6.265206	63.469000
3.775932	0.452524	-6.204927	63.569000
3.787486	0.458728	-6.201462	63.669000
3.798579	0.461991	-6.222539	63.769000
3.809991	0.465529	-6.215348	63.869000
3.821926	0.466807	-6.246854	63.969000
3.834135	0.468335	-6.283520	64.069000
3.845265	0.465761	-6.364063	64.169000
3.856886	0.458592	-6.387258	64.269000
3.867516	0.455273	-6.403047	64.369000
3.878203	0.460367	-6.361593	64.469000
3.890391	0.467006	-6.342046	64.569000
3.902080	0.470421	-6.325474	64.669000
3.914592	0.465018	-6.284662	64.769000
3.924257	0.465880	-6.262775	64.869000
3.934797	0.467531	-6.235592	64.969000
3.948441	0.469360	-6.236586	65.069000
3.959785	0.469179	-6.231934	65.169000
3.969326	0.471635	-6.198930	65.269000
3.982474	0.470483	-6.214948	65.369000
3.990410	0.466653	-6.265576	65.469000
3.990874	0.466077	-6.302186	65.569000
3.990410	0.472115	-6.303685	65.669000
3.986577	0.472533	-6.310603	65.769000
3.982227	0.467379	-6.350900	65.869000
3.977095	0.461728	-6.367380	65.969000
3.971487	0.463532	-6.305454	66.069000
3.965569	0.468612	-6.246680	66.169000
3.959223	0.473659	-6.230097	66.270000
3.952741	0.475622	-6.232406	66.369000
3.945578	0.464073	-6.237310	66.469000
3.938863	0.453210	-6.240886	66.569000
3.932546	0.446689	-6.268064	66.669000
3.923986	0.446151	-6.286223	66.769000
3.915784	0.453135	-6.270756	66.869000
3.910151	0.456085	-6.216487	66.969000
3.901249	0.460525	-6.231539	67.069000
3.890762	0.453987	-6.284796	67.169000
3.885822	0.449903	-6.336675	67.269000
3.878213	0.451075	-6.352500	67.369000
3.869461	0.457093	-6.356370	67.469000
3.860869	0.468573	-6.345575	67.569000
3.852858	0.471217	-6.354937	67.670000
3.843053	0.462205	-6.335712	67.769000
3.831880	0.460164	-6.254066	67.869000
3.825663	0.464659	-6.212093	67.969000
3.815827	0.459488	-6.250085	68.069000
3.808353	0.455765	-6.272158	68.169000
3.797494	0.458256	-6.258728	68.269000
3.789386	0.454907	-6.201190	68.369000
3.780693	0.459299	-6.219980	68.469000
3.771385	0.466973	-6.252993	68.569000
3.762615	0.468111	-6.249089	68.669000
3.752728	0.466033	-6.266656	68.769000
3.743404	0.463926	-6.309046	68.870000
3.733812	0.461150	-6.307157	68.969000
3.725152	0.460045	-6.260267	69.069000
3.715215	0.459831	-6.255929	69.169000
3.707060	0.464276	-6.298257	69.269000
3.696687	0.465120	-6.288844	69.369000
3.687280	0.470721	-6.314456	69.469000
3.678296	0.470423	-6.351574	69.569000
3.668418	0.468569	-6.315015	69.669000
3.659499	0.462220	-6.290031	69.769000
3.649796	0.455788	-6.287498	69.869000
3.640582	0.454056	-6.271390	69.969000
3.631074	0.460478	-6.239573	70.069000
3.621760	0.463788	-6.213826	70.170000
3.612076	0.470875	-6.204228	70.269000
3.602086	0.472572	-6.226339	70.369000
3.592243	0.471787	-6.266859	70.469000
3.582597	0.469715	-6.279575	70.569000
3.572832	0.469826	-6.274674	70.669000
3.563508	0.472499	-6.276645	70.769000
3.553194	0.469735	-6.281357	70.869000
3.543573	0.465280	-6.259558	70.969000
3.533689	0.462541	-6.217747	71.069000
3.523963	0.462874	-6.231080	71.169000
3.514395	0.466348	-6.252068	71.269000
3.504513	0.462946	-6.257964	71.369000
3.494389	0.461675	-6.246329	71.469000
3.484593	0.456573	-6.323381	71.569000
3.473986	0.450790	-6.353003	71.669000
3.464339	0.452115	-6.316098	71.769000
3.454457	0.456083	-6.341054	71.870000
3.444836	0.454462	-6.358138	71.969000
3.434997	0.453235	-6.332736	72.070000
3.424662	0.459581	-6.338484	72.169000
3.414548	0.456523	-6.366078	72.269000
3.404435	0.455488	-6.348569	72.369000
3.394692	0.452213	-6.306433	72.469000
3.384318	0.449545	-6.288146	72.569000
3.374431	0.452423	-6.258817	72.669000
3.364628	0.459776	-6.227058	72.769000
3.354392	0.462517	-6.238052	72.869000
3.343924	0.460593	-6.259982	72.969000
3.333898	0.457661	-6.268903	73.069000
3.324001	0.458783	-6.287390	73.169000
3.314094	0.459609	-6.292474	73.269000
3.303693	0.452816	-6.282629	73.369000
3.293444	0.458123	-6.278380	73.469000
3.283297	0.456995	-6.250216	73.569000
3.272802	0.453080	-6.246195	73.669000
3.262848	0.454396	-6.261830	73.769000
3.252650	0.454660	-6.271803	73.869000
3.242712	0.457735	-6.265724	73.969000
3.232471	0.459249	-6.304922	74.069000
3.222435	0.459701	-6.291641	74.169000
3.211956	0.458641	-6.260199	74.269000
3.201570	0.457246	-6.243149	74.369000
3.191915	0.450897	-6.231599	74.469000
3.181323	0.452949	-6.252434	74.569000
3.171018	0.451060	-6.291588	74.669000
3.161070	0.454710	-6.329743	74.769000
3.150461	0.456470	-6.338488	74.869000
3.140079	0.451943	-6.384921	74.969000
3.129611	0.451913	-6.348834	75.069000
3.119466	0.456523	-6.271688	75.170000
3.108764	0.462584	-6.218939	75.269000
3.098367	0.463934	-6.212032	75.370000
3.088066	0.458704	-6.221856	75.469000
3.078080	0.453784	-6.262139	75.569000
3.067224	0.459796	-6.308816	75.669000
3.056938	0.463434	-6.297409	75.769000
3.046507	0.460716	-6.296496	75.869000
3.036454	0.456362	-6.289863	75.969000
3.025766	0.450615	-6.241875	76.069000
3.014052	0.450987	-6.235251	76.169000
3.004207	0.455864	-6.282100	76.269000
2.993762	0.459014	-6.300563	76.369000
2.983738	0.462604	-6.250913	76.469000
2.973371	0.461958	-6.179407	76.569000
2.961535	0.457114	-6.157177	76.669000
2.951483	0.458599	-6.138198	76.769000
2.940742	0.456829	-6.145212	76.869000
2.929650	0.450114	-6.165409	76.969000
2.920169	0.444585	-6.206475	77.069000
2.908460	0.447280	-6.200798	77.169000
2.898751	0.455713	-6.215027	77.269000
2.887384	0.460574	-6.270480	77.370000
2.877222	0.461046	-6.316324	77.469000
2.866737	0.458662	-6.329379	77.569000
2.856401	0.463730	-6.326370	77.669000
2.845413	0.462929	-6.336979	77.769000
2.833864	0.460875	-6.295584	77.869000
2.823890	0.455482	-6.274141	77.969000
2.812670	0.451952	-6.306201	78.069000
2.801850	0.443897	-6.352665	78.169000
2.791427	0.440385	-6.345838	78.269000
2.781282	0.444411	-6.316443	78.369000
2.770389	0.441123	-6.270392	78.469000
2.759740	0.441365	-6.264249	78.569000
2.748330	0.451147	-6.297489	78.669000
2.737672	0.460193	-6.305049	78.769000
2.727763	0.464034	-6.304523	78.869000
2.717372	0.458897	-6.297556	78.969000
2.703597	0.454420	-6.305894	79.069000
2.693411	0.452959	-6.346299	79.169000
2.682963	0.454342	-6.343954	79.269000
2.675487	0.453204	-6.316750	79.369000
2.662826	0.446044	-6.299757	79.469000
2.652714	0.437262	-6.265664	79.569000
2.642114	0.439846	-6.275530	79.669000
2.630820	0.440885	-6.299088	79.769000
2.620476	0.443385	-6.306949	79.869000
2.609511	0.454826	-6.357933	79.969000
2.598595	0.456657	-6.399577	80.069000
2.587893	0.451935	-6.397178	80.169000
2.576480	0.446591	-6.345387	80.269000
2.565821	0.443654	-6.288581	80.369000
2.555100	0.442113	-6.282227	80.470000
2.543636	0.441265	-6.312342	80.569000
2.533422	0.441204	-6.334683	80.669000
2.523983	0.436496	-6.347666	80.769000
2.509020	0.437031	-6.337476	80.869000
2.502010	0.445824	-6.316120	80.969000
2.492252	0.456187	-6.314872	81.069000
2.480871	0.459470	-6.337118	81.169000
2.467341	0.459909	-6.316707	81.269000
2.455273	0.460200	-6.301028	81.369000
2.445184	0.452934	-6.336680	81.469000
2.435550	0.448902	-6.356585	81.569000
2.424027	0.458913	-6.331794	81.669000
2.412199	0.464390	-6.303831	81.769000
2.402457	0.458778	-6.308680	81.869000
2.390920	0.450249	-6.288278	81.969000
2.379642	0.451156	-6.269995	82.069000
2.369057	0.452590	-6.279808	82.169000
2.358221	0.448708	-6.298849	82.269000
2.346962	0.451980	-6.338808	82.369000
2.336041	0.456994	-6.364152	82.469000
2.323989	0.452057	-6.320719	82.569000
2.313510	0.448911	-6.294716	82.669000
2.301434	0.447628	-6.267930	82.769000
2.293150	0.449284	-6.266745	82.869000
2.279982	0.446840	-6.288251	82.969000
2.268546	0.441454	-6.302107	83.069000
2.259031	0.443046	-6.327877	83.169000
2.249118	0.443034	-6.363524	83.269000
2.236771	0.441623	-6.373651	83.369000
2.227152	0.448934	-6.346708	83.469000
2.215002	0.446476	-6.320045	83.569000
2.204398	0.439680	-6.296837	83.669000
2.193479	0.440440	-6.289538	83.769000
2.182404	0.448139	-6.276269	83.869000
2.171348	0.451205	-6.311925	83.970000
2.160042	0.451677	-6.323591	84.069000
2.148897	0.445602	-6.330766	84.169000
2.138057	0.446925	-6.337488	84.270000
2.126675	0.451003	-6.303217	84.369000
2.115095	0.448999	-6.328630	84.469000
2.104573	0.445822	-6.377840	84.569000
2.094413	0.441612	-6.390830	84.669000
2.081891	0.439886	-6.392009	84.769000
2.071269	0.434398	-6.338289	84.869000
2.059845	0.432922	-6.294013	84.970000
2.048948	0.432260	-6.294777	85.069000
2.038336	0.437988	-6.272553	85.169000
2.026844	0.439471	-6.243188	85.269000
2.015825	0.437835	-6.246275	85.369000
2.004592	0.431565	-6.289590	85.469000
1.993314	0.427918	-6.344517	85.569000
1.982348	0.433144	-6.369353	85.669000
1.970846	0.441070	-6.335868	85.770000
1.959854	0.445378	-6.301431	85.869000
1.948311	0.446278	-6.287206	85.970000
1.937371	0.440036	-6.298203	86.069000
1.925613	0.431763	-6.282197	86.169000
1.914851	0.430261	-6.257038	86.269000
1.903150	0.431819	-6.234647	86.369000
1.893003	0.436461	-6.287614	86.469000
1.881002	0.438707	-6.315634	86.569000
1.869980	0.442853	-6.290888	86.669000
1.859094	0.442748	-6.297460	86.769000
1.847647	0.446910	-6.289428	86.870000
1.836519	0.447577	-6.311877	86.969000
1.825004	0.446423	-6.350836	87.069000
1.813638	0.448485	-6.353933	87.169000
1.802151	0.438147	-6.367515	87.269000
1.791180	0.428019	-6.369370	87.369000
1.779893	0.426984	-6.356552	87.469000
1.768402	0.428482	-6.333925	87.569000
1.757829	0.433553	-6.343106	87.669000
1.746064	0.432301	-6.335065	87.769000
1.735711	0.435526	-6.337329	87.869000
1.723770	0.447753	-6.346659	87.970000
1.713200	0.454088	-6.337237	88.069000
1.701352	0.454747	-6.330200	88.170000
1.690399	0.454832	-6.376980	88.269000
1.679265	0.451500	-6.422705	88.369000
1.668187	0.442707	-6.419342	88.469000
1.656746	0.436830	-6.398758	88.569000
1.645434	0.435607	-6.385899	88.669000
1.634044	0.443571	-6.334265	88.769000
1.622813	0.450767	-6.353916	88.869000
1.611580	0.447501	-6.387064	88.969000
1.600358	0.442134	-6.390962	89.069000
1.589206	0.440560	-6.371092	89.169000
1.578146	0.441339	-6.352400	89.269000
1.566859	0.440705	-6.365943	89.370000
1.555678	0.438166	-6.388343	89.469000
1.544133	0.432979	-6.380842	89.569000
1.533026	0.429475	-6.364362	89.669000
1.521865	0.425581	-6.379646	89.769000
1.510574	0.424788	-6.428767	89.869000
1.498668	0.423405	-6.440136	89.969000
1.487708	0.419635	-6.445446	90.069000
1.476578	0.419506	-6.429602	90.169000
1.464899	0.429440	-6.423871	90.270000
1.453801	0.434121	-6.444449	90.369000
1.442390	0.434853	-6.400656	90.469000
1.431023	0.436657	-6.389602	90.569000
1.419300	0.437658	-6.408773	90.670000
1.408266	0.436367	-6.434134	90.769000
1.397087	0.434627	-6.480891	90.869000
1.385880	0.430933	-6.442135	90.969000
1.373968	0.433756	-6.427255	91.069000
1.362760	0.430282	-6.384498	91.170000
1.351185	0.428266	-6.347439	91.269000
1.339955	0.422351	-6.326155	91.369000
1.328310	0.419710	-6.346605	91.469000
1.316994	0.420706	-6.360531	91.569000
1.305386	0.421106	-6.343860	91.669000
1.293643	0.421916	-6.318304	91.769000
1.282423	0.421045	-6.305036	91.869000
1.270977	0.418190	-6.294551	91.969000
1.259845	0.419307	-6.292001	92.069000
1.248190	0.420292	-6.333664	92.169000
1.236676	0.422858	-6.369478	92.269000
1.225505	0.422635	-6.368572	92.369000
1.214390	0.422200	-6.364445	92.469000
1.203119	0.423765	-6.386821	92.569000
1.191623	0.421231	-6.428664	92.669000
1.179674	0.417927	-6.380642	92.769000
1.168449	0.419392	-6.307403	92.870000
1.156482	0.423205	-6.268269	92.969000
1.145334	0.418047	-6.327462	93.069000
1.133832	0.414827	-6.381322	93.170000
1.122391	0.412275	-6.397808	93.269000
1.111289	0.413325	-6.429355	93.369000
1.099639	0.410230	-6.464402	93.469000
1.088464	0.414956	-6.439926	93.569000
1.077102	0.422123	-6.367374	93.669000
1.065452	0.420551	-6.343299	93.769000
1.054326	0.415451	-6.306545	93.869000
1.042095	0.418893	-6.291419	93.969000
1.030789	0.421750	-6.302371	94.069000
1.019268	0.413100	-6.317890	94.169000
1.007929	0.407643	-6.360944	94.269000
0.996582	0.404206	-6.396659	94.369000
0.984739	0.400715	-6.380401	94.469000
0.973064	0.406152	-6.353140	94.569000
0.961564	0.414593	-6.346063	94.669000
0.950125	0.419948	-6.390496	94.769000
0.938779	0.419793	-6.429751	94.869000
0.927251	0.418651	-6.446822	94.969000
0.915675	0.414704	-6.439363	95.069000
0.903911	0.412176	-6.416068	95.169000
0.892755	0.408558	-6.386618	95.269000
0.881131	0.409595	-6.349460	95.369000
0.869414	0.414328	-6.299014	95.469000
0.858180	0.424343	-6.288773	95.569000
0.846137	0.423425	-6.322133	95.669000
0.834899	0.418245	-6.338663	95.770000
0.823104	0.418623	-6.385775	95.869000
0.811977	0.418619	-6.388606	95.969000
0.800632	0.414957	-6.357833	96.069000
0.788891	0.417787	-6.352329	96.169000
0.776689	0.417839	-6.354272	96.275000
0.765384	0.419577	-6.372328	96.369000
0.754131	0.424725	-6.422702	96.469000
0.742797	0.421727	-6.424623	96.569000
0.731256	0.416415	-6.373873	96.670000
0.719984	0.413695	-6.346467	96.769000
0.708549	0.410710	-6.337412	96.869000
0.696832	0.405060	-6.361169	96.970000
0.685364	0.408564	-6.344210	97.069000
0.674029	0.413174	-6.352552	97.169000
0.662084	0.421341	-6.385273	97.274000
0.650678	0.422378	-6.405459	97.369000
0.639519	0.410920	-6.444190	97.469000
0.628157	0.400266	-6.446920	97.569000
0.616601	0.395147	-6.433081	97.669000
0.605216	0.392723	-6.441019	97.769000
0.593790	0.391194	-6.410645	97.869000
0.581777	0.398880	-6.330906	97.969000
0.570147	0.404394	-6.339183	98.069000
0.558665	0.404033	-6.384102	98.169000
0.546931	0.406518	-6.401150	98.269000
0.535839	0.414437	-6.437129	98.369000
0.524072	0.417241	-6.495148	98.469000
0.511982	0.410865	-6.493897	98.570000
0.500303	0.404471	-6.465529	98.669000
0.489125	0.400208	-6.438652	98.769000
0.477537	0.396014	-6.442813	98.870000
0.465838	0.394103	-6.431945	98.969000
0.454352	0.396087	-6.366029	99.069000
0.442680	0.399954	-6.362225	99.169000
0.431390	0.403656	-6.393124	99.269000
0.419786	0.404409	-6.393288	99.369000
0.408131	0.406594	-6.380718	99.469000
0.396689	0.407023	-6.369896	99.570000
0.384610	0.404825	-6.400962	99.669000
0.373076	0.405776	-6.431155	99.769000
0.361370	0.404124	-6.427461	99.869000
0.349592	0.396637	-6.393734	99.969000
0.338220	0.398595	-6.377317	100.069000
0.326444	0.400747	-6.368804	100.169000
0.314871	0.401612	-6.363077	100.269000
0.303150	0.399117	-6.353501	100.369000
0.291678	0.392692	-6.381341	100.469000
0.280526	0.387133	-6.404692	100.569000
0.269077	0.385164	-6.399980	100.669000
0.257112	0.387309	-6.425702	100.769000
0.245022	0.395108	-6.443397	100.869000
0.233407	0.402832	-6.463732	100.969000
0.221925	0.406463	-6.471374	101.070000
0.210333	0.401133	-6.452577	101.169000
0.198762	0.396183	-6.437118	101.269000
0.187241	0.397513	-6.434415	101.369000
0.175642	0.396974	-6.443120	101.469000
0.164057	0.387667	-6.438043	101.569000
0.152424	0.383031	-6.392984	101.669000
0.140973	0.387837	-6.349804	101.769000
0.129488	0.393180	-6.352771	101.869000
0.117891	0.390074	-6.397321	101.969000
0.106603	0.388063	-6.433676	102.069000
0.094958	0.396079	-6.428025	102.169000
0.083463	0.394875	-6.409125	102.269000
0.071873	0.390982	-6.388857	102.370000
0.060060	0.388710	-6.393857	102.470000
0.048327	0.386020	-6.393824	102.569000
0.036646	0.384789	-6.382898	102.670000
0.025344	0.388189	-6.348710	102.769000
0.013929	0.389918	-6.363456	102.869000
0.002100	0.392931	-6.391906	102.969000
-0.009585	0.402263	-6.383938	103.069000
-0.021534	0.408564	-6.402210	103.169000
-0.033171	0.403805	-6.404705	103.269000
-0.044685	0.399498	-6.417977	103.369000
-0.056223	0.401772	-6.404481	103.469000
-0.067756	0.402459	-6.341972	103.569000
-0.079825	0.400750	-6.340147	103.669000
-0.091445	0.393411	-6.393753	103.769000
-0.103185	0.392806	-6.364963	103.869000
-0.114708	0.398909	-6.335842	103.969000
-0.126246	0.400123	-6.383435	104.069000
-0.137710	0.400850	-6.427961	104.169000
-0.149990	0.401356	-6.425061	104.269000
-0.161998	0.401602	-6.428285	104.372000
-0.173665	0.403862	-6.389647	104.469000
-0.184936	0.403814	-6.363936	104.569000
-0.196835	0.397311	-6.364478	104.669000
-0.208547	0.397111	-6.325133	104.769000
-0.220178	0.403572	-6.331221	104.869000
-0.231830	0.406969	-6.339105	104.969000
-0.243667	0.411825	-6.361065	105.069000
-0.255201	0.408664	-6.376606	105.169000
-0.266931	0.399941	-6.416954	105.269000
-0.278734	0.394713	-6.465639	105.369000
-0.290583	0.396344	-6.438791	105.469000
-0.302425	0.402330	-6.386425	105.569000
-0.314168	0.402780	-6.416171	105.669000
-0.325447	0.400614	-6.429959	105.769000
-0.337275	0.396009	-6.416881	105.869000
-0.348818	0.397462	-6.423125	105.969000
-0.360260	0.400001	-6.432767	106.069000
-0.372003	0.404990	-6.449960	106.169000
-0.383597	0.408740	-6.438300	106.269000
-0.395137	0.409368	-6.375015	106.369000
-0.406846	0.412335	-6.355263	106.469000
-0.418008	0.411339	-6.393633	106.569000
-0.429619	0.408219	-6.421130	106.669000
-0.441089	0.406492	-6.426791	106.769000
-0.452675	0.399136	-6.427204	106.869000
-0.463912	0.392443	-6.377105	106.969000
-0.475927	0.391393	-6.370071	107.069000
-0.488170	0.385228	-6.360592	107.169000
-0.499792	0.386541	-6.368200	107.269000
-0.511401	0.390100	-6.364758	107.369000
-0.522880	0.388035	-6.398910	107.469000
-0.534651	0.389156	-6.388202	107.569000
-0.546684	0.382047	-6.358211	107.669000
-0.558300	0.384526	-6.339498	107.769000
-0.569788	0.391020	-6.301625	107.869000
-0.581365	0.392802	-6.288019	107.969000
-0.592661	0.395928	-6.254522	108.069000
-0.604310	0.401676	-6.242182	108.169000
-0.616688	0.403737	-6.314524	108.269000
-0.628233	0.410145	-6.373631	108.369000
-0.640066	0.412217	-6.387103	108.469000
-0.651730	0.406511	-6.372612	108.570000
-0.663205	0.408494	-6.378154	108.669000
-0.675054	0.416841	-6.404245	108.769000
-0.687112	0.416694	-6.387227	108.869000
-0.698708	0.412718	-6.362306	108.969000
-0.710292	0.414273	-6.341404	109.070000
-0.721927	0.418997	-6.322139	109.170000
-0.733664	0.421641	-6.319755	109.269000
-0.745396	0.422605	-6.341647	109.369000
-0.757223	0.416456	-6.350726	109.469000
-0.768581	0.414842	-6.354752	109.569000
-0.780331	0.418747	-6.346406	109.669000
-0.791957	0.423208	-6.329200	109.769000
-0.803593	0.424436	-6.335333	109.869000
-0.815758	0.414729	-6.350536	109.969000
-0.827064	0.415102	-6.371734	110.069000
-0.839245	0.413513	-6.433629	110.169000
-0.850558	0.413553	-6.459310	110.269000
-0.862209	0.416037	-6.405523	110.369000
-0.873986	0.412812	-6.370309	110.469000
-0.885551	0.412612	-6.380592	110.569000
-0.897227	0.415999	-6.411473	110.669000
-0.908563	0.419060	-6.427404	110.769000
-0.920476	0.419099	-6.463344	110.869000
-0.931861	0.418241	-6.421067	110.969000
-0.943531	0.412623	-6.399902	111.069000
-0.955209	0.412993	-6.385601	111.169000
-0.966528	0.417178	-6.377906	111.269000
-0.978215	0.420237	-6.402748	111.369000
-0.989785	0.423528	-6.441578	111.469000
-1.001226	0.426867	-6.483057	111.570000
-1.013324	0.427771	-6.473020	111.669000
-1.025039	0.421357	-6.456031	111.769000
-1.036563	0.418338	-6.421310	111.870000
-1.048203	0.420843	-6.450618	111.969000
-1.059375	0.419664	-6.500252	112.069000
-1.071310	0.416645	-6.505323	112.169000
-1.082977	0.417916	-6.484916	112.269000
-1.094501	0.420786	-6.439283	112.369000
-1.106130	0.424010	-6.433641	112.469000
-1.117861	0.426215	-6.402783	112.569000
-1.129311	0.424284	-6.389875	112.669000
-1.141062	0.427053	-6.348100	112.769000
-1.152821	0.433231	-6.345895	112.869000
-1.164832	0.434030	-6.347382	112.969000
-1.176302	0.438198	-6.359143	113.069000
-1.187757	0.435884	-6.405261	113.169000
-1.199265	0.432543	-6.456161	113.269000
-1.211252	0.435260	-6.454210	113.369000
-1.223245	0.434472	-6.447140	113.469000
-1.234917	0.430935	-6.411050	113.569000
-1.246362	0.424582	-6.389420	113.669000
-1.257715	0.424465	-6.394593	113.769000
-1.269196	0.428217	-6.371791	113.870000
-1.281229	0.429657	-6.321435	113.969000
-1.292681	0.429727	-6.286683	114.069000
-1.304619	0.433584	-6.294933	114.169000
-1.316007	0.435747	-6.325178	114.269000
-1.327477	0.433926	-6.351142	114.369000
-1.339149	0.431700	-6.378119	114.469000
-1.351249	0.431626	-6.376828	114.569000
-1.363013	0.427872	-6.343652	114.669000
-1.374490	0.422381	-6.325575	114.769000
-1.386358	0.425026	-6.341129	114.869000
-1.397563	0.426589	-6.367106	114.969000
-1.409457	0.431695	-6.382993	115.069000
-1.421024	0.435228	-6.435653	115.169000
-1.432781	0.432788	-6.457064	115.270000
-1.444282	0.430494	-6.454465	115.369000
-1.454076	0.428277	-6.456288	115.469000
-1.459995	0.430625	-6.400068	115.570000
-1.464570	0.436112	-6.365185	115.669000
-1.467903	0.434360	-6.392086	115.769000
-1.471406	0.434288	-6.417090	115.869000
-1.473810	0.434193	-6.427742	115.969000
-1.476528	0.435166	-6.423228	116.069000
-1.478959	0.435613	-6.369243	116.169000
-1.480882	0.431106	-6.331913	116.270000
-1.483043	0.430743	-6.324583	116.369000
-1.484473	0.440743	-6.398779	116.469000
-1.486274	0.449116	-6.439626	116.569000
-1.487808	0.441826	-6.417658	116.669000
-1.489066	0.426859	-6.405302	116.769000
-1.490413	0.429243	-6.364148	116.869000
-1.491702	0.434658	-6.326238	116.969000
-1.492801	0.431068	-6.319692	117.070000
-1.494050	0.428493	-6.337189	117.169000
-1.494988	0.431287	-6.373232	117.269000
-1.496096	0.437829	-6.399313	117.369000
-1.496760	0.440065	-6.377660	117.469000
-1.497850	0.435249	-6.351478	117.569000
-1.498688	0.429202	-6.327411	117.669000
-1.499239	0.432053	-6.318146	117.769000
-1.500216	0.430296	-6.343894	117.869000
-1.500861	0.427260	-6.379633	117.969000
-1.501582	0.429808	-6.389589	118.069000
-1.502385	0.431713	-6.379576	118.169000
-1.502839	0.430684	-6.356130	118.269000
-1.503689	0.428355	-6.306053	118.369000
-1.504164	0.425851	-6.291477	118.469000
-1.504728	0.427717	-6.309967	118.569000
-1.505269	0.426814	-6.343898	118.669000
-1.505530	0.426077	-6.376172	118.769000
-1.506313	0.424624	-6.457201	118.869000
-1.506684	0.428780	-6.485933	118.969000
-1.507348	0.431095	-6.473014	119.069000
-1.507611	0.426672	-6.445097	119.169000
-1.508057	0.422814	-6.404890	119.269000
-1.508635	0.426298	-6.370434	119.369000
-1.508886	0.433228	-6.378013	119.469000
-1.509492	0.436136	-6.402519	119.569000
-1.509730	0.436507	-6.421402	119.669000
-1.510269	0.441365	-6.410118	119.769000
-1.510679	0.441354	-6.392375	119.869000
-1.510879	0.436539	-6.364367	119.969000
-1.511385	0.432366	-6.350734	120.069000
-1.511540	0.433916	-6.341275	120.170000
-1.511988	0.443130	-6.399248	120.269000
-1.512149	0.445953	-6.474566	120.370000
-1.512439	0.437830	-6.466627	120.469000
-1.512894	0.430899	-6.407739	120.569000
-1.512791	0.426330	-6.350295	120.669000
-1.513172	0.423632	-6.353764	120.769000
-1.513545	0.429555	-6.346400	120.869000
-1.513725	0.436049	-6.374489	120.969000
-1.514101	0.438735	-6.386124	121.069000
-1.514124	0.442215	-6.409251	121.170000
-1.514542	0.441626	-6.434528	121.269000
-1.514846	0.444602	-6.417851	121.369000
-1.514806	0.439622	-6.387262	121.469000
-1.515216	0.431891	-6.379246	121.569000
-1.515371	0.433369	-6.401226	121.669000
-1.515712	0.436366	-6.397402	121.769000
-1.515872	0.435647	-6.366734	121.869000
-1.515996	0.434185	-6.317532	121.969000
-1.516162	0.435537	-6.295129	122.069000
-1.516409	0.435967	-6.328680	122.169000
-1.516327	0.433209	-6.364634	122.269000
-1.516930	0.429965	-6.361713	122.369000
-1.516814	0.430385	-6.397413	122.469000
-1.517036	0.435611	-6.445979	122.569000
-1.517256	0.434003	-6.464828	122.669000
-1.517263	0.432027	-6.410187	122.769000
-1.517679	0.426567	-6.352033	122.869000
-1.517720	0.425271	-6.375284	122.969000
-1.517999	0.425314	-6.411355	123.069000
-1.518073	0.432527	-6.424164	123.169000
-1.518176	0.439443	-6.417831	123.269000
-1.518171	0.446045	-6.400428	123.369000
-1.518317	0.449943	-6.398104	123.469000
-1.518643	0.447407	-6.405228	123.569000
-1.518913	0.441040	-6.427881	123.669000
-1.518833	0.428332	-6.426064	123.769000
-1.519019	0.420347	-6.405384	123.869000
-1.519147	0.418523	-6.385745	123.970000
-1.519294	0.418987	-6.336713	124.069000
-1.519252	0.421283	-6.324831	124.169000
-1.519331	0.425598	-6.346801	124.269000
-1.519450	0.436256	-6.361035	124.370000
-1.519758	0.446743	-6.382739	124.469000
-1.519915	0.449052	-6.430704	124.569000
-1.519810	0.449687	-6.445681	124.669000
-1.519884	0.449878	-6.410896	124.769000
-1.520138	0.445095	-6.433168	124.870000
-1.519937	0.444251	-6.458409	124.969000
-1.520343	0.445871	-6.470715	125.069000
-1.520350	0.440944	-6.474730	125.169000
-1.520548	0.436902	-6.474577	125.269000
-1.520468	0.434295	-6.437054	125.369000
-1.520384	0.430043	-6.393261	125.469000
-1.520703	0.430643	-6.397618	125.569000
-1.520597	0.431073	-6.399641	125.669000
-1.520708	0.433704	-6.427730	125.770000
-1.520913	0.428394	-6.432759	125.869000
-1.521008	0.429518	-6.405779	125.969000
-1.521088	0.432322	-6.352760	126.069000
-1.520952	0.433622	-6.325580	126.169000
-1.521033	0.433888	-6.326432	126.270000
-1.520980	0.433545	-6.345955	126.369000
-1.521062	0.433576	-6.358291	126.469000
-1.521210	0.434407	-6.388889	126.569000
-1.521155	0.432476	-6.442185	126.669000
-1.521348	0.431948	-6.441057	126.775000
-1.521495	0.435995	-6.390763	126.869000
-1.521544	0.446088	-6.360847	126.969000
-1.521644	0.450137	-6.366104	127.069000
-1.521530	0.441654	-6.365740	127.169000
-1.521735	0.429005	-6.375413	127.269000
-1.521683	0.429290	-6.352851	127.369000
-1.521699	0.430453	-6.335240	127.469000
-1.521753	0.432625	-6.337945	127.569000
-1.521655	0.434647	-6.331769	127.669000
-1.521690	0.432001	-6.333751	127.769000
-1.521897	0.426108	-6.297469	127.869000
-1.521836	0.421106	-6.282087	127.969000
-1.521948	0.417796	-6.309276	128.069000
-1.521947	0.421147	-6.367530	128.169000
-1.522289	0.424330	-6.395627	128.269000
-1.522040	0.426710	-6.347097	128.369000
-1.522003	0.433654	-6.342408	128.469000
-1.522325	0.432447	-6.350352	128.570000
-1.522148	0.424751	-6.349676	128.669000
-1.522372	0.423027	-6.350200	128.769000
-1.522325	0.429022	-6.375599	128.869000
-1.522259	0.429461	-6.416963	128.969000
-1.522447	0.430384	-6.434990	129.069000
-1.522302	0.431487	-6.450415	129.169000
-1.522511	0.436076	-6.436142	129.269000
-1.522362	0.440981	-6.434626	129.370000
-1.522422	0.441137	-6.421603	129.469000
-1.522497	0.437524	-6.401398	129.569000
-1.522323	0.436543	-6.382241	129.669000
-1.522836	0.433227	-6.395331	129.769000
-1.522655	0.428829	-6.444823	129.869000
-1.522683	0.432549	-6.452163	129.969000
-1.522867	0.437506	-6.438499	130.069000
-1.522679	0.434376	-6.429760	130.169000
-1.522925	0.438132	-6.444337	130.269000
-1.522738	0.442513	-6.429519	130.369000
-1.522750	0.433855	-6.377357	130.469000
-1.522818	0.430326	-6.361038	130.569000
-1.522913	0.435759	-6.401451	130.670000
-1.522776	0.438279	-6.425648	130.769000
-1.522890	0.437585	-6.402472	130.869000
-1.522986	0.439279	-6.353265	130.969000
-1.523139	0.441146	-6.365397	131.069000
-1.523055	0.436867	-6.392726	131.169000
-1.523298	0.436876	-6.375825	131.270000
-1.522953	0.434531	-6.350926	131.369000
-1.522949	0.432437	-6.348987	131.469000
-1.523274	0.434556	-6.347363	131.569000
-1.523209	0.432181	-6.354026	131.669000
-1.523285	0.431368	-6.340616	131.769000
-1.523057	0.428896	-6.346274	131.869000
-1.523311	0.428882	-6.329819	131.969000
-1.523248	0.432874	-6.322695	132.069000
-1.523190	0.437231	-6.340896	132.169000
-1.523525	0.442143	-6.386214	132.269000
-1.523562	0.441569	-6.418930	132.370000
-1.523516	0.441034	-6.434991	132.469000
-1.523610	0.434702	-6.423291	132.569000
-1.523417	0.434288	-6.420661	132.669000
-1.523533	0.433503	-6.425151	132.769000
-1.523312	0.429884	-6.409509	132.869000
-1.523421	0.434047	-6.394297	132.969000
-1.523426	0.435818	-6.401490	133.069000
-1.523394	0.433491	-6.376519	133.169000
-1.524029	0.438536	-6.344959	133.269000
-1.523940	0.442225	-6.284711	133.369000
-1.523878	0.439122	-6.325464	133.469000
-1.524075	0.436084	-6.346463	133.570000
-1.523916	0.435811	-6.369233	133.669000
-1.524016	0.436610	-6.390610	133.769000
-1.524063	0.433095	-6.375020	133.869000
-1.524217	0.432124	-6.355380	133.969000
-1.524174	0.433694	-6.362469	134.069000
-1.523953	0.435929	-6.366086	134.169000
-1.523951	0.439598	-6.357864	134.269000
-1.523883	0.439988	-6.390101	134.369000
-1.524150	0.435597	-6.427201	134.469000
-1.524120	0.431715	-6.423322	134.569000
-1.524342	0.431475	-6.385335	134.669000
-1.524432	0.430926	-6.384505	134.770000
-1.524086	0.430125	-6.421247	134.869000
-1.524259	0.432510	-6.436621	134.969000
-1.524303	0.429925	-6.435706	135.069000
-1.524312	0.433677	-6.417282	135.169000
-1.524597	0.432581	-6.419766	135.269000
-1.524302	0.427738	-6.450328	135.369000
-1.524547	0.423182	-6.482217	135.469000
-1.524348	0.423060	-6.434163	135.569000
-1.524201	0.425857	-6.391722	135.669000
-1.524620	0.427751	-6.338601	135.770000
-1.524196	0.433628	-6.306791	135.869000
-1.524544	0.433332	-6.314991	135.969000
-1.524488	0.430961	-6.314770	136.069000
-1.524369	0.437235	-6.291422	136.170000
-1.524569	0.438852	-6.330191	136.269000
-1.524285	0.435161	-6.394251	136.369000
-1.524496	0.433167	-6.473265	136.470000
-1.524491	0.433649	-6.513145	136.569000
-1.524496	0.434633	-6.474489	136.669000
-1.524645	0.439368	-6.424205	136.769000
-1.524713	0.437668	-6.437192	136.869000
-1.524919	0.437407	-6.433388	136.970000
-1.524644	0.436917	-6.401100	137.071000
-1.524859	0.435475	-6.365214	137.169000
-1.524756	0.434640	-6.339994	137.269000
-1.524436	0.434712	-6.326966	137.369000
-1.524747	0.429602	-6.320591	137.469000
-1.524461	0.429952	-6.327641	137.569000
-1.524580	0.434744	-6.377167	137.669000
-1.524771	0.439393	-6.450444	137.769000
-1.524780	0.441481	-6.492592	137.869000
-1.524766	0.440419	-6.475461	137.969000
-1.524821	0.432593	-6.441684	138.069000
-1.524618	0.428897	-6.408143	138.169000
-1.524821	0.432729	-6.432894	138.269000
-1.524606	0.434219	-6.460384	138.369000
-1.524637	0.439944	-6.418884	138.469000
-1.524685	0.435797	-6.428814	138.569000
-1.524689	0.434270	-6.439013	138.669000
-1.524727	0.432574	-6.437598	138.769000
-1.524599	0.430364	-6.396045	138.869000
-1.524792	0.436768	-6.352335	138.969000
-1.524527	0.438792	-6.335819	139.069000
-1.524446	0.436169	-6.310041	139.169000
-1.524707	0.437167	-6.308342	139.269000
-1.524548	0.435166	-6.276634	139.369000
-1.524671	0.432102	-6.255830	139.469000
-1.524652	0.429489	-6.304210	139.569000
-1.524786	0.429374	-6.316043	139.669000
-1.524741	0.427148	-6.316901	139.769000
-1.524597	0.424565	-6.323120	139.869000
-1.524786	0.429504	-6.302984	139.969000
-1.524742	0.431704	-6.281772	140.069000
-1.524683	0.433056	-6.327543	140.170000
-1.524756	0.434326	-6.324255	140.269000
-1.524430	0.433196	-6.316033	140.369000
-1.524572	0.425683	-6.381911	140.469000
-1.524646	0.423973	-6.440459	140.569000
-1.524595	0.427623	-6.461991	140.669000
-1.524583	0.425525	-6.459904	140.769000
-1.524786	0.426357	-6.461263	140.869000
-1.524765	0.430029	-6.445975	140.969000
-1.524669	0.436762	-6.411197	141.069000
-1.524662	0.434797	-6.396150	141.169000
-1.524613	0.428496	-6.380831	141.269000
-1.524602	0.428169	-6.383713	141.369000
-1.524586	0.431786	-6.379133	141.469000
-1.524647	0.429088	-6.369851	141.569000
-1.524716	0.427182	-6.359412	141.669000
-1.524684	0.425729	-6.339996	141.769000
-1.524712	0.420550	-6.327258	141.869000
-1.524666	0.420912	-6.313276	141.969000
-1.524597	0.424675	-6.331248	142.069000
-1.524650	0.431653	-6.439641	142.169000
-1.524698	0.431524	-6.455230	142.270000
-1.524678	0.431897	-6.429482	142.369000
-1.524886	0.431902	-6.434867	142.469000
-1.524740	0.434434	-6.419746	142.569000
-1.525038	0.436591	-6.392880	142.669000
-1.525062	0.438135	-6.410233	142.769000
-1.524916	0.435672	-6.429888	142.869000
-1.524975	0.439223	-6.460752	142.969000
-1.524696	0.438234	-6.493011	143.069000
-1.524888	0.434928	-6.469868	143.169000
-1.524904	0.435476	-6.372924	143.270000
-1.524893	0.437062	-6.295693	143.369000
-1.524932	0.437284	-6.246355	143.469000
-1.524870	0.439003	-6.290939	143.569000
-1.524822	0.441085	-6.324451	143.669000
-1.524931	0.433660	-6.322278	143.769000
-1.524838	0.435541	-6.302654	143.869000
-1.524917	0.440214	-6.313124	143.969000
-1.524928	0.436264	-6.351389	144.069000
-1.524740	0.429877	-6.356903	144.169000
-1.524843	0.426442	-6.402026	144.275000
-1.524606	0.426827	-6.445818	144.369000
-1.524900	0.427277	-6.424275	144.469000
-1.524616	0.425438	-6.432039	144.569000
-1.524813	0.426610	-6.442610	144.669000
-1.524921	0.431247	-6.389858	144.769000
-1.524722	0.439002	-6.341082	144.870000
-1.524881	0.440393	-6.308013	144.969000
-1.524699	0.436849	-6.349380	145.069000
-1.524923	0.430683	-6.397277	145.169000
-1.524698	0.426330	-6.434202	145.269000
-1.524693	0.425201	-6.408243	145.369000
-1.524767	0.431448	-6.363175	145.469000
-1.524772	0.426029	-6.366643	145.569000
-1.524714	0.421680	-6.388443	145.669000
-1.524572	0.426623	-6.370826	145.769000
-1.525004	0.433355	-6.369581	145.869000
-1.525045	0.426822	-6.382515	145.969000
-1.524755	0.425384	-6.399415	146.069000
-1.524766	0.424070	-6.395686	146.169000
-1.524601	0.422668	-6.393051	146.269000
-1.524422	0.427246	-6.391606	146.369000
-1.524817	0.428103	-6.358996	146.469000
-1.524675	0.425177	-6.315451	146.569000
-1.524799	0.426921	-6.330537	146.669000
-1.524525	0.430695	-6.350335	146.769000
-1.524769	0.435122	-6.344411	146.870000
-1.524951	0.440649	-6.322241	146.969000
-1.524771	0.440797	-6.358708	147.069000
-1.524875	0.441913	-6.362981	147.169000
-1.524514	0.442707	-6.384158	147.269000
-1.524603	0.437151	-6.443428	147.369000
-1.524624	0.431631	-6.456437	147.469000
-1.525001	0.434908	-6.413898	147.569000
-1.524802	0.436869	-6.364829	147.669000
-1.524622	0.436732	-6.349761	147.769000
-1.524750	0.435951	-6.329711	147.869000
-1.524879	0.430671	-6.321968	147.969000
-1.524637	0.429770	-6.319728	148.069000
-1.524736	0.431474	-6.309230	148.169000
-1.524683	0.434929	-6.280729	148.269000
-1.524484	0.436841	-6.271476	148.369000
-1.524365	0.431752	-6.294949	148.469000
-1.524526	0.428995	-6.322328	148.569000
-1.524743	0.431945	-6.351998	148.669000
-1.524645	0.437041	-6.368098	148.770000
-1.524604	0.440088	-6.383028	148.869000
-1.524544	0.436363	-6.412657	148.969000
-1.524510	0.431277	-6.425882	149.069000
-1.524766	0.432324	-6.432133	149.170000
-1.524541	0.434936	-6.429933	149.269000
-1.524724	0.436820	-6.435810	149.370000
-1.524631	0.432680	-6.425153	149.469000
-1.524637	0.426654	-6.401796	149.569000
-1.524644	0.430064	-6.423465	149.669000
-1.524510	0.429710	-6.440832	149.770000
-1.524768	0.424476	-6.461298	149.869000
-1.524745	0.419668	-6.468729	149.969000
-1.524461	0.425709	-6.448802	150.069000
-1.524734	0.432463	-6.443418	150.169000
-1.524562	0.435186	-6.463902	150.269000
-1.524891	0.436743	-6.482019	150.369000
-1.524834	0.435088	-6.441656	150.469000
-1.524715	0.426659	-6.403828	150.569000
-1.524903	0.424042	-6.380284	150.669000
-1.524550	0.425349	-6.376553	150.770000
-1.524867	0.425394	-6.404336	150.869000
-1.524786	0.428212	-6.456118	150.969000
-1.524814	0.431251	-6.489825	151.069000
-1.525008	0.436078	-6.465588	151.169000
-1.524944	0.437018	-6.420529	151.269000
-1.524920	0.436346	-6.335051	151.369000
-1.524873	0.437350	-6.294175	151.469000
-1.524806	0.438644	-6.301440	151.569000
-1.525089	0.437123	-6.350620	151.669000
-1.524976	0.433491	-6.399395	151.769000
-1.525035	0.429215	-6.367278	151.869000
-1.524767	0.421353	-6.332573	151.969000
-1.524781	0.418606	-6.350729	152.069000
-1.524819	0.423219	-6.395174	152.169000
-1.524735	0.425785	-6.414841	152.269000
-1.524807	0.426668	-6.441244	152.369000
-1.524741	0.427904	-6.468091	152.469000
-1.524861	0.432190	-6.478438	152.569000
-1.524913	0.433398	-6.469020	152.669000
-1.524786	0.430046	-6.444327	152.769000
-1.524883	0.426491	-6.479442	152.869000
-1.524933	0.427948	-6.484423	152.969000
-1.524734	0.428531	-6.449382	153.069000
-1.525052	0.433818	-6.427081	153.169000
-1.524775	0.438056	-6.469416	153.269000
-1.524755	0.441459	-6.494284	153.369000
-1.524745	0.443097	-6.476011	153.469000
-1.524934	0.445418	-6.516521	153.569000
-1.524800	0.438944	-6.530269	153.669000
-1.524840	0.438817	-6.481803	153.769000
-1.525089	0.436522	-6.429356	153.869000
-1.524889	0.438631	-6.377050	153.969000
-1.525051	0.443549	-6.381493	154.069000
-1.524999	0.436757	-6.391218	154.169000
-1.525026	0.435614	-6.398027	154.269000
-1.525160	0.435220	-6.423584	154.369000
-1.524971	0.432025	-6.366905	154.469000
-1.524696	0.432199	-6.359655	154.569000
-1.525000	0.427985	-6.448614	154.669000
-1.524746	0.419275	-6.502998	154.769000
-1.524984	0.416732	-6.472337	154.869000
-1.524949	0.418322	-6.447421	154.969000
-1.524760	0.427043	-6.448994	155.069000
-1.524897	0.434920	-6.438567	155.169000
-1.524553	0.435908	-6.425804	155.269000
-1.524995	0.428158	-6.450244	155.369000
-1.524863	0.425157	-6.416159	155.469000
-1.524830	0.426826	-6.380435	155.569000
-1.524845	0.429996	-6.394167	155.669000
-1.524822	0.434699	-6.417428	155.769000
-1.524822	0.438528	-6.477291	155.869000
-1.524589	0.437925	-6.510333	155.969000
-1.524707	0.436333	-6.489396	156.069000
-1.524786	0.433622	-6.456611	156.169000
-1.524587	0.433634	-6.381863	156.269000
-1.524914	0.436122	-6.369600	156.369000
-1.524649	0.438918	-6.359277	156.469000
-1.524660	0.437965	-6.340324	156.569000
-1.524648	0.442469	-6.284492	156.669000
-1.524626	0.446164	-6.275664	156.769000
-1.524740	0.445421	-6.312568	156.869000
-1.524719	0.439878	-6.341366	156.969000
-1.524763	0.434285	-6.351720	157.069000
-1.524812	0.434008	-6.348958	157.169000
-1.524707	0.433850	-6.346788	157.269000
-1.524771	0.433391	-6.309651	157.369000
-1.524722	0.436676	-6.309496	157.469000
-1.524864	0.439396	-6.317033	157.569000
-1.524850	0.438958	-6.345319	157.669000
-1.524908	0.437919	-6.373265	157.769000
-1.524746	0.433181	-6.390814	157.869000
-1.524816	0.426687	-6.429409	157.970000
-1.524929	0.421429	-6.451870	158.070000
-1.524835	0.423379	-6.445037	158.169000
-1.524751	0.427905	-6.408415	158.269000
-1.524852	0.437718	-6.414583	158.369000
-1.524743	0.446296	-6.404820	158.469000
-1.524773	0.444789	-6.406176	158.570000
-1.524800	0.434869	-6.413932	158.669000
-1.524715	0.429032	-6.379247	158.769000
-1.524592	0.427948	-6.360746	158.869000
-1.524737	0.432036	-6.370677	158.969000
-1.524796	0.435510	-6.372914	159.069000
-1.524616	0.436726	-6.391187	159.169000
-1.524842	0.435434	-6.348946	159.269000
-1.525021	0.435450	-6.356453	159.369000
-1.524916	0.436655	-6.382051	159.470000
-1.525136	0.435906	-6.392898	159.569000
-1.524911	0.429811	-6.386490	159.669000
-1.524968	0.426527	-6.400442	159.769000
-1.525054	0.428474	-6.411231	159.869000
-1.525088	0.424374	-6.427468	159.969000
-1.525012	0.428840	-6.418258	160.069000
-1.525050	0.430005	-6.407801	160.169000
-1.524940	0.430342	-6.434939	160.269000
-1.525132	0.430586	-6.447823	160.369000
-1.524927	0.434139	-6.412460	160.469000
-1.525062	0.433756	-6.374421	160.569000
-1.525083	0.431914	-6.365015	160.670000
-1.525138	0.425401	-6.403697	160.769000
-1.525175	0.427411	-6.432991	160.869000
-1.524799	0.430179	-6.397371	160.969000
-1.525113	0.432686	-6.357499	161.069000
-1.524973	0.432107	-6.371486	161.170000
-1.525030	0.434234	-6.367005	161.269000
-1.525076	0.437077	-6.399979	161.369000
-1.525123	0.440203	-6.426880	161.469000
-1.525011	0.438114	-6.402170	161.569000
-1.525193	0.431148	-6.358216	161.669000
-1.525120	0.431798	-6.313753	161.769000
-1.525225	0.433623	-6.298320	161.869000
-1.524948	0.430166	-6.303785	161.969000
-1.525136	0.429273	-6.332336	162.069000
-1.525117	0.430498	-6.342612	162.169000
-1.524895	0.435589	-6.351878	162.269000
-1.525118	0.439045	-6.401597	162.369000
-1.524781	0.434903	-6.446767	162.469000
-1.524976	0.426589	-6.467281	162.570000
-1.524898	0.423473	-6.513588	162.669000
-1.525060	0.421587	-6.517614	162.769000
-1.525000	0.421565	-6.484134	162.869000
-1.524977	0.426918	-6.457067	162.969000
-1.525009	0.426595	-6.455763	163.070000
-1.524924	0.423004	-6.493500	163.169000
-1.525114	0.416964	-6.501939	163.269000
-1.525085	0.415004	-6.458456	163.369000
-1.524907	0.424934	-6.387467	163.469000
-1.525050	0.433608	-6.375016	163.569000
-1.525038	0.436119	-6.395218	163.669000
-1.524717	0.434371	-6.388065	163.769000
-1.525219	0.431803	-6.379619	163.869000
-1.524744	0.438562	-6.344668	163.969000
-1.525305	0.447272	-6.342520	164.069000
-1.524903	0.447575	-6.397892	164.169000
-1.524776	0.444990	-6.396015	164.269000
-1.524962	0.445109	-6.342495	164.369000
-1.524723	0.440927	-6.330284	164.469000
-1.524970	0.442973	-6.364905	164.569000
-1.524999	0.448003	-6.412705	164.669000
-1.524964	0.450697	-6.406624	164.769000
-1.525037	0.451264	-6.419220	164.869000
-1.524908	0.447903	-6.387984	164.969000
-1.525277	0.445649	-6.390866	165.069000
-1.525161	0.438440	-6.394342	165.169000
-1.525142	0.438767	-6.380019	165.269000
-1.525163	0.437915	-6.399478	165.370000
-1.525063	0.430884	-6.430884	165.469000
-1.525289	0.428639	-6.399072	165.569000
-1.525016	0.431552	-6.334357	165.670000
-1.525222	0.436325	-6.294840	165.770000
-1.525201	0.437900	-6.316011	165.869000
-1.525252	0.434891	-6.368474	165.969000
-1.525176	0.431032	-6.397255	166.070000
-1.525152	0.426070	-6.416599	166.169000
-1.525373	0.417791	-6.429127	166.269000
-1.525003	0.414200	-6.417153	166.369000
-1.525129	0.415343	-6.421031	166.469000
-1.525243	0.424431	-6.445238	166.570000
-1.525057	0.428641	-6.410872	166.669000
-1.525330	0.428501	-6.394368	166.769000
-1.525295	0.429644	-6.377875	166.869000
-1.525149	0.429303	-6.319961	166.969000
-1.525125	0.429208	-6.309209	167.069000
-1.525252	0.431379	-6.313026	167.169000
-1.525172	0.433456	-6.327342	167.269000
-1.525114	0.434264	-6.352363	167.369000
-1.525035	0.435868	-6.350763	167.469000
-1.525349	0.439771	-6.350011	167.569000
-1.524994	0.440866	-6.364867	167.669000
-1.525002	0.436548	-6.425983	167.769000
-1.525268	0.431794	-6.460783	167.869000
-1.524994	0.424544	-6.407047	167.969000
-1.525167	0.422970	-6.339403	168.069000
-1.524894	0.426196	-6.336972	168.169000
-1.525284	0.426710	-6.339892	168.269000
-1.524913	0.429363	-6.336336	168.369000
-1.524800	0.436016	-6.364507	168.469000
-1.525229	0.435022	-6.404342	168.569000
-1.524756	0.429608	-6.397340	168.670000
-1.524920	0.432888	-6.372671	168.770000
-1.525021	0.435640	-6.364957	168.869000
-1.525064	0.438995	-6.382410	168.969000
-1.525140	0.438094	-6.356543	169.069000
-1.524935	0.432413	-6.331835	169.169000
-1.525128	0.428091	-6.327386	169.269000
-1.525250	0.425840	-6.329954	169.369000
-1.525310	0.428859	-6.351707	169.470000
-1.525270	0.431307	-6.375770	169.569000
-1.524941	0.430423	-6.352480	169.669000
-1.525124	0.433080	-6.339166	169.770000
-1.525135	0.434251	-6.352269	169.869000
-1.525268	0.436770	-6.391090	169.969000
-1.525356	0.442104	-6.462621	170.069000
-1.525121	0.434203	-6.468629	170.169000
-1.525249	0.425360	-6.465798	170.269000
-1.525192	0.424737	-6.469746	170.370000
-1.525072	0.432648	-6.411037	170.469000
-1.525291	0.435060	-6.366343	170.570000
-1.524965	0.434775	-6.331674	170.669000
-1.525309	0.429175	-6.317605	170.769000
-1.525036	0.430041	-6.320790	170.869000
-1.525361	0.430797	-6.359480	170.969000
-1.525153	0.433345	-6.400104	171.069000
-1.525126	0.437365	-6.451836	171.169000
-1.525374	0.433861	-6.437510	171.269000
-1.525293	0.427900	-6.366340	171.369000
-1.525164	0.426396	-6.340622	171.469000
-1.525260	0.426546	-6.361355	171.569000
-1.525129	0.426835	-6.401813	171.669000
-1.525416	0.432228	-6.422977	171.774000
-1.525275	0.432566	-6.405053	171.869000
-1.525146	0.427492	-6.402204	171.969000
-1.525400	0.430877	-6.383649	172.069000
-1.525226	0.431810	-6.378865	172.169000
-1.525351	0.429782	-6.383009	172.269000
-1.525039	0.429330	-6.424454	172.369000
-1.525292	0.432358	-6.434559	172.469000
-1.525240	0.432635	-6.434106	172.569000
-1.525205	0.425999	-6.401992	172.670000
-1.525324	0.420262	-6.424799	172.769000
-1.524979	0.419289	-6.448661	172.869000
-1.525180	0.420730	-6.435481	172.969000
-1.525223	0.425217	-6.376300	173.069000
-1.525120	0.429116	-6.343451	173.169000
-1.525240	0.435637	-6.370958	173.269000
-1.525230	0.434557	-6.378330	173.369000
-1.525239	0.427163	-6.361614	173.469000
-1.525316	0.423147	-6.414091	173.569000
-1.525264	0.424739	-6.451958	173.669000
-1.525275	0.430984	-6.415944	173.769000
-1.525084	0.435926	-6.385056	173.869000
-1.525373	0.439398	-6.346047	173.970000
-1.525175	0.438012	-6.384690	174.069000
-1.524930	0.433428	-6.434435	174.169000
-1.525201	0.427691	-6.459851	174.269000
-1.525130	0.429718	-6.442639	174.369000
-1.525230	0.430863	-6.436072	174.469000
-1.525491	0.427802	-6.460466	174.569000
-1.525055	0.426172	-6.451462	174.669000
-1.525229	0.426965	-6.460213	174.769000
-1.525001	0.427771	-6.435156	174.870000
-1.525162	0.424023	-6.394529	174.969000
-1.524975	0.428207	-6.394343	175.069000
-1.525287	0.434261	-6.360633	175.170000
-1.525131	0.436295	-6.328883	175.269000
-1.525120	0.436603	-6.332405	175.369000
-1.525172	0.430648	-6.354598	175.469000
-1.525106	0.433505	-6.389612	175.569000
-1.525121	0.439752	-6.417686	175.669000
-1.525191	0.439521	-6.403446	175.769000
-1.525214	0.436092	-6.391642	175.869000
-1.525280	0.431899	-6.436712	175.969000
-1.525075	0.429214	-6.492050	176.069000
-1.525119	0.430879	-6.459267	176.169000
-1.525166	0.429583	-6.422141	176.269000
-1.524922	0.428064	-6.407457	176.370000
-1.525251	0.431897	-6.397616	176.469000
-1.525029	0.436583	-6.374407	176.569000
-1.525090	0.436521	-6.369252	176.669000
-1.525040	0.435559	-6.369651	176.769000
-1.524964	0.435296	-6.369814	176.869000
-1.524965	0.432580	-6.358174	176.970000
-1.525062	0.427871	-6.342173	177.069000
-1.524922	0.426414	-6.355268	177.169000
-1.525048	0.425159	-6.397247	177.269000
-1.524968	0.423224	-6.427198	177.369000
-1.524928	0.421897	-6.419753	177.469000
-1.524750	0.424867	-6.387880	177.569000
-1.524869	0.433358	-6.378456	177.669000
-1.524882	0.437830	-6.405211	177.769000
-1.524637	0.435673	-6.404096	177.869000
-1.524997	0.434235	-6.354133	177.969000
-1.525001	0.431442	-6.309946	178.069000
-1.524907	0.429705	-6.305794	178.169000
-1.524895	0.432500	-6.294025	178.269000
-1.524963	0.434012	-6.330403	178.369000
-1.525089	0.436995	-6.387855	178.469000
-1.524837	0.436346	-6.417539	178.570000
-1.524902	0.435056	-6.394562	178.669000
-1.525149	0.435522	-6.383892	178.769000
-1.525104	0.435592	-6.423269	178.870000
-1.525085	0.438115	-6.442251	178.969000
-1.524885	0.438170	-6.444366	179.069000
-1.524881	0.433913	-6.464780	179.169000
-1.525197	0.426454	-6.468252	179.269000
-1.525060	0.423145	-6.407485	179.370000
-1.524808	0.426126	-6.355421	179.470000
-1.524773	0.431671	-6.374813	179.569000
-1.524881	0.432798	-6.395842	179.669000
-1.524748	0.436295	-6.382691	179.769000
-1.524689	0.431771	-6.337128	179.869000
-1.524889	0.429358	-6.314322	179.969000
-1.524756	0.428017	-6.342047	180.069000
-1.524753	0.429708	-6.351120	180.170000
-1.524837	0.431263	-6.386712	180.269000
-1.524888	0.423340	-6.392452	180.369000
-1.524970	0.425744	-6.448095	180.469000
-1.524921	0.431803	-6.474976	180.569000
-1.524811	0.432025	-6.455600	180.669000
-1.524899	0.427058	-6.434150	180.769000
-1.524748	0.425204	-6.397913	180.869000
-1.524944	0.427995	-6.375188	180.969000
-1.524779	0.433336	-6.337682	181.070000
-1.525028	0.436224	-6.338290	181.169000
-1.525259	0.433788	-6.396728	181.270000
-1.524937	0.427762	-6.399508	181.369000
-1.524937	0.429297	-6.391517	181.469000
-1.525025	0.431606	-6.387760	181.569000
-1.525014	0.433271	-6.352007	181.669000
-1.525019	0.434390	-6.348502	181.769000
-1.524676	0.434614	-6.354592	181.869000
-1.524982	0.435108	-6.375612	181.969000
-1.525048	0.434267	-6.328070	182.069000
-1.524826	0.433105	-6.255932	182.169000
-1.524856	0.432884	-6.270058	182.270000
-1.524776	0.431625	-6.296531	182.370000
-1.525116	0.433050	-6.326014	182.469000
-1.524956	0.430939	-6.355239	182.569000
-1.525077	0.429949	-6.385750	182.669000
-1.525091	0.429133	-6.425141	182.770000
-1.524921	0.425839	-6.468883	182.869000
-1.525065	0.422112	-6.453629	182.969000
-1.524800	0.423232	-6.409146	183.069000
-1.525059	0.420286	-6.380227	183.169000
-1.525018	0.420161	-6.366294	183.269000
-1.524858	0.426579	-6.404513	183.369000
-1.525034	0.425598	-6.444419	183.470000
-1.524897	0.424366	-6.424354	183.569000
-1.525012	0.425649	-6.444231	183.669000
-1.525032	0.426619	-6.455577	183.769000
-1.524774	0.430354	-6.444493	183.869000
-1.525128	0.432024	-6.426642	183.969000
-1.524891	0.425394	-6.434755	184.069000
-1.524914	0.423077	-6.437577	184.169000
-1.524954	0.423723	-6.401069	184.269000
-1.524931	0.422589	-6.410113	184.369000
-1.525057	0.428524	-6.408394	184.469000
-1.525061	0.432256	-6.446201	184.569000
-1.525131	0.432439	-6.453718	184.669000
-1.525106	0.434065	-6.413885	184.769000
-1.525279	0.435188	-6.425669	184.870000
-1.525388	0.441914	-6.409947	184.969000
-1.525096	0.443295	-6.403887	185.069000
-1.525149	0.439382	-6.436589	185.169000
-1.525278	0.439519	-6.438131	185.269000
-1.525016	0.442212	-6.471126	185.369000
-1.525415	0.442233	-6.522103	185.469000
-1.524826	0.433720	-6.492445	185.570000
-1.525385	0.425993	-6.419958	185.669000
-1.525223	0.428262	-6.374941	185.769000
-1.525407	0.439421	-6.367455	185.869000
-1.525492	0.439047	-6.396125	185.969000
-1.525390	0.440815	-6.381595	186.069000
-1.525390	0.439500	-6.361682	186.169000
-1.525528	0.442448	-6.369418	186.269000
-1.525467	0.445154	-6.360887	186.369000
-1.525395	0.447591	-6.402789	186.469000
-1.525293	0.446605	-6.418776	186.569000
-1.525353	0.441569	-6.385936	186.669000
-1.525340	0.441887	-6.370916	186.769000
-1.525301	0.441840	-6.377140	186.870000
-1.525479	0.439538	-6.415853	186.969000
-1.525431	0.441228	-6.405439	187.069000
-1.525614	0.438212	-6.374276	187.169000
-1.525444	0.432423	-6.321384	187.269000
-1.525259	0.431088	-6.279281	187.369000
-1.525661	0.433738	-6.310999	187.469000
-1.525090	0.437039	-6.331073	187.569000
-1.525260	0.437306	-6.330665	187.669000
-1.525310	0.432926	-6.379210	187.769000
-1.525152	0.422160	-6.439691	187.869000
-1.525150	0.419928	-6.483311	187.969000
-1.525306	0.426215	-6.504876	188.069000
-1.525413	0.429756	-6.490499	188.169000
-1.525452	0.434085	-6.503833	188.269000
-1.525417	0.435570	-6.512426	188.370000
-1.525324	0.441223	-6.507983	188.469000
-1.525236	0.440681	-6.493899	188.569000
-1.525370	0.435986	-6.493200	188.669000
-1.525450	0.430923	-6.454589	188.770000
-1.525324	0.431066	-6.407218	188.870000
-1.525296	0.435143	-6.347982	188.969000
-1.525408	0.437124	-6.301438	189.069000
-1.525076	0.432136	-6.315742	189.169000
-1.525247	0.427494	-6.352701	189.269000
-1.524907	0.424891	-6.388574	189.370000
-1.525180	0.423895	-6.397101	189.470000
-1.525047	0.426638	-6.366805	189.569000
-1.525183	0.430220	-6.363681	189.670000
-1.525264	0.435464	-6.373366	189.769000
-1.525348	0.437958	-6.395889	189.869000
-1.525311	0.438162	-6.409479	189.969000
-1.525107	0.435130	-6.453216	190.069000
-1.525338	0.435574	-6.480154	190.169000
-1.525545	0.439660	-6.497125	190.275000
-1.525162	0.443819	-6.472870	190.369000
-1.525345	0.440820	-6.465822	190.469000
-1.524972	0.438631	-6.454940	190.569000
-1.525498	0.438872	-6.443734	190.669000
-1.525182	0.437719	-6.407754	190.769000
-1.525172	0.436649	-6.378862	190.869000
-1.525233	0.442304	-6.360430	190.970000
-1.525342	0.444331	-6.356519	191.069000
-1.525265	0.449933	-6.355978	191.169000
-1.525312	0.448635	-6.380346	191.275000
-1.525209	0.441987	-6.392124	191.369000
-1.525415	0.436061	-6.397335	191.469000
-1.525202	0.437356	-6.381794	191.569000
-1.525321	0.440527	-6.356163	191.669000
-1.525239	0.437278	-6.373643	191.770000
-1.525257	0.435159	-6.347170	191.869000
-1.525023	0.437263	-6.313061	191.969000
-1.524825	0.439671	-6.330366	192.069000
-1.525108	0.434570	-6.368484	192.169000
-1.525132	0.434446	-6.382637	192.269000
-1.524937	0.431039	-6.385733	192.369000
-1.525207	0.428608	-6.400854	192.470000
-1.525074	0.430242	-6.401164	192.569000
-1.525169	0.430992	-6.374851	192.670000
-1.524983	0.433191	-6.366283	192.770000
-1.524992	0.438219	-6.342616	192.869000
-1.525136	0.443290	-6.370473	192.969000
-1.525236	0.440260	-6.368626	193.069000
-1.525317	0.436912	-6.352491	193.169000
-1.525093	0.443648	-6.355693	193.269000
-1.524892	0.447246	-6.352973	193.369000
-1.525105	0.443150	-6.381561	193.469000
-1.524962	0.438254	-6.397460	193.569000
-1.525354	0.436396	-6.395715	193.669000
-1.525012	0.436580	-6.371540	193.770000
-1.525054	0.437628	-6.356835	193.869000
-1.525341	0.437745	-6.372026	193.969000
-1.525159	0.430405	-6.372617	194.069000
-1.525375	0.424853	-6.403090	194.169000
-1.525237	0.426738	-6.380485	194.269000
-1.525270	0.433095	-6.335255	194.369000
-1.525324	0.437206	-6.313151	194.469000
-1.525255	0.436490	-6.343795	194.569000
-1.525393	0.440557	-6.342146	194.669000
-1.525230	0.446600	-6.339868	194.769000
-1.525156	0.451905	-6.350075	194.869000
-1.525370	0.449374	-6.374830	194.969000
-1.525248	0.443603	-6.417963	195.069000
-1.525445	0.439227	-6.448794	195.169000
-1.525290	0.441100	-6.381168	195.269000
-1.525400	0.444082	-6.346991	195.369000
-1.525652	0.444866	-6.372831	195.469000
-1.525092	0.438876	-6.458566	195.569000
-1.525202	0.434281	-6.474731	195.669000
-1.524959	0.430912	-6.442730	195.770000
-1.525104	0.430085	-6.408724	195.869000
-1.525027	0.431462	-6.395013	195.969000
-1.525015	0.429200	-6.360007	196.069000
-1.525206	0.432273	-6.323330	196.169000
-1.525036	0.440750	-6.348388	196.269000
-1.524833	0.439218	-6.353802	196.369000
-1.525060	0.436062	-6.328136	196.469000
-1.524802	0.429592	-6.310139	196.569000
-1.525085	0.428359	-6.351867	196.669000
-1.525035	0.428452	-6.403829	196.769000
-1.525138	0.436487	-6.451013	196.870000
-1.525129	0.440589	-6.420237	196.969000
-1.525066	0.443613	-6.403234	197.069000
-1.525200	0.441858	-6.381439	197.169000
-1.525208	0.442567	-6.347521	197.269000
-1.525191	0.446674	-6.387896	197.369000
-1.525344	0.444811	-6.430000	197.469000
-1.525184	0.447359	-6.450690	197.569000
-1.525257	0.447725	-6.442371	197.670000
-1.524996	0.441903	-6.423105	197.769000
-1.525138	0.444295	-6.400281	197.869000
-1.525238	0.445603	-6.398837	197.969000
-1.525029	0.441230	-6.381349	198.069000
-1.525151	0.439033	-6.346055	198.169000
-1.525227	0.435978	-6.355852	198.269000
-1.525020	0.437223	-6.374465	198.369000
-1.525017	0.440338	-6.357891	198.469000
-1.525070	0.444701	-6.362441	198.569000
-1.525198	0.440370	-6.395465	198.669000
-1.525060	0.438204	-6.394565	198.769000
-1.525067	0.439122	-6.348328	198.869000
-1.525599	0.436398	-6.330524	198.969000
-1.525087	0.435167	-6.322179	199.069000
-1.525098	0.433139	-6.327792	199.169000
-1.525090	0.426912	-6.347444	199.270000
-1.525074	0.428629	-6.362612	199.369000
-1.525133	0.430538	-6.373381	199.469000
-1.525100	0.435600	-6.428765	199.569000
-1.525282	0.438538	-6.385862	199.669000
-1.525200	0.437569	-6.304145	199.769000
-1.525159	0.435320	-6.308026	199.869000
-1.525210	0.434264	-6.330946	199.969000
-1.525050	0.436486	-6.366445	200.069000
-1.525217	0.441511	-6.382742	200.169000
-1.525277	0.441954	-6.390825	200.269000
-1.525155	0.440417	-6.400839	200.369000
-1.525241	0.437813	-6.423653	200.469000
-1.525272	0.439698	-6.408797	200.569000
-1.525201	0.433749	-6.383809	200.669000
-1.524905	0.429634	-6.356122	200.769000
-1.525105	0.426729	-6.358578	200.870000
-1.525358	0.426213	-6.359146	200.969000
-1.525227	0.426525	-6.366105	201.069000
-1.525183	0.430742	-6.362976	201.169000
-1.525108	0.436261	-6.385363	201.270000
-1.525126	0.432836	-6.398805	201.369000
-1.525052	0.429000	-6.409880	201.469000
-1.524868	0.428452	-6.401579	201.570000
-1.525320	0.437563	-6.386048	201.669000
-1.525031	0.441267	-6.394855	201.769000
-1.525151	0.439686	-6.396269	201.869000
-1.525040	0.438161	-6.397205	201.969000
-1.525087	0.433813	-6.391427	202.069000
-1.525249	0.432069	-6.391895	202.169000
-1.524950	0.436751	-6.389693	202.269000
-1.525030	0.439726	-6.401975	202.369000
-1.524949	0.439002	-6.424967	202.470000
-1.524893	0.432300	-6.413360	202.569000
-1.524981	0.435188	-6.380545	202.669000
-1.524906	0.435151	-6.368485	202.769000
-1.525104	0.434621	-6.364277	202.869000
-1.525073	0.437187	-6.380047	202.969000
-1.524965	0.437033	-6.420387	203.069000
-1.525108	0.436874	-6.436439	203.169000
-1.524758	0.434167	-6.415199	203.269000
-1.525105	0.437660	-6.402707	203.369000
-1.525034	0.438221	-6.410731	203.469000
-1.525035	0.436547	-6.397427	203.569000
-1.525147	0.435412	-6.379188	203.669000
-1.524986	0.435229	-6.394250	203.769000
-1.525203	0.438516	-6.434290	203.869000
-1.525004	0.435755	-6.448496	203.969000
-1.525028	0.436817	-6.424332	204.069000
-1.524818	0.441531	-6.423081	204.169000
-1.524661	0.439398	-6.403666	204.269000
-1.524678	0.437727	-6.399655	204.370000
-1.524836	0.436668	-6.374200	204.469000
-1.524753	0.437743	-6.348562	204.569000
-1.524981	0.437270	-6.343102	204.669000
-1.524737	0.437254	-6.336606	204.769000
-1.524947	0.437908	-6.388016	204.869000
-1.524825	0.440774	-6.416279	204.969000
-1.524904	0.435115	-6.399523	205.069000
-1.524926	0.436591	-6.380548	205.169000
-1.525243	0.438625	-6.378082	205.269000
-1.525430	0.441004	-6.395844	205.369000
-1.525264	0.441138	-6.409357	205.469000
-1.525202	0.436891	-6.388085	205.569000
-1.525150	0.433407	-6.354530	205.670000
-1.524835	0.432793	-6.363597	205.769000
-1.525128	0.434298	-6.417571	205.869000
-1.525085	0.437127	-6.426436	205.970000
-1.525078	0.436279	-6.377151	206.069000
-1.525006	0.439773	-6.333630	206.169000
-1.525017	0.443704	-6.353149	206.269000
-1.524818	0.438715	-6.404770	206.369000
-1.524908	0.428829	-6.422430	206.469000
-1.524948	0.420693	-6.406415	206.570000
-1.525114	0.419173	-6.393063	206.669000
-1.525117	0.416500	-6.369458	206.769000
-1.525307	0.420501	-6.409700	206.869000
-1.525222	0.422649	-6.449070	206.969000
-1.525280	0.428671	-6.459677	207.069000
-1.525398	0.437340	-6.447436	207.169000
-1.525208	0.441145	-6.448180	207.269000
-1.525373	0.443827	-6.474063	207.370000
-1.525031	0.442968	-6.468954	207.469000
-1.525030	0.442331	-6.420378	207.569000
-1.525189	0.437641	-6.433243	207.669000
-1.525013	0.434118	-6.423581	207.769000
-1.525108	0.434775	-6.430053	207.869000
-1.525130	0.434107	-6.417236	207.969000
-1.525016	0.430992	-6.383936	208.069000
-1.524967	0.428377	-6.350399	208.169000
-1.525028	0.425925	-6.306401	208.269000
-1.525206	0.425241	-6.303254	208.369000
