NaN	NaN	NaN	45.545000
0.153610	0.608640	-4.381073	45.645000
0.153547	0.612952	-4.392391	45.746000
0.153694	0.615499	-4.404162	45.846000
0.153398	0.612453	-4.413430	45.945000
0.153497	0.609315	-4.399766	46.045000
0.153510	0.606658	-4.370571	46.145000
0.153519	0.604953	-4.373263	46.245000
0.153603	0.602249	-4.378227	46.345000
0.153721	0.603403	-4.380318	46.445000
0.153754	0.599965	-4.391341	46.545000
0.153740	0.598381	-4.405476	46.645000
0.153681	0.596930	-4.413570	46.745000
0.153582	0.599514	-4.405728	46.845000
0.153632	0.599584	-4.382960	46.945000
0.153614	0.599515	-4.370102	47.045000
0.153791	0.601218	-4.378243	47.145000
0.153671	0.597302	-4.384301	47.245000
0.153586	0.597143	-4.400248	47.345000
0.153617	0.602261	-4.401765	47.445000
0.153398	0.607231	-4.404975	47.545000
0.153645	0.606753	-4.420951	47.645000
0.153550	0.604570	-4.427788	47.746000
0.153680	0.599437	-4.419507	47.845000
0.153585	0.599359	-4.387382	47.945000
0.153710	0.600436	-4.378064	48.046000
0.153643	0.605173	-4.369395	48.145000
0.153677	0.606119	-4.382317	48.245000
0.153705	0.601179	-4.385653	48.346000
0.153905	0.600035	-4.381944	48.445000
0.153704	0.596357	-4.385318	48.545000
0.153845	0.595413	-4.387202	48.645000
0.153899	0.596892	-4.395783	48.745000
0.153793	0.600579	-4.380458	48.845000
0.153796	0.605029	-4.385743	48.945000
0.153804	0.606582	-4.389490	49.045000
0.153843	0.606506	-4.402264	49.146000
0.153774	0.603204	-4.423122	49.245000
0.153950	0.597411	-4.425809	49.345000
0.153782	0.596615	-4.427756	49.445000
0.153749	0.599715	-4.426841	49.545000
0.154017	0.602465	-4.421927	49.645000
0.153941	0.607766	-4.400221	49.745000
0.153649	0.609339	-4.410184	49.845000
0.153690	0.610878	-4.415197	49.945000
0.153776	0.610825	-4.411226	50.045000
0.153736	0.605519	-4.416888	50.145000
0.153749	0.601721	-4.410412	50.246000
0.153822	0.604632	-4.401958	50.345000
0.153769	0.606424	-4.396997	50.445000
0.153726	0.605988	-4.403111	50.545000
0.153774	0.603133	-4.402941	50.645000
0.153802	0.603511	-4.387995	50.745000
0.153710	0.602080	-4.380954	50.845000
0.153816	0.601006	-4.395006	50.945000
0.153740	0.598976	-4.397361	51.046000
0.153616	0.600709	-4.368379	51.145000
0.153694	0.605471	-4.357057	51.245000
0.153664	0.602576	-4.363714	51.345000
0.156033	0.601433	-4.363782	51.445000
0.161810	0.601353	-4.377102	51.545000
0.168714	0.603666	-4.377406	51.645000
0.175753	0.610038	-4.386376	51.745000
0.183710	0.608123	-4.411750	51.845000
0.191804	0.600016	-4.435422	51.945000
0.199569	0.596616	-4.454659	52.045000
0.207866	0.596974	-4.465842	52.146000
0.216529	0.596671	-4.451051	52.245000
0.225147	0.592118	-4.427537	52.345000
0.234246	0.596056	-4.422080	52.445000
0.243088	0.601240	-4.440702	52.545000
0.251822	0.601299	-4.453638	52.645000
0.260536	0.599168	-4.456324	52.745000
0.269351	0.604724	-4.434384	52.845000
0.278690	0.606406	-4.423977	52.945000
0.288231	0.604637	-4.405603	53.045000
0.297059	0.602010	-4.392556	53.145000
0.306392	0.602032	-4.397133	53.245000
0.315786	0.605827	-4.431478	53.345000
0.325135	0.606079	-4.449944	53.445000
0.334891	0.600077	-4.438761	53.545000
0.344538	0.598147	-4.410766	53.645000
0.353865	0.600321	-4.401314	53.745000
0.363532	0.603666	-4.396555	53.845000
0.373139	0.604970	-4.391687	53.946000
0.382875	0.612007	-4.382915	54.045000
0.392604	0.621080	-4.393918	54.145000
0.402346	0.618351	-4.405319	54.245000
0.411753	0.610587	-4.404135	54.346000
0.421419	0.607180	-4.421827	54.445000
0.431204	0.606135	-4.423776	54.545000
0.441159	0.608630	-4.402906	54.646000
0.451210	0.611440	-4.401911	54.745000
0.460909	0.610042	-4.403200	54.845000
0.470651	0.608583	-4.404346	54.945000
0.480489	0.610308	-4.404321	55.046000
0.490541	0.611386	-4.406064	55.145000
0.500748	0.606899	-4.403504	55.246000
0.510775	0.607726	-4.393797	55.345000
0.520563	0.608517	-4.398585	55.446000
0.530371	0.600195	-4.399450	55.545000
0.540415	0.597149	-4.399621	55.645000
0.550052	0.601037	-4.420165	55.745000
0.559861	0.605138	-4.417316	55.845000
0.569968	0.611078	-4.403675	55.945000
0.579923	0.611397	-4.384320	56.045000
0.589925	0.609443	-4.372663	56.145000
0.599943	0.606742	-4.396037	56.245000
0.609948	0.609005	-4.414763	56.345000
0.620133	0.610068	-4.403197	56.445000
0.630231	0.606615	-4.400748	56.545000
0.640125	0.604583	-4.398125	56.645000
0.650243	0.603629	-4.371572	56.745000
0.660357	0.605043	-4.369074	56.845000
0.670766	0.608714	-4.392878	56.945000
0.681176	0.607634	-4.422296	57.045000
0.691346	0.603861	-4.425506	57.145000
0.701474	0.599899	-4.404820	57.245000
0.711919	0.598644	-4.389136	57.345000
0.722047	0.600485	-4.378250	57.445000
0.732481	0.600419	-4.378246	57.545000
0.742961	0.605451	-4.379334	57.645000
0.753114	0.608495	-4.392926	57.745000
0.763192	0.600345	-4.390471	57.845000
0.773414	0.599661	-4.370160	57.945000
0.783709	0.599510	-4.350885	58.046000
0.794403	0.596192	-4.342777	58.145000
0.804971	0.596195	-4.368015	58.246000
0.815180	0.595300	-4.391436	58.346000
0.825546	0.593193	-4.398733	58.445000
0.835852	0.598604	-4.397151	58.545000
0.846503	0.606172	-4.421962	58.645000
0.857493	0.603232	-4.422190	58.745000
0.867823	0.601429	-4.415753	58.845000
0.878102	0.598836	-4.415073	58.946000
0.888780	0.597340	-4.402853	59.045000
0.899145	0.600185	-4.385869	59.145000
0.909695	0.603820	-4.378262	59.245000
0.920547	0.603255	-4.392956	59.346000
0.930817	0.601495	-4.404314	59.445000
0.941210	0.602315	-4.389671	59.545000
0.951784	0.606148	-4.377796	59.645000
0.962261	0.605718	-4.370932	59.746000
0.973327	0.609305	-4.390461	59.845000
0.984144	0.611514	-4.419320	59.945000
0.994468	0.612792	-4.423817	60.045000
1.005102	0.607652	-4.406579	60.145000
1.015908	0.600630	-4.387053	60.245000
1.026516	0.596203	-4.386548	60.346000
1.036842	0.594011	-4.384268	60.446000
1.047699	0.592124	-4.376351	60.545000
1.058379	0.592443	-4.376662	60.646000
1.068965	0.597819	-4.378259	60.745000
1.079298	0.600121	-4.378249	60.846000
1.090160	0.602006	-4.378249	60.946000
1.101010	0.605795	-4.378325	61.045000
1.111538	0.606708	-4.379385	61.145000
1.122032	0.606700	-4.389416	61.245000
1.132939	0.606968	-4.407265	61.345000
1.143831	0.604332	-4.425791	61.451000
1.155181	0.601420	-4.425921	61.545000
1.165786	0.604844	-4.418492	61.645000
1.176511	0.606550	-4.410746	61.745000
1.187351	0.606581	-4.375404	61.845000
1.198102	0.605453	-4.358859	61.946000
1.208881	0.600798	-4.355213	62.046000
1.219994	0.600477	-4.348121	62.146000
1.231131	0.603662	-4.343733	62.246000
1.241321	0.603072	-4.354866	62.345000
1.252717	0.606175	-4.372379	62.445000
1.263404	0.610538	-4.380882	62.545000
1.274271	0.612271	-4.377848	62.646000
1.285621	0.613148	-4.375132	62.745000
1.296327	0.611449	-4.376860	62.845000
1.307288	0.612085	-4.369471	62.945000
1.318364	0.611372	-4.368826	63.045000
1.329168	0.609953	-4.382541	63.145000
1.340253	0.606574	-4.398832	63.246000
1.351341	0.606564	-4.412844	63.345000
1.362449	0.606552	-4.428803	63.445000
1.373024	0.606631	-4.422044	63.545000
1.384082	0.608761	-4.394183	63.645000
1.394990	0.609316	-4.363749	63.745000
1.405785	0.608781	-4.367526	63.845000
1.417726	0.611981	-4.376743	63.945000
1.428204	0.616546	-4.372566	64.045000
1.438969	0.615633	-4.395615	64.145000
1.449691	0.614194	-4.411612	64.245000
1.461064	0.616301	-4.396203	64.345000
1.472494	0.612078	-4.384416	64.445000
1.483415	0.609562	-4.369166	64.545000
1.494346	0.611401	-4.392181	64.645000
1.505315	0.614069	-4.422892	64.746000
1.516335	0.616533	-4.423702	64.845000
1.527065	0.617004	-4.397652	64.946000
1.538205	0.612730	-4.402731	65.046000
1.549100	0.607227	-4.397074	65.145000
1.559971	0.608214	-4.400774	65.246000
1.570989	0.606881	-4.403112	65.345000
1.581971	0.603326	-4.403113	65.445000
1.592857	0.599959	-4.404738	65.545000
1.604049	0.595174	-4.402178	65.645000
1.614649	0.596247	-4.376031	65.745000
1.625901	0.603553	-4.374313	65.845000
1.636783	0.608153	-4.409399	65.945000
1.648081	0.607650	-4.426194	66.045000
1.659970	0.606492	-4.415000	66.145000
1.670242	0.606176	-4.396875	66.245000
1.682486	0.603109	-4.378253	66.345000
1.693375	0.601346	-4.364837	66.445000
1.704031	0.602367	-4.338722	66.545000
1.715007	0.606364	-4.340704	66.646000
1.726164	0.606595	-4.364179	66.746000
1.737357	0.604182	-4.378241	66.845000
1.748354	0.602651	-4.363198	66.945000
1.759424	0.600751	-4.351671	67.045000
1.770536	0.602738	-4.346297	67.145000
1.782004	0.607613	-4.356161	67.245000
1.793414	0.607717	-4.365167	67.345000
1.804780	0.606871	-4.365453	67.445000
1.816124	0.608019	-4.359685	67.545000
1.826206	0.609140	-4.378485	67.645000
1.837655	0.606674	-4.381346	67.745000
1.848530	0.602559	-4.398283	67.845000
1.860636	0.600686	-4.407487	67.946000
1.871130	0.601762	-4.406632	68.045000
1.882755	0.606415	-4.383654	68.146000
1.893762	0.611079	-4.387205	68.245000
1.905118	0.611008	-4.401923	68.345000
1.916684	0.611701	-4.392137	68.445000
1.927961	0.609047	-4.379078	68.545000
1.939168	0.604642	-4.374973	68.645000
1.950097	0.601398	-4.361136	68.745000
1.961111	0.602380	-4.365600	68.845000
1.972831	0.606149	-4.378030	68.945000
1.984170	0.606436	-4.358474	69.045000
1.995131	0.605896	-4.344397	69.145000
2.006945	0.603448	-4.355764	69.245000
2.018113	0.600203	-4.363374	69.345000
2.029135	0.603858	-4.373352	69.445000
2.039767	0.610293	-4.358118	69.546000
2.051603	0.614776	-4.354250	69.645000
2.062799	0.610689	-4.356093	69.745000
2.073826	0.606690	-4.355775	69.845000
2.084816	0.608892	-4.366517	69.945000
2.096039	0.607533	-4.375457	70.045000
2.107280	0.606685	-4.358739	70.145000
2.118340	0.604620	-4.351011	70.245000
2.129532	0.604574	-4.356093	70.345000
2.140697	0.606851	-4.380016	70.445000
2.151958	0.609369	-4.399802	70.545000
2.163391	0.607756	-4.404127	70.645000
2.174474	0.606682	-4.361802	70.745000
2.185981	0.607053	-4.328565	70.845000
2.197456	0.610700	-4.336308	70.945000
2.208545	0.617565	-4.361247	71.045000
2.219575	0.621771	-4.399746	71.145000
2.231212	0.622922	-4.405132	71.245000
2.242718	0.617020	-4.387234	71.345000
2.254179	0.611740	-4.378218	71.445000
2.265356	0.613648	-4.394560	71.545000
2.276666	0.614208	-4.400996	71.645000
2.287879	0.613636	-4.395463	71.745000
2.299478	0.614702	-4.404976	71.845000
2.310799	0.614308	-4.408098	71.945000
2.322422	0.614431	-4.416219	72.045000
2.333594	0.612668	-4.421316	72.145000
2.344751	0.611406	-4.432689	72.245000
2.356309	0.611845	-4.430703	72.345000
2.368023	0.615537	-4.425337	72.445000
2.379162	0.617626	-4.427204	72.545000
2.390913	0.619880	-4.435132	72.645000
2.401954	0.624227	-4.449596	72.745000
2.413306	0.632713	-4.447759	72.845000
2.424701	0.636238	-4.434028	72.945000
2.436416	0.637175	-4.439598	73.045000
2.447907	0.638482	-4.437635	73.146000
2.459230	0.636265	-4.450494	73.245000
2.470505	0.639128	-4.500775	73.345000
2.481705	0.643710	-4.544788	73.445000
2.493098	0.647762	-4.574462	73.545000
2.504390	0.651975	-4.613621	73.645000
2.515584	0.656929	-4.664041	73.746000
2.527056	0.661428	-4.733210	73.845000
2.538159	0.668026	-4.806029	73.945000
2.549449	0.683540	-4.885235	74.045000
2.561281	0.706387	-4.995879	74.146000
2.572674	0.729525	-5.138578	74.246000
2.584065	0.755431	-5.318231	74.345000
2.595288	0.797574	-5.557980	74.445000
2.606691	0.868047	-5.926631	74.545000
2.617699	0.988522	-6.421516	74.645000
2.629001	1.214456	-6.944039	74.746000
2.640253	1.571148	-7.352277	74.845000
2.651288	2.142617	-7.561031	74.945000
2.663003	2.871111	-7.619958	75.045000
2.673997	3.141885	-7.633483	75.145000
2.685800	2.815208	-7.548915	75.245000
2.697452	2.254817	-7.256466	75.345000
2.709046	1.731643	-6.802229	75.445000
2.720770	1.381880	-6.314000	75.545000
2.731888	1.222455	-5.922459	75.645000
2.743003	1.176464	-5.695107	75.745000
2.754917	1.179684	-5.578783	75.845000
2.766353	1.208798	-5.518136	75.945000
2.777678	1.252911	-5.484377	76.045000
2.789404	1.300399	-5.458267	76.146000
2.800508	1.340395	-5.429781	76.246000
2.811696	1.375388	-5.406830	76.345000
2.823237	1.407495	-5.375577	76.445000
2.834757	1.444422	-5.331755	76.545000
2.845799	1.479163	-5.302329	76.645000
2.856984	1.509950	-5.282040	76.745000
2.868320	1.533368	-5.256046	76.845000
2.880111	1.555011	-5.232447	76.945000
2.891462	1.574478	-5.201799	77.045000
2.903265	1.591984	-5.160307	77.145000
2.914423	1.611682	-5.126975	77.245000
2.925716	1.631042	-5.111466	77.345000
2.937349	1.647271	-5.097275	77.445000
2.948276	1.658756	-5.085256	77.545000
2.959579	1.658807	-5.073320	77.645000
2.970878	1.661618	-5.058833	77.745000
2.981995	1.666342	-5.052287	77.845000
2.993305	1.669541	-5.040297	77.946000
3.004716	1.673702	-5.029054	78.045000
3.016420	1.679455	-5.021720	78.146000
3.027875	1.689096	-5.010701	78.245000
3.039307	1.699548	-5.000563	78.345000
3.050762	1.704717	-4.996422	78.445000
3.061990	1.707866	-4.993430	78.545000
3.073204	1.711807	-4.989777	78.645000
3.084787	1.708007	-4.985568	78.745000
3.096026	1.702817	-4.984548	78.845000
3.107438	1.704406	-4.980696	78.945000
3.118722	1.707696	-4.978734	79.045000
3.130095	1.715297	-4.971095	79.146000
3.141423	1.719732	-4.955235	79.245000
3.152579	1.724457	-4.950827	79.346000
3.163954	1.725943	-4.946128	79.446000
3.175219	1.724176	-4.942167	79.545000
3.186207	1.724314	-4.940622	79.645000
3.197503	1.724893	-4.942192	79.745000
3.209135	1.727040	-4.934398	79.845000
3.220783	1.724925	-4.930903	79.945000
3.232302	1.725710	-4.930838	80.045000
3.243637	1.722711	-4.930503	80.146000
3.255001	1.718725	-4.931941	80.245000
3.266286	1.715221	-4.930020	80.345000
3.278057	1.719978	-4.927814	80.445000
3.289466	1.730697	-4.935151	80.545000
3.300910	1.733734	-4.945887	80.645000
3.312232	1.733326	-4.942577	80.745000
3.323490	1.729299	-4.929879	80.845000
3.335053	1.725726	-4.919346	80.945000
3.346827	1.723020	-4.919654	81.045000
3.358210	1.720023	-4.923825	81.145000
3.369708	1.712916	-4.929097	81.245000
3.381229	1.716231	-4.923277	81.345000
3.392226	1.723377	-4.917049	81.445000
3.403910	1.728103	-4.920294	81.545000
3.415297	1.731265	-4.926919	81.645000
3.427200	1.731762	-4.929876	81.745000
3.438401	1.728979	-4.926000	81.845000
3.449848	1.729139	-4.918124	81.945000
3.461030	1.728630	-4.919568	82.045000
3.472681	1.728139	-4.921617	82.145000
3.484631	1.729898	-4.918048	82.246000
3.495988	1.728587	-4.909966	82.345000
3.507317	1.723580	-4.901932	82.445000
3.518400	1.719233	-4.901840	82.545000
3.530064	1.720660	-4.902602	82.645000
3.541837	1.724934	-4.901479	82.745000
3.553325	1.728782	-4.903078	82.845000
3.564583	1.735556	-4.903744	82.945000
3.576021	1.740538	-4.901404	83.045000
3.587255	1.739840	-4.900181	83.145000
3.598715	1.734883	-4.895274	83.245000
3.610008	1.732502	-4.889381	83.345000
3.621304	1.734751	-4.884475	83.445000
3.632562	1.731072	-4.887015	83.545000
3.643764	1.728824	-4.892234	83.645000
3.655253	1.729969	-4.900062	83.746000
3.666413	1.734605	-4.904272	83.845000
3.677768	1.737887	-4.897467	83.946000
3.689464	1.741537	-4.891627	84.045000
3.700671	1.742528	-4.893229	84.145000
3.711621	1.745578	-4.896858	84.245000
3.723177	1.745569	-4.889110	84.345000
3.735257	1.746578	-4.883509	84.445000
3.746622	1.745293	-4.882401	84.545000
3.758413	1.740113	-4.875700	84.645000
3.769418	1.740900	-4.871816	84.745000
3.780726	1.739561	-4.865081	84.845000
3.792247	1.742284	-4.860274	84.945000
3.803880	1.747258	-4.866071	85.045000
3.815216	1.748187	-4.869254	85.145000
3.826882	1.745200	-4.866991	85.245000
3.837497	1.746714	-4.865659	85.345000
3.849467	1.746809	-4.870532	85.445000
3.861097	1.741085	-4.869708	85.545000
3.872072	1.738705	-4.864045	85.645000
3.884358	1.739100	-4.857629	85.745000
3.896000	1.739033	-4.857942	85.845000
3.906876	1.738321	-4.851163	85.945000
3.917928	1.745700	-4.843015	86.045000
3.929366	1.746962	-4.844995	86.145000
3.941527	1.744866	-4.851916	86.245000
3.953082	1.744256	-4.856855	86.345000
3.963494	1.741589	-4.857312	86.445000
3.974978	1.740222	-4.857048	86.545000
3.986690	1.743358	-4.858595	86.645000
3.998521	1.744872	-4.858850	86.745000
4.009583	1.744397	-4.858325	86.845000
4.020528	1.744235	-4.857699	86.945000
4.032121	1.748751	-4.855743	87.045000
4.043640	1.747339	-4.848051	87.145000
4.054778	1.751630	-4.846344	87.245000
4.066348	1.755611	-4.847174	87.346000
4.078139	1.755693	-4.842783	87.446000
4.089175	1.757020	-4.840525	87.546000
4.100869	1.761536	-4.832539	87.646000
4.111513	1.766103	-4.836541	87.746000
4.123002	1.765131	-4.831868	87.845000
4.134515	1.762113	-4.826452	87.945000
4.145881	1.760940	-4.828033	88.045000
4.156762	1.757193	-4.829436	88.146000
4.167837	1.755809	-4.833454	88.245000
4.179384	1.757483	-4.832664	88.345000
4.191166	1.754946	-4.837727	88.445000
4.201961	1.751069	-4.842779	88.545000
4.213403	1.745528	-4.844168	88.645000
4.225175	1.747980	-4.840126	88.745000
4.235503	1.750732	-4.831558	88.845000
4.247687	1.756299	-4.824842	88.945000
4.259175	1.757740	-4.819624	89.045000
4.270600	1.757234	-4.818578	89.145000
4.282119	1.753069	-4.813967	89.245000
4.293426	1.750958	-4.803168	89.345000
4.304709	1.757286	-4.800136	89.445000
4.316172	1.759495	-4.807083	89.546000
4.327689	1.756065	-4.808540	89.645000
4.339257	1.755616	-4.803756	89.745000
4.350462	1.753252	-4.808862	89.845000
4.361910	1.750497	-4.811222	89.945000
4.373376	1.751920	-4.815601	90.045000
4.384864	1.756871	-4.823077	90.145000
4.396050	1.761398	-4.823255	90.245000
4.407883	1.763958	-4.816830	90.345000
4.419134	1.766829	-4.814532	90.445000
4.430252	1.768815	-4.814138	90.545000
4.441668	1.767997	-4.812918	90.645000
4.453327	1.764070	-4.813285	90.745000
4.465113	1.766621	-4.812490	90.845000
4.476481	1.766101	-4.806502	90.945000
4.487996	1.765871	-4.798295	91.045000
4.499005	1.767469	-4.797673	91.145000
4.510426	1.767371	-4.799047	91.245000
4.522090	1.760003	-4.798917	91.345000
4.533406	1.754442	-4.797963	91.445000
4.544906	1.755045	-4.795347	91.546000
4.556384	1.760759	-4.791256	91.645000
4.567717	1.757883	-4.794738	91.745000
4.579160	1.758018	-4.792451	91.845000
4.590992	1.759903	-4.787338	91.945000
4.602155	1.766917	-4.785366	92.045000
4.613472	1.773118	-4.788708	92.145000
4.624562	1.767327	-4.787711	92.245000
4.635843	1.764023	-4.779018	92.345000
4.647079	1.768154	-4.778475	92.445000
4.658268	1.766180	-4.776929	92.545000
4.669409	1.763428	-4.781337	92.646000
4.680910	1.762728	-4.778769	92.745000
4.692096	1.766157	-4.770216	92.845000
4.703439	1.770207	-4.769680	92.945000
4.714768	1.771255	-4.776412	93.045000
4.725847	1.768415	-4.785278	93.145000
4.737319	1.769666	-4.791905	93.245000
4.748472	1.771566	-4.793436	93.345000
4.759543	1.770535	-4.790900	93.445000
4.771381	1.768109	-4.792616	93.545000
4.782991	1.768136	-4.787981	93.645000
4.794067	1.767225	-4.781213	93.745000
4.805450	1.764916	-4.778821	93.845000
4.816605	1.765811	-4.780448	93.946000
4.827994	1.774831	-4.778303	94.046000
4.839450	1.779737	-4.777005	94.146000
4.850496	1.776757	-4.778033	94.245000
4.861763	1.773696	-4.773796	94.345000
4.873197	1.772731	-4.776602	94.445000
4.884143	1.769743	-4.773375	94.545000
4.895344	1.767258	-4.764449	94.645000
4.907242	1.766533	-4.762917	94.745000
4.918551	1.763690	-4.759752	94.845000
4.929931	1.761589	-4.751823	94.945000
4.941236	1.755866	-4.745957	95.045000
4.952441	1.752158	-4.741798	95.146000
4.964134	1.751211	-4.748546	95.245000
4.975661	1.759056	-4.754576	95.345000
4.987188	1.764179	-4.757352	95.445000
4.998341	1.762950	-4.757989	95.545000
5.009551	1.766423	-4.764866	95.645000
5.020773	1.768798	-4.766294	95.745000
5.032341	1.772491	-4.762198	95.845000
5.043722	1.773737	-4.762726	95.945000
5.055074	1.769598	-4.768212	96.045000
5.066381	1.770512	-4.757197	96.145000
5.077703	1.772947	-4.745189	96.246000
5.089028	1.770359	-4.744111	96.345000
5.100623	1.766213	-4.743158	96.445000
5.112024	1.767850	-4.742483	96.545000
5.123480	1.774167	-4.743530	96.645000
5.134685	1.777195	-4.749963	96.745000
5.146085	1.775224	-4.754792	96.845000
5.157572	1.774626	-4.758142	96.945000
5.168617	1.774731	-4.763372	97.045000
5.179584	1.773059	-4.758019	97.145000
5.191148	1.772736	-4.751212	97.245000
5.202303	1.771987	-4.741517	97.345000
5.213419	1.772734	-4.738905	97.445000
5.224560	1.771858	-4.744913	97.545000
5.236046	1.771229	-4.746666	97.645000
5.247359	1.772716	-4.745114	97.745000
5.258899	1.774468	-4.738715	97.845000
5.269676	1.778175	-4.736995	97.945000
5.280743	1.776196	-4.740510	98.045000
5.292501	1.774672	-4.747738	98.145000
5.304172	1.775052	-4.749979	98.245000
5.315860	1.777218	-4.746039	98.345000
5.326496	1.776886	-4.746045	98.445000
5.338077	1.776826	-4.737323	98.545000
5.348980	1.775134	-4.733407	98.645000
5.360697	1.773293	-4.730984	98.745000
5.371744	1.771071	-4.726433	98.845000
5.383484	1.768936	-4.729862	98.945000
5.394844	1.773455	-4.733508	99.045000
5.405950	1.777465	-4.735047	99.145000
5.417019	1.774293	-4.739567	99.245000
5.428526	1.770924	-4.742358	99.345000
5.440263	1.769192	-4.739079	99.445000
5.451374	1.771486	-4.733233	99.545000
5.462383	1.771436	-4.735971	99.645000
5.474021	1.765161	-4.732376	99.745000
5.485373	1.761382	-4.723683	99.845000
5.496719	1.757798	-4.720506	99.946000
5.508093	1.757695	-4.724881	100.045000
5.519818	1.763820	-4.728392	100.145000
5.530336	1.771596	-4.733558	100.245000
5.542033	1.771813	-4.742994	100.345000
5.553208	1.769199	-4.734599	100.445000
5.564690	1.767299	-4.722474	100.546000
5.576019	1.771032	-4.712826	100.645000
5.587155	1.772095	-4.706445	100.745000
5.598535	1.771634	-4.706776	100.845000
5.609650	1.772202	-4.715163	100.945000
5.621410	1.775309	-4.715889	101.045000
5.632867	1.773665	-4.716815	101.146000
5.644352	1.772252	-4.718740	101.245000
5.656048	1.772253	-4.715680	101.345000
5.661573	1.769562	-4.713548	101.445000
5.660574	1.766268	-4.713961	101.546000
5.658140	1.768055	-4.707389	101.645000
5.653872	1.769630	-4.703671	101.745000
5.648958	1.769155	-4.708084	101.845000
5.643738	1.768541	-4.712200	101.945000
5.638640	1.768959	-4.704686	102.045000
5.632222	1.769672	-4.689443	102.145000
5.625831	1.770170	-4.680490	102.246000
5.619300	1.770644	-4.688952	102.345000
5.612420	1.771513	-4.705105	102.446000
5.605039	1.774022	-4.714377	102.545000
5.597988	1.781743	-4.713623	102.645000
5.590556	1.784542	-4.711924	102.745000
5.582782	1.777746	-4.702692	102.845000
5.574991	1.775395	-4.696456	102.945000
5.566931	1.781531	-4.696475	103.045000
5.558767	1.780476	-4.699310	103.145000
5.550969	1.772600	-4.705634	103.245000
5.542502	1.767469	-4.705902	103.345000
5.534458	1.766550	-4.708748	103.445000
5.525702	1.767796	-4.714541	103.545000
5.516958	1.775039	-4.714484	103.646000
5.508562	1.782063	-4.720297	103.745000
5.500480	1.779447	-4.714499	103.845000
5.491360	1.776875	-4.721884	103.945000
5.482974	1.772888	-4.724978	104.045000
5.473893	1.771539	-4.718335	104.145000
5.464917	1.772153	-4.706320	104.246000
5.455970	1.774816	-4.702915	104.345000
5.447137	1.777608	-4.706760	104.445000
5.438231	1.775052	-4.713763	104.546000
5.429270	1.772573	-4.715176	104.645000
5.419674	1.774862	-4.710727	104.745000
5.410281	1.780304	-4.710834	104.845000
5.401503	1.776930	-4.712245	104.946000
5.391953	1.777254	-4.720199	105.045000
5.383054	1.779449	-4.726758	105.145000
5.373932	1.781486	-4.718793	105.245000
5.364413	1.785967	-4.711793	105.345000
5.355257	1.781957	-4.715057	105.445000
5.345936	1.775900	-4.727775	105.545000
5.336476	1.769680	-4.736680	105.646000
5.327313	1.767183	-4.743540	105.746000
5.317881	1.768242	-4.740927	105.846000
5.308543	1.770552	-4.743982	105.946000
5.299269	1.770507	-4.752912	106.045000
5.289935	1.763018	-4.750023	106.145000
5.280409	1.761425	-4.746222	106.245000
5.271058	1.765983	-4.735132	106.345000
5.261091	1.770960	-4.729189	106.445000
5.251335	1.772875	-4.732925	106.545000
5.242127	1.772803	-4.743439	106.645000
5.232178	1.770194	-4.742007	106.745000
5.222539	1.767385	-4.741403	106.845000
5.212882	1.764945	-4.737579	106.945000
5.203025	1.763937	-4.731753	107.045000
5.193145	1.766810	-4.730592	107.145000
5.183837	1.769810	-4.730595	107.245000
5.173996	1.775035	-4.729134	107.345000
5.164180	1.775381	-4.731278	107.445000
5.154010	1.774073	-4.737348	107.545000
5.143894	1.776365	-4.748436	107.645000
5.134293	1.771971	-4.744113	107.745000
5.124425	1.767382	-4.745018	107.845000
5.114410	1.766169	-4.750716	107.945000
5.104687	1.762729	-4.749600	108.045000
5.094398	1.765580	-4.740556	108.145000
5.084587	1.770882	-4.727140	108.245000
5.074426	1.769453	-4.724956	108.345000
5.064556	1.768165	-4.735144	108.445000
5.054592	1.768728	-4.744991	108.545000
5.044607	1.772205	-4.752297	108.645000
5.034690	1.773547	-4.755887	108.745000
5.024735	1.774104	-4.765106	108.845000
5.014672	1.770129	-4.778403	108.945000
5.004622	1.770959	-4.780437	109.045000
4.994576	1.770587	-4.773872	109.145000
4.984718	1.773950	-4.769246	109.245000
4.974462	1.774902	-4.765818	109.345000
4.964063	1.773645	-4.758923	109.445000
4.954510	1.770181	-4.763313	109.545000
4.944210	1.764607	-4.768648	109.645000
4.934186	1.768020	-4.769119	109.745000
4.924182	1.769844	-4.770658	109.845000
4.913677	1.769921	-4.770419	109.945000
4.903970	1.767782	-4.762780	110.045000
4.894051	1.765067	-4.747316	110.145000
4.883753	1.764839	-4.748920	110.245000
4.873497	1.765886	-4.761135	110.345000
4.863585	1.765366	-4.772279	110.445000
4.853620	1.766429	-4.779168	110.545000
4.843600	1.768142	-4.788032	110.645000
4.833040	1.769617	-4.789818	110.745000
4.822684	1.769618	-4.793140	110.845000
4.812473	1.766866	-4.790967	110.946000
4.802047	1.762532	-4.786278	111.045000
4.791646	1.764227	-4.786516	111.145000
4.781693	1.764690	-4.786152	111.245000
4.771473	1.766239	-4.785358	111.345000
4.761327	1.764636	-4.788600	111.445000
4.750749	1.768335	-4.791839	111.545000
4.739964	1.765704	-4.786262	111.645000
4.729734	1.762744	-4.776692	111.745000
4.719585	1.760967	-4.771209	111.845000
4.709281	1.760952	-4.764733	111.945000
4.698619	1.762695	-4.763212	112.045000
4.688233	1.761137	-4.763865	112.145000
4.677740	1.758393	-4.774428	112.245000
4.667281	1.757829	-4.785554	112.345000
4.657252	1.759488	-4.793028	112.445000
4.646285	1.764525	-4.795537	112.545000
4.636415	1.769576	-4.794780	112.645000
4.625160	1.769688	-4.789955	112.749000
4.614333	1.769465	-4.783733	112.845000
4.604579	1.767943	-4.782408	112.945000
4.593966	1.765816	-4.779626	113.045000
4.583548	1.768122	-4.776840	113.145000
4.572976	1.770669	-4.779119	113.245000
4.562290	1.774862	-4.787865	113.345000
4.551768	1.775516	-4.790657	113.445000
4.541019	1.771324	-4.788446	113.545000
4.530529	1.766616	-4.787570	113.645000
4.520093	1.766994	-4.791964	113.745000
4.509279	1.763517	-4.797068	113.845000
4.498570	1.761586	-4.793550	113.946000
4.487957	1.761645	-4.796620	114.045000
4.477554	1.759475	-4.803501	114.145000
4.466731	1.759351	-4.814614	114.246000
4.456114	1.758815	-4.812082	114.345000
4.445419	1.761594	-4.800326	114.445000
4.434779	1.764405	-4.800321	114.545000
4.424219	1.769009	-4.798791	114.645000
4.413481	1.764992	-4.805639	114.745000
4.403168	1.761810	-4.809596	114.846000
4.392900	1.759652	-4.812070	114.945000
4.382428	1.761686	-4.807466	115.045000
4.371545	1.761262	-4.811053	115.145000
4.360934	1.760287	-4.808778	115.246000
4.350156	1.763937	-4.802631	115.346000
4.339680	1.767786	-4.802938	115.445000
4.328592	1.763599	-4.808924	115.545000
4.318050	1.764230	-4.812799	115.646000
4.307117	1.761653	-4.807898	115.746000
4.296733	1.757250	-4.806194	115.846000
4.285753	1.755362	-4.810509	115.945000
4.275598	1.751516	-4.819915	116.045000
4.264301	1.745776	-4.826077	116.145000
4.253496	1.742373	-4.824290	116.246000
4.242989	1.744781	-4.822176	116.345000
4.232129	1.747291	-4.812229	116.445000
4.221739	1.749376	-4.806053	116.545000
4.210694	1.752681	-4.808556	116.645000
4.199499	1.759890	-4.811540	116.745000
4.188693	1.765080	-4.816404	116.845000
4.178070	1.767692	-4.826840	116.945000
4.167275	1.763488	-4.840822	117.045000
4.156133	1.758408	-4.849629	117.145000
4.145354	1.757073	-4.842511	117.245000
4.134394	1.754667	-4.837287	117.345000
4.123338	1.754520	-4.837328	117.445000
4.112796	1.754591	-4.837836	117.545000
4.101909	1.754595	-4.841170	117.646000
4.091189	1.753744	-4.840523	117.745000
4.080223	1.750155	-4.841392	117.845000
4.069099	1.744576	-4.844440	117.945000
4.058498	1.741622	-4.844730	118.045000
4.047419	1.748502	-4.846462	118.145000
4.036511	1.748998	-4.853256	118.245000
4.025801	1.748551	-4.856410	118.345000
4.014543	1.750805	-4.857090	118.446000
4.003484	1.750077	-4.854432	118.545000
3.992629	1.750035	-4.850826	118.645000
3.981765	1.751233	-4.845921	118.745000
3.970852	1.746104	-4.843987	118.845000
3.960131	1.744643	-4.852727	118.945000
3.949280	1.746457	-4.864291	119.045000
3.938309	1.747289	-4.868398	119.145000
3.927752	1.748729	-4.872954	119.245000
3.916464	1.748548	-4.877051	119.345000
3.905593	1.747968	-4.869259	119.446000
3.894627	1.751160	-4.858225	119.545000
3.883769	1.752980	-4.855985	119.645000
3.872832	1.753347	-4.859047	119.745000
3.862021	1.754122	-4.865134	119.845000
3.851146	1.757684	-4.869800	119.945000
3.840188	1.753718	-4.870413	120.045000
3.828669	1.747189	-4.865877	120.145000
3.817529	1.747263	-4.865413	120.245000
3.806646	1.747049	-4.860649	120.345000
3.795518	1.747333	-4.858646	120.445000
3.784559	1.745777	-4.854748	120.545000
3.773491	1.742250	-4.849091	120.645000
3.762202	1.740643	-4.847872	120.745000
3.751024	1.742220	-4.863235	120.846000
3.740120	1.743817	-4.875509	120.946000
3.728921	1.745387	-4.880162	121.045000
3.717917	1.745957	-4.881576	121.145000
3.706684	1.750091	-4.880123	121.245000
3.695464	1.752917	-4.878324	121.346000
3.684235	1.751035	-4.876579	121.445000
3.673420	1.744812	-4.882412	121.545000
3.662512	1.737921	-4.884036	121.645000
3.651255	1.737983	-4.889203	121.745000
3.640047	1.743781	-4.895788	121.845000
3.628737	1.748273	-4.899657	121.946000
3.617612	1.742734	-4.895046	122.045000
3.606729	1.738871	-4.893323	122.145000
3.595443	1.736018	-4.899379	122.245000
3.584466	1.737783	-4.897182	122.345000
3.572929	1.734258	-4.893318	122.445000
3.561786	1.731116	-4.893865	122.545000
3.550805	1.727694	-4.905300	122.645000
3.539656	1.725077	-4.909496	122.745000
3.528658	1.727016	-4.903643	122.846000
3.517647	1.728086	-4.903540	122.945000
3.505934	1.727635	-4.901391	123.045000
3.494727	1.728374	-4.894572	123.146000
3.483427	1.729264	-4.898288	123.245000
3.472531	1.729867	-4.904064	123.345000
3.461201	1.731089	-4.909098	123.445000
3.450574	1.733308	-4.910746	123.545000
3.439332	1.732750	-4.919850	123.645000
3.428469	1.726188	-4.926792	123.745000
3.417263	1.725332	-4.915915	123.846000
3.406161	1.729694	-4.907176	123.945000
3.395005	1.730459	-4.915628	124.045000
3.383937	1.730074	-4.921908	124.145000
3.372813	1.734994	-4.920463	124.245000
3.361484	1.734179	-4.924503	124.345000
3.350580	1.731335	-4.927902	124.446000
3.339259	1.728203	-4.926668	124.545000
3.328033	1.724879	-4.929841	124.645000
3.316366	1.721644	-4.932106	124.745000
3.305111	1.723072	-4.933764	124.845000
3.293922	1.730854	-4.934514	124.945000
3.282727	1.731282	-4.933735	125.045000
3.271624	1.729065	-4.936487	125.145000
3.260437	1.722483	-4.944355	125.245000
3.249606	1.721953	-4.947573	125.345000
3.238228	1.722831	-4.954758	125.445000
3.227035	1.720933	-4.956855	125.545000
3.215821	1.722640	-4.948177	125.645000
3.204857	1.724427	-4.935388	125.745000
3.193320	1.723644	-4.930863	125.846000
3.181876	1.721381	-4.931078	125.945000
3.170481	1.715747	-4.934323	126.045000
3.159302	1.716165	-4.937976	126.145000
3.148201	1.719938	-4.946883	126.245000
3.136937	1.720098	-4.962259	126.346000
3.125375	1.719750	-4.966573	126.445000
3.114191	1.719680	-4.964868	126.545000
3.102790	1.719509	-4.967451	126.645000
3.091703	1.717641	-4.963391	126.745000
3.080143	1.718409	-4.966792	126.845000
3.068749	1.713980	-4.974986	126.945000
3.057279	1.711496	-4.978683	127.045000
3.045840	1.710328	-4.984359	127.146000
3.034554	1.706915	-4.987765	127.245000
3.023683	1.703649	-4.991147	127.345000
3.011988	1.706337	-4.994033	127.445000
3.000322	1.706702	-5.000682	127.546000
2.988833	1.698725	-5.007144	127.645000
2.977109	1.692632	-5.017712	127.746000
2.966041	1.683685	-5.031503	127.845000
2.954957	1.677343	-5.044729	127.946000
2.943553	1.672687	-5.058549	128.046000
2.932320	1.669324	-5.068552	128.145000
2.920800	1.659427	-5.083114	128.245000
2.909487	1.652253	-5.100903	128.345000
2.898115	1.648385	-5.127620	128.446000
2.886790	1.634870	-5.145519	128.545000
2.875517	1.612849	-5.159230	128.645000
2.863790	1.595573	-5.180596	128.745000
2.852259	1.572992	-5.208082	128.845000
2.841038	1.548348	-5.236813	128.945000
2.829682	1.526239	-5.262045	129.045000
2.818336	1.505015	-5.282263	129.145000
2.806898	1.477367	-5.310778	129.245000
2.795442	1.442038	-5.337641	129.345000
2.783757	1.402943	-5.367045	129.446000
2.773119	1.360596	-5.395133	129.545000
2.761177	1.317094	-5.420143	129.645000
2.750537	1.275031	-5.446046	129.745000
2.738870	1.231983	-5.472673	129.845000
2.727154	1.175624	-5.494622	129.945000
2.715363	1.122767	-5.507897	130.045000
2.703617	1.071869	-5.514331	130.145000
2.693172	1.017661	-5.499041	130.245000
2.681015	0.967510	-5.472545	130.345000
2.669343	0.922629	-5.449743	130.445000
2.657916	0.885671	-5.445067	130.545000
2.646606	0.861004	-5.440825	130.645000
2.635338	1.040120	-5.751537	130.745000
2.623587	1.476254	-6.208210	130.845000
2.612046	1.632850	-6.382525	130.945000
2.600435	1.538188	-6.366362	131.045000
2.588746	1.355460	-6.253909	131.145000
2.577451	1.185228	-6.094526	131.245000
2.566026	1.050170	-5.899367	131.345000
2.554577	0.948540	-5.699317	131.446000
2.542992	0.874888	-5.527725	131.545000
2.531362	0.820326	-5.355337	131.645000
2.520008	0.778956	-5.196671	131.745000
2.508044	0.743253	-5.051563	131.845000
2.497278	0.716682	-4.951330	131.945000
2.485751	0.697859	-4.876405	132.045000
2.474026	0.678278	-4.809051	132.145000
2.461919	0.662500	-4.719568	132.245000
2.450853	0.657050	-4.642195	132.345000
2.439147	0.657438	-4.585492	132.446000
2.427770	0.651975	-4.553934	132.545000
2.416488	0.642544	-4.510753	132.646000
2.404980	0.639854	-4.478373	132.745000
2.393514	0.638311	-4.478374	132.845000
2.381913	0.631275	-4.490775	132.946000
2.370655	0.624045	-4.477755	133.045000
2.359196	0.617739	-4.480725	133.145000
2.347930	0.614123	-4.462872	133.245000
2.336497	0.610415	-4.444165	133.345000
2.324703	0.611732	-4.413858	133.446000
2.313204	0.613787	-4.384196	133.545000
2.302023	0.613834	-4.392417	133.645000
2.290624	0.614149	-4.380880	133.745000
2.278613	0.615322	-4.380968	133.846000
2.266565	0.620034	-4.394012	133.945000
2.255072	0.621968	-4.394507	134.046000
2.243819	0.618224	-4.382046	134.145000
2.232828	0.610963	-4.389526	134.245000
2.221264	0.608655	-4.403126	134.345000
2.209335	0.603459	-4.405037	134.445000
2.197862	0.600049	-4.415761	134.545000
2.186070	0.603151	-4.402980	134.645000
2.174659	0.608012	-4.381965	134.745000
2.163235	0.611491	-4.383692	134.845000
2.151546	0.609967	-4.401724	134.945000
2.139927	0.611500	-4.401733	135.045000
2.128363	0.611117	-4.402305	135.145000
2.117003	0.608924	-4.403123	135.246000
2.105720	0.605325	-4.377973	135.345000
2.093822	0.604091	-4.344014	135.446000
2.082190	0.600436	-4.325200	135.546000
2.070650	0.601235	-4.319179	135.646000
2.059153	0.607534	-4.334971	135.745000
2.046891	0.606926	-4.354551	135.845000
2.036284	0.605058	-4.352016	135.945000
2.024496	0.605339	-4.336224	136.045000
2.012347	0.605342	-4.340869	136.145000
2.000936	0.604261	-4.343717	136.245000
1.989176	0.603360	-4.354536	136.345000
1.977789	0.599383	-4.354034	136.445000
1.966191	0.599564	-4.354407	136.545000
1.954752	0.601446	-4.368425	136.645000
1.942732	0.604103	-4.381335	136.745000
1.931033	0.608724	-4.393807	136.845000
1.919462	0.608567	-4.392382	136.945000
1.907708	0.609060	-4.381199	137.045000
1.896059	0.615746	-4.376163	137.145000
1.884477	0.612828	-4.398382	137.245000
1.872901	0.606330	-4.392935	137.345000
1.861862	0.603019	-4.390827	137.445000
1.850201	0.606166	-4.390766	137.545000
1.838957	0.610448	-4.380888	137.645000
1.826986	0.608283	-4.379939	137.745000
1.815346	0.606353	-4.385267	137.845000
1.803885	0.606588	-4.391350	137.945000
1.792514	0.606674	-4.392194	138.045000
1.780839	0.606120	-4.393112	138.146000
1.769324	0.606454	-4.382726	138.245000
1.757789	0.608883	-4.403780	138.345000
1.746120	0.609685	-4.412942	138.445000
1.734099	0.609106	-4.392227	138.546000
1.722531	0.606806	-4.378603	138.645000
1.710902	0.599874	-4.385189	138.745000
1.699333	0.593678	-4.381341	138.845000
1.687759	0.595826	-4.384093	138.946000
1.675560	0.601198	-4.391799	139.045000
1.664293	0.606786	-4.395301	139.145000
1.652396	0.609430	-4.401775	139.245000
1.641017	0.607924	-4.387616	139.345000
1.629250	0.612502	-4.377538	139.446000
1.617638	0.618374	-4.392458	139.545000
1.605960	0.616111	-4.410489	139.645000
1.594060	0.614039	-4.437112	139.745000
1.582349	0.609606	-4.447815	139.846000
1.570849	0.606425	-4.404321	139.945000
1.559283	0.604793	-4.378245	140.046000
1.547321	0.603050	-4.388742	140.145000
1.535242	0.605207	-4.406689	140.245000
1.523659	0.608502	-4.424816	140.345000
1.512081	0.606499	-4.407204	140.445000
1.500462	0.604624	-4.399573	140.545000
1.488935	0.604021	-4.391305	140.645000
1.476789	0.605980	-4.395442	140.745000
1.465179	0.604001	-4.397379	140.845000
1.453538	0.601567	-4.383038	140.945000
1.441814	0.603960	-4.370434	141.045000
1.430418	0.606654	-4.373879	141.145000
1.418694	0.606490	-4.395552	141.246000
1.406461	0.605518	-4.403100	141.345000
1.394750	0.605264	-4.403109	141.445000
1.383118	0.603292	-4.403107	141.545000
1.371602	0.601277	-4.403023	141.645000
1.359901	0.602197	-4.413419	141.745000
1.348259	0.604086	-4.415745	141.845000
1.336669	0.604606	-4.412734	141.945000
1.324998	0.607647	-4.396296	142.045000
1.313283	0.606911	-4.400654	142.145000
1.301825	0.607861	-4.409121	142.245000
1.290317	0.609276	-4.415302	142.345000
1.278743	0.611273	-4.407470	142.445000
1.267138	0.610151	-4.415162	142.545000
1.255503	0.608602	-4.403111	142.645000
1.243948	0.609115	-4.398394	142.745000
1.232324	0.606300	-4.403116	142.846000
1.220658	0.604587	-4.398076	142.945000
1.208382	0.609136	-4.409620	143.045000
1.196617	0.613355	-4.431302	143.145000
1.184725	0.608725	-4.450629	143.245000
1.173196	0.606800	-4.449895	143.345000
1.161372	0.606559	-4.430450	143.445000
1.149746	0.606373	-4.427793	143.545000
1.137730	0.603212	-4.424331	143.645000
1.126048	0.598549	-4.415148	143.745000
1.114315	0.596828	-4.391701	143.845000
1.102716	0.596671	-4.387373	143.945000
1.091183	0.599329	-4.394827	144.045000
1.079206	0.605682	-4.423104	144.145000
1.067192	0.606422	-4.423308	144.245000
1.055600	0.606655	-4.415745	144.345000
1.044026	0.607618	-4.408562	144.446000
1.032387	0.607370	-4.398003	144.545000
1.020861	0.606093	-4.414882	144.645000
1.008702	0.606651	-4.442343	144.746000
0.996875	0.604794	-4.437279	144.846000
0.985212	0.606104	-4.428160	144.945000
0.973515	0.605242	-4.428169	145.045000
0.962047	0.601560	-4.409799	145.145000
0.950066	0.600511	-4.394859	145.246000
0.938176	0.601015	-4.412265	145.345000
0.926549	0.606438	-4.402266	145.445000
0.914844	0.611676	-4.380607	145.545000
0.903283	0.608799	-4.373017	145.645000
0.891849	0.601544	-4.371232	145.745000
0.880071	0.601511	-4.390280	145.845000
0.867879	0.607439	-4.413366	145.945000
0.856219	0.611286	-4.434385	146.045000
0.844349	0.607766	-4.434728	146.145000
0.832916	0.604591	-4.428164	146.245000
0.821401	0.604512	-4.431341	146.345000
0.809720	0.600518	-4.420979	146.445000
0.797820	0.600953	-4.415738	146.545000
0.786290	0.601610	-4.405722	146.645000
0.774712	0.601537	-4.420267	146.745000
0.763382	0.600891	-4.425866	146.845000
0.751683	0.601956	-4.432845	146.945000
0.740018	0.601423	-4.437109	147.045000
0.728629	0.604613	-4.408887	147.145000
0.716862	0.609808	-4.403101	147.245000
0.705207	0.610996	-4.409847	147.346000
0.693737	0.608481	-4.397715	147.445000
0.681931	0.604758	-4.378726	147.546000
0.669926	0.601690	-4.374447	147.645000
0.658402	0.601656	-4.378472	147.745000
0.646537	0.602274	-4.397563	147.845000
0.635049	0.602972	-4.389442	147.946000
0.623498	0.607446	-4.362223	148.045000
0.611742	0.611444	-4.361759	148.146000
0.599746	0.611577	-4.400980	148.245000
0.588320	0.608664	-4.441400	148.345000
0.576461	0.602970	-4.439462	148.445000
0.565163	0.601522	-4.407327	148.545000
0.553450	0.605103	-4.395789	148.646000
0.541393	0.607033	-4.402722	148.745000
0.529584	0.603443	-4.391991	148.845000
0.517947	0.601491	-4.400122	148.945000
0.506128	0.601645	-4.394204	149.045000
0.494705	0.605281	-4.403095	149.145000
0.483030	0.602715	-4.401746	149.245000
0.470793	0.601056	-4.399130	149.345000
0.458965	0.598409	-4.406274	149.446000
0.447427	0.596082	-4.393560	149.545000
0.435703	0.595460	-4.361283	149.646000
0.424031	0.598567	-4.366173	149.745000
0.412244	0.599116	-4.385396	149.845000
0.400110	0.599050	-4.382138	149.946000
0.388611	0.599062	-4.378224	150.045000
0.376833	0.603104	-4.383869	150.145000
0.365374	0.606061	-4.402836	150.245000
0.353904	0.607842	-4.403139	150.345000
0.341688	0.614818	-4.420636	150.446000
0.329901	0.614942	-4.429893	150.545000
0.318256	0.611631	-4.404683	150.646000
0.306452	0.608889	-4.398367	150.745000
0.294916	0.606015	-4.423344	150.845000
0.283333	0.604350	-4.446753	150.945000
0.271666	0.600226	-4.456663	151.045000
0.260209	0.602154	-4.435120	151.146000
0.248468	0.602609	-4.425780	151.245000
0.236949	0.600349	-4.406755	151.345000
0.228665	0.600691	-4.414730	151.445000
0.223677	0.603450	-4.425437	151.545000
0.219743	0.608796	-4.405099	151.645000
0.216462	0.608637	-4.412611	151.745000
0.213381	0.603897	-4.427008	151.845000
0.210847	0.600810	-4.409819	151.945000
0.208416	0.598931	-4.387484	152.045000
0.206155	0.603454	-4.379205	152.145000
0.204290	0.608320	-4.407052	152.245000
0.202734	0.608483	-4.432865	152.345000
0.200890	0.603242	-4.444874	152.445000
0.199226	0.598883	-4.451191	152.545000
0.197948	0.601557	-4.451015	152.645000
0.196570	0.607617	-4.441618	152.745000
0.195328	0.610427	-4.428148	152.845000
0.194147	0.608223	-4.429361	152.945000
0.193135	0.600528	-4.451429	153.045000
0.191909	0.598968	-4.463971	153.145000
0.190906	0.603533	-4.450418	153.245000
0.190100	0.609031	-4.430627	153.345000
0.189060	0.606554	-4.389977	153.445000
0.188320	0.601610	-4.367860	153.546000
0.187493	0.597989	-4.382256	153.645000
0.186738	0.594397	-4.406423	153.745000
0.185838	0.588416	-4.404781	153.845000
0.185185	0.587540	-4.382578	153.946000
0.184711	0.593803	-4.376998	154.045000
0.183931	0.604423	-4.354305	154.146000
0.183391	0.609076	-4.343754	154.245000
0.182820	0.608721	-4.353867	154.345000
0.182177	0.606289	-4.356741	154.446000
0.181749	0.604427	-4.368329	154.545000
0.180948	0.606039	-4.371784	154.645000
0.180613	0.610452	-4.383826	154.746000
0.179970	0.607443	-4.384546	154.845000
0.179687	0.599332	-4.385348	154.945000
0.179118	0.597510	-4.383823	155.045000
0.178576	0.599102	-4.378231	155.145000
0.178235	0.600619	-4.378229	155.245000
0.177851	0.599878	-4.384819	155.345000
0.177238	0.598286	-4.397270	155.445000
0.177018	0.596633	-4.386449	155.545000
0.176632	0.599055	-4.404858	155.645000
0.176395	0.598781	-4.413694	155.746000
0.175816	0.600608	-4.395885	155.846000
0.175641	0.607810	-4.381299	155.946000
0.175303	0.611479	-4.380850	156.045000
0.174870	0.608672	-4.381139	156.145000
0.174784	0.604549	-4.399604	156.245000
0.174426	0.598680	-4.407018	156.345000
0.174066	0.594804	-4.400562	156.445000
0.173680	0.597255	-4.400647	156.545000
0.173460	0.600571	-4.405200	156.645000
0.173217	0.602960	-4.417564	156.745000
0.172970	0.606516	-4.436290	156.845000
0.172557	0.606381	-4.440190	156.945000
0.172439	0.606530	-4.428169	157.045000
0.172032	0.606449	-4.421366	157.145000
0.171770	0.604958	-4.405100	157.245000
0.171682	0.603369	-4.403911	157.345000
0.171369	0.600240	-4.402844	157.445000
0.171203	0.599019	-4.400728	157.545000
0.171012	0.597796	-4.397411	157.645000
0.170961	0.600295	-4.387243	157.745000
0.170726	0.603810	-4.389862	157.845000
0.170527	0.609846	-4.388950	157.945000
0.170368	0.616261	-4.413414	158.045000
0.170208	0.611114	-4.412473	158.145000
0.170078	0.605247	-4.403102	158.245000
0.169785	0.599915	-4.392726	158.345000
0.169477	0.595888	-4.393454	158.445000
0.169456	0.595413	-4.416885	158.545000
0.169323	0.600032	-4.425803	158.645000
0.169106	0.601362	-4.424904	158.745000
0.169020	0.601882	-4.400001	158.845000
0.168760	0.604756	-4.378920	158.946000
0.168684	0.608738	-4.397382	159.045000
0.168408	0.606425	-4.401598	159.145000
0.168443	0.604052	-4.391975	159.245000
0.168332	0.601135	-4.378436	159.345000
0.168155	0.599674	-4.361072	159.446000
0.168081	0.600391	-4.367824	159.545000
0.167999	0.599308	-4.379021	159.646000
0.167886	0.600919	-4.371775	159.746000
0.167677	0.601991	-4.369692	159.845000
0.167631	0.606578	-4.381783	159.945000
0.167637	0.607502	-4.390639	160.045000
0.167411	0.607758	-4.400707	160.145000
0.167239	0.610906	-4.387686	160.245000
0.167297	0.605828	-4.400880	160.345000
0.167271	0.605456	-4.406192	160.445000
0.167651	0.607512	-4.392087	160.545000
0.167474	0.609830	-4.396635	160.645000
0.167311	0.611399	-4.402805	160.745000
0.167237	0.609871	-4.409106	160.845000
0.167172	0.605589	-4.416892	160.945000
0.167118	0.603559	-4.416792	161.045000
0.166917	0.606531	-4.415744	161.145000
0.167064	0.606598	-4.423107	161.248000
0.166769	0.606542	-4.429405	161.345000
0.166669	0.605522	-4.428458	161.445000
0.166504	0.606591	-4.413714	161.545000
0.166610	0.610397	-4.389584	161.645000
0.166536	0.611798	-4.372779	161.745000
0.166516	0.609783	-4.365793	161.846000
0.166309	0.611602	-4.361785	161.945000
0.166259	0.616186	-4.385045	162.045000
0.166097	0.613623	-4.408923	162.146000
0.166044	0.614083	-4.408698	162.245000
0.165929	0.611465	-4.391144	162.345000
0.165859	0.607932	-4.375075	162.445000
0.165843	0.606137	-4.381253	162.545000
0.166014	0.602790	-4.392357	162.646000
0.165751	0.603138	-4.382662	162.745000
0.165759	0.602318	-4.387864	162.845000
0.165576	0.606570	-4.403486	162.945000
0.165598	0.607115	-4.403901	163.045000
0.165518	0.609821	-4.396424	163.145000
0.165316	0.610321	-4.399788	163.245000
0.165524	0.608549	-4.382146	163.345000
0.165266	0.606517	-4.364829	163.445000
0.165459	0.606647	-4.342143	163.545000
0.165367	0.610682	-4.345972	163.645000
0.165404	0.609702	-4.379477	163.746000
0.165284	0.604109	-4.381426	163.846000
0.165192	0.600500	-4.366019	163.945000
0.165234	0.601151	-4.364328	164.045000
0.165273	0.604454	-4.380551	164.145000
0.165230	0.609548	-4.393610	164.245000
0.165147	0.608084	-4.394106	164.345000
0.164917	0.606607	-4.409343	164.445000
0.164896	0.604602	-4.428165	164.545000
0.164883	0.603797	-4.418495	164.645000
0.164775	0.601399	-4.403109	164.745000
0.164869	0.601718	-4.403464	164.845000
0.164859	0.604642	-4.405429	164.945000
0.164776	0.602306	-4.423316	165.046000
0.164654	0.597906	-4.441158	165.145000
0.164489	0.597077	-4.431074	165.245000
0.164594	0.602022	-4.426590	165.345000
0.164476	0.609664	-4.428162	165.446000
0.164465	0.613205	-4.421448	165.545000
0.164534	0.616562	-4.411025	165.645000
0.164390	0.612210	-4.397258	165.745000
0.164202	0.609207	-4.395592	165.846000
0.164325	0.608222	-4.402300	165.945000
0.164272	0.604609	-4.402724	166.045000
0.164204	0.603148	-4.416513	166.145000
0.164172	0.600189	-4.425869	166.245000
0.164186	0.596993	-4.426093	166.346000
0.164141	0.594607	-4.431995	166.445000
0.164053	0.595284	-4.423791	166.545000
0.164146	0.600982	-4.403006	166.645000
0.164214	0.606425	-4.396386	166.745000
0.164087	0.605891	-4.403099	166.845000
0.164043	0.606516	-4.411853	166.945000
0.164077	0.606521	-4.428118	167.045000
0.164064	0.606898	-4.413521	167.145000
0.164085	0.606536	-4.398340	167.245000
0.164044	0.604956	-4.378556	167.346000
0.163929	0.603979	-4.369143	167.445000
0.164067	0.605833	-4.369826	167.545000
0.163861	0.606146	-4.379095	167.645000
0.164026	0.602740	-4.397084	167.746000
0.163879	0.601639	-4.427311	167.845000
0.163802	0.602466	-4.437914	167.945000
0.163840	0.604713	-4.443076	168.046000
0.163920	0.607531	-4.448059	168.145000
0.163589	0.612108	-4.436107	168.245000
0.163780	0.616346	-4.414036	168.345000
0.163802	0.612707	-4.419493	168.446000
0.163751	0.608166	-4.428157	168.545000
0.163607	0.606369	-4.428171	168.646000
0.163492	0.606631	-4.432266	168.745000
0.163593	0.606838	-4.442795	168.845000
0.163670	0.607874	-4.427922	168.945000
0.163666	0.606571	-4.392285	169.045000
0.163666	0.606047	-4.391908	169.145000
0.163468	0.606758	-4.401313	169.246000
0.163441	0.604229	-4.387627	169.345000
0.163429	0.598993	-4.365955	169.445000
0.163354	0.602343	-4.355644	169.545000
0.163435	0.605787	-4.349288	169.645000
0.163439	0.607336	-4.338484	169.745000
0.163423	0.611103	-4.333241	169.845000
0.163363	0.612813	-4.348787	169.945000
0.163392	0.615842	-4.358484	170.045000
0.163418	0.612716	-4.373086	170.145000
0.163450	0.605168	-4.388436	170.245000
0.163535	0.598551	-4.401264	170.345000
0.163442	0.599020	-4.383644	170.445000
0.163323	0.602479	-4.374207	170.545000
0.163379	0.606166	-4.378305	170.645000
0.163387	0.606445	-4.378297	170.745000
0.163065	0.605046	-4.370307	170.845000
0.163389	0.605202	-4.357600	170.946000
0.163153	0.605111	-4.374375	171.045000
0.163325	0.605502	-4.378612	171.145000
0.163255	0.606430	-4.378538	171.245000
0.163328	0.610482	-4.380846	171.345000
0.163385	0.611573	-4.393049	171.445000
0.163282	0.613770	-4.415183	171.545000
0.163135	0.610809	-4.415895	171.645000
0.163161	0.606548	-4.397868	171.745000
0.163173	0.605747	-4.383190	171.846000
0.163151	0.600736	-4.358065	171.945000
0.163212	0.601206	-4.351396	172.045000
0.163173	0.603950	-4.371078	172.145000
0.163341	0.609927	-4.397073	172.245000
0.163220	0.612970	-4.387184	172.345000
0.163216	0.615136	-4.395201	172.445000
0.163015	0.609960	-4.391095	172.545000
0.163183	0.606516	-4.405281	172.645000
0.163034	0.607485	-4.422794	172.745000
0.162983	0.609050	-4.393158	172.845000
0.162927	0.611482	-4.371576	172.945000
0.163220	0.611632	-4.364378	173.045000
0.163114	0.610754	-4.363605	173.145000
0.163057	0.606521	-4.372009	173.245000
0.163116	0.604578	-4.385779	173.345000
0.163187	0.601956	-4.389848	173.445000
0.163146	0.602531	-4.404218	173.546000
0.163073	0.603250	-4.407934	173.645000
0.162943	0.603998	-4.403115	173.745000
0.162956	0.604172	-4.411414	173.846000
0.162905	0.604166	-4.391867	173.945000
0.162955	0.606194	-4.362901	174.045000
0.162975	0.606529	-4.358622	174.145000
0.162983	0.602609	-4.383084	174.245000
0.163091	0.600484	-4.394649	174.345000
0.162758	0.605180	-4.379918	174.445000
0.162928	0.607388	-4.390026	174.545000
0.162871	0.613031	-4.402183	174.645000
0.162916	0.618078	-4.399523	174.745000
0.162801	0.619068	-4.378379	174.845000
0.162830	0.614447	-4.378943	174.945000
0.162895	0.604365	-4.398442	175.045000
0.162867	0.599444	-4.398727	175.145000
0.162746	0.605164	-4.411344	175.245000
0.162783	0.605674	-4.439654	175.345000
0.162678	0.599492	-4.445219	175.445000
0.162781	0.602331	-4.420424	175.545000
0.162842	0.604195	-4.418213	175.645000
0.162932	0.598896	-4.436296	175.745000
0.162870	0.596655	-4.430912	175.845000
0.162949	0.599535	-4.424918	175.946000
0.162756	0.602097	-4.416202	176.045000
0.162684	0.601525	-4.405088	176.145000
0.162819	0.604687	-4.401874	176.245000
0.162837	0.606706	-4.382445	176.345000
0.162642	0.609048	-4.396083	176.445000
0.162704	0.606803	-4.414609	176.545000
0.162686	0.604937	-4.418479	176.645000
0.162668	0.606835	-4.370460	176.745000
0.162699	0.611628	-4.353732	176.845000
0.162636	0.614358	-4.360951	176.945000
0.162758	0.615637	-4.394702	177.045000
0.162541	0.607604	-4.413169	177.145000
0.162531	0.603036	-4.416335	177.245000
0.162479	0.608016	-4.404045	177.345000
0.162783	0.612448	-4.420489	177.445000
0.162659	0.610813	-4.435775	177.545000
0.162534	0.606681	-4.428570	177.645000
0.162666	0.603891	-4.419413	177.745000
0.162693	0.604706	-4.415722	177.846000
0.162627	0.608433	-4.427974	177.945000
0.162702	0.606916	-4.414909	178.045000
0.162653	0.607626	-4.415390	178.145000
0.162614	0.606168	-4.428162	178.245000
0.162619	0.604481	-4.427377	178.345000
0.162612	0.609315	-4.428176	178.446000
0.162416	0.612360	-4.435779	178.546000
0.162682	0.610885	-4.431024	178.645000
0.162638	0.607633	-4.410039	178.746000
0.162423	0.599780	-4.401661	178.845000
0.162613	0.596914	-4.417783	178.945000
0.162597	0.601190	-4.419675	179.045000
0.162576	0.603839	-4.409300	179.145000
0.162608	0.603353	-4.377013	179.245000
0.162709	0.601205	-4.362077	179.345000
0.162699	0.599737	-4.375023	179.446000
0.162697	0.604774	-4.400525	179.545000
0.162646	0.612371	-4.418591	179.645000
0.162891	0.616425	-4.413392	179.745000
0.162533	0.616407	-4.401799	179.845000
0.162658	0.616496	-4.408468	179.945000
0.162782	0.616341	-4.433015	180.045000
0.162723	0.616090	-4.434276	180.145000
0.162720	0.612074	-4.418712	180.245000
0.162760	0.609774	-4.393005	180.345000
0.162792	0.611803	-4.385334	180.445000
0.162769	0.611387	-4.410210	180.545000
0.162830	0.610486	-4.398283	180.646000
0.162788	0.607542	-4.379708	180.745000
0.162789	0.604344	-4.374797	180.845000
0.162716	0.606356	-4.376390	180.945000
0.162709	0.609997	-4.380001	181.045000
0.162493	0.612424	-4.398197	181.145000
0.162838	0.611443	-4.403639	181.245000
0.162655	0.609137	-4.399292	181.345000
0.162813	0.608876	-4.392315	181.446000
0.162739	0.606430	-4.389661	181.545000
0.162894	0.607281	-4.379106	181.646000
0.162770	0.607266	-4.376648	181.745000
0.162788	0.606781	-4.369240	181.845000
0.162721	0.611247	-4.375295	181.945000
0.162840	0.611305	-4.386431	182.045000
0.162913	0.609882	-4.390906	182.145000
0.162808	0.611468	-4.406518	182.245000
0.162793	0.611534	-4.415730	182.345000
0.162724	0.611071	-4.403617	182.445000
0.162764	0.607554	-4.395744	182.545000
0.162875	0.607752	-4.387081	182.645000
0.162554	0.609452	-4.399143	182.745000
0.162549	0.609971	-4.403089	182.845000
0.162854	0.613630	-4.410203	182.945000
0.162770	0.613459	-4.432793	183.045000
0.162794	0.607461	-4.432964	183.146000
0.162548	0.606366	-4.427868	183.245000
0.162763	0.604092	-4.409083	183.345000
0.162657	0.604701	-4.396586	183.446000
0.162694	0.606521	-4.403100	183.545000
0.162650	0.608372	-4.412298	183.646000
0.162694	0.610428	-4.413835	183.746000
0.162591	0.610614	-4.396750	183.845000
0.162637	0.604700	-4.372932	183.945000
0.162776	0.604165	-4.355746	184.045000
0.162561	0.608325	-4.364198	184.145000
0.162637	0.612683	-4.394649	184.245000
0.162646	0.611243	-4.405638	184.346000
0.162713	0.605869	-4.415758	184.445000
0.162627	0.603762	-4.432309	184.545000
0.162601	0.602833	-4.450649	184.646000
0.162613	0.601193	-4.450654	184.745000
0.162677	0.597518	-4.438400	184.846000
0.162538	0.599611	-4.401897	184.945000
0.162638	0.601283	-4.386173	185.045000
0.162500	0.599976	-4.378608	185.145000
0.162611	0.602252	-4.392355	185.245000
0.162515	0.604182	-4.403475	185.345000
0.162523	0.606357	-4.402233	185.446000
0.162516	0.609129	-4.384395	185.545000
0.162599	0.611119	-4.397745	185.645000
0.162566	0.607185	-4.432976	185.745000
0.162693	0.608922	-4.445323	185.845000
0.162558	0.608919	-4.450052	185.945000
0.162288	0.609785	-4.441668	186.045000
0.162389	0.611478	-4.428473	186.145000
0.162303	0.610453	-4.424994	186.245000
0.162158	0.605479	-4.393770	186.345000
0.162155	0.602033	-4.378236	186.445000
0.162075	0.601440	-4.378615	186.545000
0.161966	0.603191	-4.405185	186.645000
0.162069	0.600735	-4.407580	186.745000
0.161925	0.592004	-4.400581	186.845000
0.162136	0.595027	-4.400957	186.945000
0.162177	0.599625	-4.396646	187.045000
0.161923	0.604124	-4.377394	187.145000
0.162203	0.605472	-4.360247	187.245000
0.162122	0.606510	-4.373577	187.345000
0.162099	0.606348	-4.394018	187.445000
0.162207	0.603569	-4.377234	187.545000
0.162191	0.598660	-4.371685	187.645000
0.162167	0.593788	-4.381876	187.745000
0.162130	0.597687	-4.418667	187.845000
0.162157	0.600391	-4.448384	187.946000
0.162108	0.604344	-4.443178	188.046000
