NaN	NaN	NaN	21.462000
-0.142425	0.626384	-5.452218	21.562000
-0.142305	0.628371	-5.430335	21.662000
-0.142305	0.623888	-5.401810	21.763000
-0.142357	0.615624	-5.373999	21.863000
-0.142359	0.608744	-5.357465	21.962000
-0.142511	0.609143	-5.359048	22.062000
-0.142276	0.612692	-5.412194	22.162000
-0.142352	0.607735	-5.469306	22.262000
-0.142327	0.607535	-5.467237	22.362000
-0.142206	0.609490	-5.483843	22.463000
-0.142362	0.601441	-5.471781	22.562000
-0.142382	0.604169	-5.408669	22.662000
-0.142392	0.606815	-5.370162	22.762000
-0.142509	0.607051	-5.380614	22.862000
-0.142443	0.605669	-5.425028	22.962000
-0.142404	0.603503	-5.459506	23.062000
-0.142348	0.601241	-5.431878	23.163000
-0.142312	0.594044	-5.392980	23.263000
-0.142531	0.593826	-5.376018	23.362000
-0.142387	0.602546	-5.394963	23.462000
-0.142653	0.606928	-5.430937	23.562000
-0.142490	0.607127	-5.451087	23.662000
-0.142464	0.603590	-5.435336	23.763000
-0.142577	0.605555	-5.415550	23.862000
-0.142348	0.608857	-5.399358	23.962000
-0.142301	0.614788	-5.406234	24.062000
-0.138549	0.617415	-5.455514	24.162000
-0.132666	0.610685	-5.462958	24.262000
-0.125589	0.605563	-5.439067	24.362000
-0.118336	0.603943	-5.445789	24.462000
-0.110449	0.602348	-5.445119	24.563000
-0.102721	0.602888	-5.419811	24.662000
-0.094541	0.603193	-5.412075	24.764000
-0.086376	0.606145	-5.423139	24.863000
-0.078093	0.605434	-5.430379	24.962000
-0.069204	0.608645	-5.421787	25.062000
-0.060466	0.612398	-5.460691	25.163000
-0.051894	0.610229	-5.475556	25.262000
-0.043090	0.612359	-5.485477	25.362000
-0.033904	0.619509	-5.465960	25.462000
-0.025097	0.613418	-5.456806	25.562000
-0.015583	0.607350	-5.445987	25.662000
-0.006282	0.610186	-5.443973	25.762000
0.002679	0.612717	-5.430483	25.862000
0.011681	0.613293	-5.471145	25.963000
0.021207	0.610307	-5.501368	26.062000
0.030628	0.609015	-5.468033	26.162000
0.040303	0.614941	-5.447806	26.262000
0.049937	0.608701	-5.463889	26.363000
0.059220	0.605914	-5.415714	26.462000
0.068666	0.611969	-5.419464	26.562000
0.078119	0.616818	-5.461481	26.662000
0.087854	0.623276	-5.443131	26.762000
0.097832	0.623162	-5.406057	26.863000
0.107517	0.613439	-5.417366	26.962000
0.116799	0.609569	-5.446794	27.062000
0.126566	0.616830	-5.448647	27.162000
0.136368	0.607947	-5.479212	27.263000
0.146226	0.603147	-5.483766	27.362000
0.155980	0.614071	-5.433765	27.462000
0.165731	0.624355	-5.406551	27.562000
0.175632	0.625743	-5.404589	27.662000
0.185378	0.625085	-5.404962	27.762000
0.195347	0.622287	-5.433961	27.862000
0.205220	0.620794	-5.467970	27.962000
0.215547	0.628029	-5.452599	28.062000
0.224962	0.630874	-5.470212	28.163000
0.234798	0.622148	-5.489260	28.262000
0.244977	0.612701	-5.466218	28.362000
0.254602	0.605842	-5.439769	28.462000
0.264488	0.598638	-5.474322	28.562000
0.274421	0.593897	-5.465519	28.662000
0.283926	0.590493	-5.433661	28.762000
0.294283	0.590965	-5.407969	28.862000
0.304181	0.594373	-5.410114	28.962000
0.314355	0.606080	-5.413576	29.062000
0.324498	0.613111	-5.449069	29.162000
0.334384	0.614009	-5.473983	29.262000
0.344351	0.620331	-5.455538	29.363000
0.354539	0.621076	-5.431658	29.462000
0.364671	0.612391	-5.511759	29.562000
0.374884	0.607744	-5.527283	29.662000
0.385434	0.615373	-5.510288	29.762000
0.395361	0.612543	-5.480048	29.862000
0.405611	0.609298	-5.449652	29.962000
0.415947	0.609164	-5.473196	30.062000
0.425872	0.608392	-5.507847	30.162000
0.436650	0.607559	-5.466504	30.262000
0.447019	0.608302	-5.446595	30.362000
0.457035	0.605650	-5.452866	30.462000
0.467540	0.608002	-5.438702	30.562000
0.477811	0.607468	-5.429009	30.662000
0.488273	0.602728	-5.426866	30.762000
0.498845	0.593788	-5.435684	30.862000
0.508989	0.597215	-5.431989	30.962000
0.519320	0.609479	-5.408532	31.062000
0.529892	0.615569	-5.421763	31.162000
0.540294	0.611824	-5.447736	31.262000
0.551007	0.609597	-5.410686	31.362000
0.561523	0.614245	-5.387342	31.463000
0.571906	0.613265	-5.400241	31.562000
0.582164	0.609754	-5.415623	31.662000
0.592648	0.607914	-5.438438	31.763000
0.602836	0.608701	-5.460841	31.862000
0.613597	0.606008	-5.483839	31.962000
0.624168	0.607648	-5.476192	32.062000
0.634520	0.608524	-5.493916	32.162000
0.645119	0.606540	-5.504463	32.262000
0.655430	0.606778	-5.461190	32.362000
0.666169	0.615427	-5.407325	32.463000
0.677301	0.619958	-5.394672	32.562000
0.687741	0.624764	-5.411138	32.663000
0.698293	0.633862	-5.408794	32.762000
0.708431	0.622535	-5.399607	32.862000
0.719097	0.604445	-5.367200	32.962000
0.729560	0.597767	-5.389792	33.062000
0.740087	0.610380	-5.415955	33.162000
0.750819	0.619394	-5.407739	33.262000
0.761200	0.617316	-5.432869	33.362000
0.771816	0.614011	-5.450326	33.463000
0.782108	0.608516	-5.431500	33.562000
0.792485	0.610276	-5.439331	33.662000
0.803443	0.610133	-5.443191	33.762000
0.813591	0.606669	-5.436916	33.862000
0.824366	0.604427	-5.457149	33.962000
0.834845	0.600666	-5.452382	34.062000
0.845434	0.600377	-5.438267	34.162000
0.856703	0.608090	-5.444854	34.262000
0.867506	0.602297	-5.477310	34.362000
0.878086	0.599657	-5.441717	34.462000
0.888772	0.606223	-5.406433	34.562000
0.899468	0.611852	-5.409982	34.662000
0.910243	0.619061	-5.458794	34.762000
0.921020	0.624714	-5.505249	34.862000
0.931650	0.630144	-5.529508	34.962000
0.942269	0.625770	-5.542590	35.062000
0.953044	0.611642	-5.529888	35.162000
0.963729	0.603017	-5.497680	35.262000
0.974791	0.616629	-5.511079	35.362000
0.985635	0.620774	-5.514243	35.462000
0.996368	0.614623	-5.481626	35.562000
1.007070	0.607594	-5.455618	35.662000
1.017835	0.609705	-5.474859	35.762000
1.028787	0.611956	-5.467602	35.862000
1.040023	0.614053	-5.441674	35.962000
1.050694	0.613552	-5.476345	36.062000
1.061439	0.616511	-5.508251	36.162000
1.072384	0.614817	-5.525808	36.262000
1.083641	0.613941	-5.537828	36.362000
1.094242	0.611569	-5.535262	36.463000
1.105592	0.618626	-5.542836	36.562000
1.116198	0.619870	-5.580713	36.662000
1.127246	0.612322	-5.567215	36.762000
1.137892	0.610665	-5.524352	36.862000
1.148754	0.614668	-5.501126	36.962000
1.159736	0.616228	-5.466431	37.062000
1.170814	0.618347	-5.485019	37.162000
1.181975	0.619152	-5.483215	37.262000
1.192952	0.625703	-5.445594	37.362000
1.203726	0.629956	-5.438196	37.462000
1.213865	0.623376	-5.436118	37.562000
1.226037	0.617157	-5.413731	37.662000
1.236251	0.612221	-5.423064	37.762000
1.247080	0.610133	-5.458647	37.862000
1.257731	0.610641	-5.512486	37.962000
1.268914	0.607656	-5.535568	38.062000
1.279643	0.610701	-5.515588	38.162000
1.290712	0.616831	-5.504410	38.262000
1.301544	0.624015	-5.519197	38.362000
1.312459	0.616665	-5.533747	38.463000
1.323546	0.611559	-5.525427	38.562000
1.334336	0.616735	-5.491065	38.662000
1.345770	0.617319	-5.477656	38.762000
1.356533	0.615161	-5.472460	38.862000
1.368268	0.616135	-5.471151	38.962000
1.378302	0.616713	-5.474321	39.063000
1.389967	0.612608	-5.473945	39.163000
1.401456	0.609149	-5.489270	39.262000
1.411929	0.616082	-5.502866	39.362000
1.423258	0.625293	-5.478457	39.462000
1.433880	0.624003	-5.455959	39.563000
1.445071	0.621802	-5.468415	39.663000
1.456333	0.616718	-5.496206	39.762000
1.466884	0.613708	-5.509418	39.862000
1.478554	0.617863	-5.503552	39.962000
1.489790	0.621416	-5.480365	40.063000
1.500795	0.623815	-5.458163	40.162000
1.511706	0.619325	-5.433938	40.262000
1.523428	0.618923	-5.409095	40.362000
1.533594	0.621019	-5.429666	40.462000
1.544765	0.614750	-5.436785	40.562000
1.555930	0.613141	-5.431837	40.662000
1.567098	0.607105	-5.442384	40.762000
1.578449	0.603714	-5.443263	40.862000
1.589972	0.606191	-5.433008	40.962000
1.600920	0.620009	-5.431706	41.062000
1.611622	0.629852	-5.430928	41.162000
1.623314	0.629069	-5.429875	41.262000
1.633647	0.623276	-5.447597	41.362000
1.645155	0.617725	-5.437997	41.462000
1.656435	0.612061	-5.415234	41.562000
1.667672	0.612876	-5.402029	41.662000
1.679075	0.616863	-5.411763	41.762000
1.690292	0.619175	-5.439438	41.863000
1.701414	0.618685	-5.451006	41.962000
1.712556	0.623299	-5.459353	42.062000
1.722847	0.625389	-5.457516	42.162000
1.734847	0.626841	-5.437668	42.262000
1.746649	0.617890	-5.428396	42.362000
1.758117	0.611082	-5.420928	42.462000
1.767652	0.610005	-5.426020	42.562000
1.780795	0.616218	-5.420685	42.662000
1.791381	0.619030	-5.405851	42.763000
1.800608	0.616957	-5.388849	42.862000
1.813116	0.609836	-5.383315	42.962000
1.823785	0.607999	-5.431834	43.062000
1.834583	0.606119	-5.470861	43.162000
1.845842	0.604204	-5.469522	43.262000
1.856900	0.595731	-5.458249	43.362000
1.868343	0.593403	-5.442605	43.462000
1.879900	0.603850	-5.436700	43.562000
1.891233	0.619318	-5.461810	43.662000
1.901931	0.626389	-5.478376	43.762000
1.911864	0.621872	-5.477631	43.862000
1.926869	0.614576	-5.522168	43.962000
1.935206	0.600620	-5.553258	44.062000
1.948986	0.594388	-5.547425	44.162000
1.956490	0.598210	-5.537873	44.262000
1.967276	0.602326	-5.476335	44.362000
1.980667	0.608031	-5.479529	44.462000
1.994841	0.612416	-5.467845	44.562000
2.003420	0.607208	-5.463027	44.662000
2.012928	0.600615	-5.470355	44.762000
2.025731	0.606232	-5.445046	44.862000
2.039935	0.611714	-5.450874	44.962000
2.047983	0.613820	-5.436090	45.062000
2.062184	0.616501	-5.380427	45.162000
2.072181	0.619027	-5.348725	45.262000
2.083399	0.628687	-5.371815	45.362000
2.094271	0.630010	-5.414266	45.462000
2.105899	0.623249	-5.426241	45.562000
2.117359	0.617257	-5.438126	45.662000
2.128683	0.620744	-5.438008	45.762000
2.139556	0.625201	-5.438660	45.862000
2.150870	0.621880	-5.429465	45.962000
2.162263	0.615718	-5.430254	46.062000
2.173437	0.606892	-5.406635	46.162000
2.184334	0.607006	-5.372245	46.262000
2.197477	0.614557	-5.386024	46.362000
2.204788	0.615379	-5.423385	46.462000
2.222387	0.610998	-5.461593	46.562000
2.227093	0.609006	-5.470947	46.662000
2.236881	0.612386	-5.470566	46.762000
2.250255	0.613133	-5.481510	46.862000
2.267022	0.621181	-5.477882	46.962000
2.274502	0.623258	-5.452361	47.062000
2.286589	0.614311	-5.452172	47.162000
2.299453	0.605888	-5.431830	47.262000
2.308522	0.611372	-5.417826	47.362000
2.321103	0.618475	-5.409474	47.462000
2.330070	0.623269	-5.441616	47.562000
2.345328	0.624680	-5.459206	47.662000
2.353081	0.616653	-5.434823	47.762000
2.367327	0.608975	-5.416375	47.862000
2.378350	0.598656	-5.416653	47.962000
2.387444	0.600318	-5.435963	48.062000
2.401708	0.600053	-5.469819	48.162000
2.413590	0.599127	-5.464807	48.262000
2.421841	0.603790	-5.461341	48.362000
2.432190	0.609137	-5.433825	48.462000
2.447472	0.611816	-5.422100	48.563000
2.459553	0.605387	-5.433482	48.662000
2.469601	0.605035	-5.444617	48.762000
2.479760	0.610810	-5.438972	48.862000
2.490477	0.610733	-5.430738	48.962000
2.504606	0.611910	-5.418850	49.062000
2.514859	0.614450	-5.442857	49.163000
2.523333	0.615298	-5.474468	49.262000
2.536200	0.614077	-5.447522	49.362000
2.549728	0.609915	-5.447962	49.462000
2.560902	0.606722	-5.508819	49.562000
2.569666	0.614433	-5.530342	49.662000
2.581291	0.624419	-5.545756	49.763000
2.594222	0.617140	-5.538963	49.862000
2.605720	0.608687	-5.514217	49.963000
2.615974	0.611479	-5.497645	50.062000
2.626410	0.616925	-5.442496	50.162000
2.637821	0.608448	-5.411298	50.263000
2.649629	0.602595	-5.428160	50.362000
2.662349	0.611320	-5.420178	50.462000
2.673793	0.616701	-5.423218	50.562000
2.684568	0.614945	-5.450699	50.662000
2.695126	0.610259	-5.461781	50.763000
2.706609	0.616592	-5.412220	50.863000
2.718102	0.620886	-5.361464	50.962000
2.729764	0.617237	-5.350228	51.062000
2.740751	0.613628	-5.372090	51.163000
2.752966	0.620399	-5.398156	51.263000
2.763772	0.619876	-5.414518	51.363000
2.775991	0.622309	-5.420114	51.462000
2.786795	0.625490	-5.411686	51.562000
2.796167	0.627710	-5.363201	51.663000
2.809058	0.625873	-5.349182	51.762000
2.822137	0.622834	-5.357802	51.862000
2.830833	0.623412	-5.353438	51.962000
2.841510	0.617371	-5.402382	52.062000
2.855545	0.605335	-5.430083	52.162000
2.864503	0.601502	-5.422799	52.262000
2.875775	0.607506	-5.423377	52.362000
2.889360	0.613068	-5.428685	52.463000
2.897919	0.612064	-5.437596	52.562000
2.912347	0.614391	-5.448548	52.662000
2.922748	0.614826	-5.461990	52.762000
2.932516	0.615075	-5.486908	52.862000
2.946546	0.612323	-5.502751	52.962000
2.954352	0.612892	-5.472015	53.062000
2.969340	0.615112	-5.417101	53.162000
2.980666	0.613686	-5.429231	53.262000
2.990297	0.610931	-5.470541	53.362000
3.000201	0.607440	-5.465987	53.462000
3.012255	0.609652	-5.452782	53.562000
3.024457	0.605241	-5.463692	53.663000
3.037260	0.582377	-5.493442	53.762000
3.048571	0.573776	-5.523197	53.862000
3.060822	0.586114	-5.532083	53.962000
3.072703	0.597627	-5.495043	54.062000
3.084032	0.610708	-5.400690	54.162000
3.095198	0.629964	-5.367717	54.262000
3.104812	0.626784	-5.395410	54.362000
3.115103	0.622505	-5.411599	54.463000
3.128553	0.617257	-5.444175	54.562000
3.140866	0.621974	-5.487949	54.662000
3.150840	0.625464	-5.506270	54.762000
3.161436	0.621898	-5.537291	54.862000
3.172141	0.610310	-5.504918	54.962000
3.183712	0.604321	-5.464627	55.062000
3.195857	0.605307	-5.428816	55.162000
3.208149	0.620635	-5.375682	55.262000
3.218538	0.631874	-5.391678	55.362000
3.229673	0.627467	-5.443056	55.462000
3.241988	0.620842	-5.459237	55.562000
3.254980	0.619328	-5.480659	55.662000
3.267193	0.620792	-5.477029	55.762000
3.275752	0.623394	-5.440254	55.862000
3.288809	0.623544	-5.420010	55.963000
3.298655	0.630797	-5.426074	56.062000
3.311148	0.633398	-5.446549	56.162000
3.322877	0.623484	-5.464518	56.262000
3.333494	0.613125	-5.450427	56.363000
3.344675	0.605349	-5.416572	56.462000
3.356062	0.599337	-5.394947	56.562000
3.367361	0.598215	-5.362262	56.663000
3.378812	0.604379	-5.331097	56.762000
3.390290	0.614558	-5.357266	56.862000
3.401401	0.620973	-5.390629	56.962000
3.412991	0.620895	-5.392789	57.062000
3.424980	0.616604	-5.394311	57.162000
3.436125	0.612444	-5.399743	57.263000
3.447740	0.610087	-5.409116	57.362000
3.458533	0.621539	-5.406061	57.462000
3.470049	0.631236	-5.422871	57.562000
3.481532	0.633561	-5.449288	57.662000
3.493254	0.632563	-5.459537	57.762000
3.504019	0.629491	-5.416942	57.862000
3.515579	0.622101	-5.382568	57.962000
3.526996	0.623460	-5.368495	58.062000
3.537923	0.621047	-5.349380	58.162000
3.549915	0.615199	-5.343345	58.262000
3.561568	0.609264	-5.366535	58.363000
3.572864	0.606684	-5.404968	58.462000
3.584259	0.602221	-5.431989	58.562000
3.595833	0.600752	-5.416997	58.662000
3.606423	0.605258	-5.386341	58.763000
3.618747	0.611317	-5.403519	58.862000
3.630435	0.620052	-5.426893	58.962000
3.641262	0.628011	-5.432091	59.062000
3.652932	0.620725	-5.406274	59.162000
3.664362	0.613830	-5.371942	59.263000
3.675669	0.608628	-5.351734	59.363000
3.686798	0.607662	-5.339874	59.462000
3.698395	0.617402	-5.389991	59.562000
3.709774	0.619093	-5.451881	59.662000
3.720164	0.614953	-5.448471	59.762000
3.734244	0.620696	-5.424324	59.862000
3.742800	0.618865	-5.409397	59.962000
3.755797	0.616428	-5.380861	60.062000
3.768716	0.622354	-5.362608	60.162000
3.776979	0.625905	-5.371090	60.262000
3.791962	0.621987	-5.394614	60.362000
3.798967	0.620776	-5.417556	60.462000
3.814103	0.616362	-5.421020	60.562000
3.825471	0.608520	-5.402994	60.662000
3.832932	0.614452	-5.409366	60.762000
3.845014	0.627006	-5.423438	60.863000
3.858424	0.628101	-5.423951	60.962000
3.871264	0.617768	-5.395223	61.062000
3.880729	0.606410	-5.394653	61.162000
3.890480	0.606281	-5.404086	61.262000
3.900411	0.609076	-5.411819	61.362000
3.912780	0.618926	-5.396281	61.462000
3.926226	0.624085	-5.419067	61.562000
3.938063	0.628323	-5.429590	61.662000
3.949771	0.621406	-5.435935	61.762000
3.961218	0.618425	-5.440339	61.862000
3.971307	0.616375	-5.440003	61.962000
3.980913	0.610253	-5.469130	62.062000
3.991686	0.607737	-5.475741	62.162000
4.007704	0.609090	-5.454916	62.262000
4.015199	0.613671	-5.435521	62.362000
4.028654	0.615434	-5.402931	62.462000
4.040184	0.620104	-5.364882	62.563000
4.048651	0.627186	-5.358023	62.662000
4.063211	0.624997	-5.374814	62.762000
4.071844	0.622999	-5.403579	62.863000
4.086677	0.611695	-5.423569	62.962000
4.094210	0.612374	-5.430046	63.062000
4.109498	0.616674	-5.424449	63.162000
4.116994	0.616043	-5.399345	63.262000
4.131560	0.616309	-5.383282	63.362000
4.139531	0.625134	-5.385176	63.462000
4.153526	0.625002	-5.396365	63.562000
4.164427	0.613589	-5.393250	63.662000
4.174944	0.617216	-5.393724	63.762000
4.187432	0.627791	-5.386713	63.862000
4.197548	0.629958	-5.393217	63.962000
4.208358	0.627622	-5.417524	64.062000
4.220884	0.623818	-5.425529	64.162000
4.232077	0.619656	-5.424744	64.262000
4.244011	0.622525	-5.481861	64.362000
4.255036	0.619895	-5.486391	64.462000
4.267488	0.619611	-5.468711	64.562000
4.276602	0.614751	-5.452947	64.662000
4.290310	0.602286	-5.452917	64.762000
4.299956	0.597515	-5.448389	64.862000
4.310952	0.603884	-5.420124	64.962000
4.323958	0.614367	-5.422228	65.062000
4.334728	0.610306	-5.448447	65.162000
4.345468	0.615126	-5.411421	65.262000
4.356547	0.620228	-5.380460	65.362000
4.367953	0.619382	-5.348513	65.462000
4.378792	0.620810	-5.309784	65.562000
4.389567	0.620629	-5.298919	65.662000
4.400878	0.615547	-5.346409	65.762000
4.412964	0.602911	-5.409268	65.862000
4.423776	0.599511	-5.412792	65.962000
4.435074	0.603648	-5.429760	66.063000
4.445938	0.614701	-5.442557	66.162000
4.457837	0.617848	-5.430173	66.262000
4.469242	0.620353	-5.427891	66.362000
4.480138	0.612202	-5.426848	66.463000
4.492004	0.610644	-5.443287	66.562000
4.503290	0.609913	-5.463096	66.662000
4.514456	0.602755	-5.465759	66.762000
4.526036	0.601718	-5.429455	66.863000
4.536896	0.601963	-5.411496	66.962000
4.548394	0.607183	-5.416772	67.062000
4.559719	0.613060	-5.407695	67.162000
4.570566	0.609527	-5.410910	67.262000
4.582297	0.608495	-5.453186	67.362000
4.593703	0.612701	-5.483720	67.462000
4.604631	0.616587	-5.458112	67.562000
4.616362	0.617055	-5.418092	67.663000
4.627773	0.615766	-5.412465	67.762000
4.638163	0.610175	-5.417358	67.862000
4.650244	0.610357	-5.406533	67.962000
4.661903	0.610087	-5.391529	68.062000
4.672588	0.613994	-5.391389	68.162000
4.684643	0.611994	-5.386225	68.262000
4.695183	0.611695	-5.360718	68.362000
4.705939	0.613230	-5.379811	68.462000
4.718427	0.609110	-5.394005	68.562000
4.730282	0.613562	-5.416438	68.662000
4.740414	0.616989	-5.482216	68.762000
4.751227	0.614976	-5.478264	68.862000
4.763051	0.615589	-5.480950	68.962000
4.774509	0.613178	-5.490595	69.062000
4.785847	0.609796	-5.471402	69.163000
4.797665	0.612424	-5.457822	69.262000
4.808585	0.615906	-5.456002	69.362000
4.819011	0.625952	-5.418323	69.462000
4.830634	0.633112	-5.426959	69.562000
4.842858	0.626334	-5.432437	69.663000
4.853248	0.621623	-5.391104	69.762000
4.863763	0.613868	-5.386687	69.863000
4.875761	0.615721	-5.411200	69.963000
4.886985	0.611661	-5.457250	70.062000
4.897901	0.602337	-5.454516	70.162000
4.909272	0.597327	-5.443565	70.262000
4.920876	0.609477	-5.439247	70.363000
4.931834	0.619065	-5.439997	70.462000
4.943015	0.618659	-5.440705	70.562000
4.953830	0.614400	-5.416568	70.663000
4.964385	0.612864	-5.410844	70.762000
4.976397	0.615801	-5.426555	70.862000
4.987615	0.621444	-5.441254	70.962000
4.999289	0.626197	-5.448175	71.062000
5.010571	0.622415	-5.449193	71.162000
5.020941	0.615413	-5.459844	71.262000
5.032677	0.614525	-5.459818	71.362000
5.043752	0.616000	-5.428000	71.462000
5.055045	0.616410	-5.398980	71.562000
5.066070	0.614549	-5.407302	71.663000
5.077223	0.606343	-5.409176	71.762000
5.088404	0.603188	-5.425599	71.862000
5.100274	0.605981	-5.438671	71.962000
5.111796	0.609067	-5.424914	72.062000
5.123517	0.617426	-5.403925	72.162000
5.133916	0.617273	-5.397111	72.263000
5.144801	0.619355	-5.390975	72.362000
5.156543	0.615463	-5.428545	72.462000
5.167884	0.609451	-5.462294	72.563000
5.179488	0.607395	-5.449485	72.662000
5.189905	0.612527	-5.415936	72.762000
5.201588	0.615555	-5.386664	72.863000
5.212425	0.620730	-5.360119	72.963000
5.223333	0.625865	-5.389412	73.062000
5.235250	0.626360	-5.424715	73.162000
5.246200	0.619152	-5.412921	73.262000
5.257517	0.611351	-5.389229	73.362000
5.267974	0.613195	-5.375020	73.462000
5.278959	0.611867	-5.425058	73.562000
5.291427	0.606682	-5.418066	73.662000
5.301920	0.603407	-5.375860	73.762000
5.313591	0.607811	-5.333378	73.862000
5.324295	0.612148	-5.323116	73.962000
5.335101	0.612452	-5.350579	74.062000
5.338100	0.613765	-5.381328	74.162000
5.336428	0.609590	-5.394479	74.262000
5.333238	0.607181	-5.419247	74.362000
5.327741	0.600461	-5.440825	74.462000
5.323469	0.598129	-5.455804	74.562000
5.320198	0.603544	-5.470491	74.662000
5.311858	0.605136	-5.453559	74.762000
5.308051	0.606617	-5.415044	74.862000
5.301621	0.603524	-5.377612	74.962000
5.293247	0.605589	-5.390852	75.062000
5.286156	0.618225	-5.423038	75.162000
5.278980	0.622517	-5.440111	75.262000
5.272238	0.621385	-5.441241	75.362000
5.266289	0.622616	-5.448172	75.462000
5.259300	0.616054	-5.452026	75.562000
5.250507	0.607743	-5.450577	75.662000
5.241478	0.606184	-5.453921	75.762000
5.233752	0.602889	-5.443124	75.862000
5.224861	0.603807	-5.426697	75.962000
5.216311	0.609690	-5.409120	76.063000
5.208193	0.616071	-5.382957	76.162000
5.201056	0.622488	-5.387243	76.262000
5.193354	0.623296	-5.406652	76.362000
5.185328	0.630962	-5.400996	76.462000
5.175557	0.632627	-5.435687	76.562000
5.165340	0.630848	-5.438596	76.662000
5.157875	0.629137	-5.439168	76.762000
5.150140	0.630329	-5.464110	76.862000
5.138455	0.624280	-5.458211	76.962000
5.132280	0.614879	-5.434403	77.063000
5.121359	0.607308	-5.435072	77.162000
5.114209	0.607393	-5.435436	77.262000
5.103964	0.611621	-5.436174	77.362000
5.094894	0.614192	-5.440174	77.462000
5.085051	0.610165	-5.432645	77.562000
5.076063	0.602914	-5.410809	77.662000
5.068751	0.595911	-5.418143	77.762000
5.057089	0.598677	-5.408262	77.862000
5.049365	0.607522	-5.386324	77.962000
5.040348	0.609755	-5.403315	78.062000
5.030190	0.603348	-5.413111	78.163000
5.021303	0.602508	-5.401544	78.262000
5.011920	0.609313	-5.405161	78.363000
5.002752	0.610729	-5.411963	78.463000
4.993957	0.608950	-5.441327	78.562000
4.984284	0.610841	-5.429035	78.662000
4.974126	0.615643	-5.413767	78.762000
4.964600	0.617746	-5.415681	78.862000
4.955303	0.619891	-5.403407	78.962000
4.946342	0.618822	-5.386458	79.062000
4.936526	0.615972	-5.408371	79.162000
4.926914	0.613882	-5.437924	79.262000
4.917123	0.611465	-5.419359	79.362000
4.907523	0.609970	-5.408163	79.462000
4.898094	0.607764	-5.419414	79.562000
4.887853	0.611939	-5.415162	79.662000
4.878029	0.614749	-5.415933	79.763000
4.867626	0.612838	-5.405914	79.862000
4.858837	0.611376	-5.383424	79.962000
4.848709	0.618774	-5.361037	80.062000
4.839659	0.623675	-5.351960	80.162000
4.828980	0.623025	-5.346314	80.263000
4.819395	0.621418	-5.341207	80.362000
4.809499	0.620660	-5.391777	80.462000
4.799925	0.618184	-5.447024	80.562000
4.790523	0.613703	-5.465783	80.662000
4.779965	0.615370	-5.470645	80.762000
4.769251	0.613197	-5.453342	80.862000
4.759793	0.608667	-5.412247	80.962000
4.749651	0.604691	-5.392975	81.062000
4.740269	0.605725	-5.399583	81.162000
4.730187	0.610240	-5.388962	81.262000
4.720329	0.611030	-5.399087	81.363000
4.710415	0.611482	-5.399720	81.462000
4.700384	0.619224	-5.417695	81.562000
4.690390	0.620473	-5.441033	81.662000
4.680402	0.611834	-5.457104	81.762000
4.670618	0.606966	-5.455950	81.862000
4.660304	0.605428	-5.468896	81.962000
4.649793	0.610796	-5.458307	82.062000
4.640092	0.611233	-5.425151	82.162000
4.630023	0.616099	-5.414645	82.262000
4.620127	0.620186	-5.442291	82.362000
4.610003	0.623338	-5.448417	82.462000
4.599711	0.625582	-5.425009	82.562000
4.589881	0.624557	-5.424558	82.663000
4.579747	0.621340	-5.394527	82.762000
4.569344	0.617666	-5.371957	82.862000
4.559483	0.618193	-5.384245	82.963000
4.549811	0.619144	-5.429812	83.063000
4.539527	0.621818	-5.447438	83.162000
4.529444	0.619806	-5.446344	83.262000
4.519463	0.616650	-5.433588	83.362000
4.509112	0.614685	-5.449279	83.462000
4.498761	0.619669	-5.447206	83.562000
4.488569	0.617239	-5.414648	83.662000
4.478005	0.608675	-5.392854	83.762000
4.467810	0.605003	-5.379734	83.862000
4.457072	0.611278	-5.368178	83.963000
4.446968	0.611427	-5.400076	84.062000
4.436905	0.610413	-5.410101	84.162000
4.426042	0.616521	-5.396072	84.262000
4.415654	0.621373	-5.429043	84.362000
4.405603	0.619472	-5.448275	84.462000
4.395415	0.619730	-5.441740	84.562000
4.384886	0.614025	-5.427865	84.662000
4.374598	0.614989	-5.406715	84.762000
4.363733	0.621762	-5.437296	84.863000
4.353258	0.619544	-5.426689	84.962000
4.343439	0.615228	-5.414150	85.062000
4.332385	0.615269	-5.420403	85.162000
4.322260	0.611756	-5.439699	85.263000
4.311643	0.602092	-5.458463	85.362000
4.301088	0.603234	-5.463926	85.462000
4.290814	0.606862	-5.485621	85.562000
4.280048	0.612029	-5.475813	85.662000
4.270060	0.618316	-5.476743	85.762000
4.259154	0.620104	-5.474011	85.862000
4.248455	0.622466	-5.469944	85.962000
4.237608	0.623762	-5.483373	86.062000
4.227654	0.618864	-5.473346	86.162000
4.216872	0.621338	-5.419339	86.262000
4.206290	0.616674	-5.399071	86.362000
4.195626	0.610392	-5.395385	86.463000
4.183071	0.610628	-5.405840	86.562000
4.174924	0.613817	-5.435566	86.662000
4.163648	0.610726	-5.441680	86.763000
4.152491	0.607691	-5.466727	86.862000
4.142603	0.604910	-5.481782	86.963000
4.134177	0.601258	-5.499122	87.062000
4.121362	0.600232	-5.501190	87.162000
4.109892	0.604900	-5.494914	87.263000
4.102553	0.608865	-5.508046	87.363000
4.088983	0.607303	-5.497557	87.462000
4.079590	0.609828	-5.463378	87.562000
4.070221	0.610225	-5.404711	87.662000
4.058205	0.606446	-5.381833	87.762000
4.046701	0.610805	-5.395939	87.863000
4.037825	0.611915	-5.434460	87.962000
4.026951	0.610659	-5.474391	88.063000
4.016630	0.612333	-5.472054	88.163000
4.002498	0.614949	-5.439544	88.262000
3.995354	0.619056	-5.410662	88.362000
3.985299	0.616613	-5.436544	88.462000
3.971905	0.608822	-5.470284	88.563000
3.960697	0.607514	-5.448158	88.662000
3.951669	0.609460	-5.434701	88.763000
3.942698	0.611302	-5.418813	88.862000
3.928209	0.620177	-5.418327	88.962000
3.920395	0.623021	-5.450353	89.063000
3.908402	0.622940	-5.471061	89.162000
3.898326	0.622977	-5.480017	89.262000
3.885414	0.612261	-5.497496	89.362000
3.877273	0.604104	-5.477590	89.463000
3.862901	0.610460	-5.440596	89.562000
3.855698	0.623227	-5.441548	89.662000
3.845617	0.624701	-5.428921	89.762000
3.834739	0.621720	-5.406911	89.862000
3.824071	0.620610	-5.417741	89.962000
3.813010	0.620069	-5.439554	90.062000
3.801482	0.614687	-5.441841	90.162000
3.789997	0.611427	-5.434101	90.262000
3.779861	0.615709	-5.433543	90.362000
3.768090	0.616736	-5.428520	90.462000
3.757861	0.619201	-5.449348	90.562000
3.746933	0.618531	-5.446454	90.662000
3.736177	0.617712	-5.438586	90.762000
3.726001	0.616389	-5.447028	90.862000
3.713573	0.614972	-5.453782	90.962000
3.699918	0.609608	-5.446182	91.062000
3.692623	0.603941	-5.427594	91.162000
3.677971	0.601968	-5.386475	91.262000
3.667609	0.606546	-5.366876	91.363000
3.659761	0.610656	-5.385338	91.462000
3.647836	0.616058	-5.415078	91.562000
3.634352	0.619112	-5.433893	91.662000
3.626099	0.613880	-5.429345	91.762000
3.613869	0.616575	-5.409789	91.862000
3.604465	0.623596	-5.396126	91.962000
3.592018	0.631505	-5.442036	92.062000
3.583331	0.627179	-5.493208	92.162000
3.568996	0.626645	-5.486766	92.262000
3.561206	0.621991	-5.466842	92.362000
3.549392	0.617697	-5.452974	92.462000
3.536757	0.616889	-5.427967	92.562000
3.528204	0.615775	-5.419544	92.663000
3.516672	0.611870	-5.419943	92.762000
3.505103	0.611197	-5.430583	92.862000
3.494215	0.609508	-5.416513	92.962000
3.481343	0.607146	-5.391000	93.062000
3.471229	0.606585	-5.404159	93.162000
3.460780	0.604765	-5.407295	93.263000
3.449980	0.606017	-5.405461	93.362000
3.438219	0.615520	-5.421157	93.462000
3.426862	0.620082	-5.430202	93.562000
3.415662	0.613663	-5.431572	93.662000
3.404888	0.606786	-5.424924	93.762000
3.393683	0.608976	-5.392103	93.862000
3.382675	0.611770	-5.369454	93.962000
3.370895	0.610672	-5.355444	94.062000
3.359933	0.608250	-5.325713	94.162000
3.348991	0.612009	-5.341812	94.262000
3.338364	0.612658	-5.392148	94.362000
3.327125	0.610737	-5.442643	94.462000
3.315789	0.614162	-5.462392	94.563000
3.304706	0.612340	-5.432880	94.662000
3.294229	0.612128	-5.413598	94.763000
3.283089	0.613716	-5.417458	94.862000
3.272000	0.611581	-5.404092	94.962000
3.260619	0.609424	-5.389376	95.062000
3.249315	0.609935	-5.415956	95.162000
3.237789	0.608070	-5.444639	95.262000
3.227583	0.605738	-5.446164	95.362000
3.215771	0.602011	-5.454653	95.462000
3.204474	0.602829	-5.462176	95.562000
3.193100	0.607194	-5.422437	95.662000
3.181597	0.617267	-5.389330	95.762000
3.171027	0.625540	-5.396084	95.862000
3.160447	0.626048	-5.438980	95.962000
3.149406	0.621821	-5.463486	96.062000
3.137722	0.626840	-5.471059	96.162000
3.126951	0.620833	-5.479111	96.262000
3.115064	0.608614	-5.496119	96.363000
3.105315	0.611162	-5.521280	96.462000
3.094298	0.613278	-5.527489	96.562000
3.082769	0.604632	-5.495673	96.662000
3.071130	0.599825	-5.460719	96.762000
3.060902	0.600743	-5.438849	96.863000
3.048624	0.607866	-5.458031	96.962000
3.038627	0.612492	-5.475752	97.062000
3.027408	0.605962	-5.467465	97.162000
3.015602	0.606481	-5.468286	97.262000
3.004351	0.606423	-5.484677	97.362000
2.992789	0.607040	-5.480716	97.462000
2.981583	0.608567	-5.457103	97.562000
2.970868	0.611705	-5.457837	97.662000
2.960348	0.615097	-5.455228	97.762000
2.948588	0.619790	-5.455809	97.862000
2.938577	0.619930	-5.455952	97.962000
2.924696	0.617783	-5.447683	98.062000
2.914658	0.615477	-5.457346	98.162000
2.906334	0.614321	-5.455889	98.262000
2.890351	0.616304	-5.469132	98.363000
2.878321	0.617641	-5.481950	98.462000
2.868298	0.615987	-5.481842	98.563000
2.860708	0.618260	-5.482559	98.662000
2.845924	0.626721	-5.474520	98.762000
2.836553	0.629281	-5.448486	98.862000
2.825408	0.628039	-5.392997	98.963000
2.814448	0.624389	-5.365890	99.062000
2.802550	0.612329	-5.370264	99.162000
2.791133	0.609115	-5.366007	99.262000
2.780376	0.616004	-5.370186	99.362000
2.768807	0.621238	-5.378704	99.462000
2.757043	0.615404	-5.393736	99.562000
2.746124	0.606463	-5.419274	99.663000
2.734585	0.603189	-5.440862	99.762000
2.722818	0.606208	-5.462025	99.862000
2.712141	0.611137	-5.469252	99.962000
2.701172	0.617212	-5.448270	100.062000
2.689776	0.625732	-5.432022	100.163000
2.675807	0.633328	-5.441306	100.262000
2.668667	0.635363	-5.474283	100.362000
2.652100	0.635351	-5.497890	100.462000
2.640810	0.628567	-5.485064	100.562000
2.631212	0.623050	-5.431901	100.663000
2.623848	0.622189	-5.413861	100.763000
2.610601	0.620345	-5.406708	100.862000
2.595629	0.614165	-5.424835	100.962000
2.588259	0.611080	-5.429295	101.063000
2.575491	0.611916	-5.444154	101.162000
2.564292	0.614212	-5.478701	101.262000
2.553591	0.613014	-5.495093	101.362000
2.541160	0.612584	-5.491503	101.462000
2.529873	0.610566	-5.477560	101.562000
2.518167	0.606003	-5.469644	101.662000
2.507237	0.605273	-5.471784	101.763000
2.495520	0.607611	-5.476743	101.862000
2.484489	0.608578	-5.483342	101.962000
2.472766	0.607599	-5.484100	102.062000
2.461760	0.614020	-5.465154	102.163000
2.450604	0.621791	-5.461078	102.262000
2.439263	0.626996	-5.489186	102.362000
2.427399	0.623127	-5.499152	102.463000
2.417094	0.617814	-5.478604	102.562000
2.403790	0.617779	-5.455457	102.662000
2.392718	0.615543	-5.478558	102.762000
2.382537	0.606533	-5.474281	102.862000
2.369082	0.607554	-5.467888	102.962000
2.357910	0.610534	-5.440823	103.062000
2.346102	0.607705	-5.442191	103.162000
2.336498	0.610375	-5.480442	103.262000
2.323277	0.608525	-5.495827	103.363000
2.313166	0.609853	-5.483290	103.462000
2.301707	0.604690	-5.503095	103.562000
2.289809	0.607300	-5.502814	103.662000
2.278117	0.611297	-5.483924	103.762000
2.267027	0.615082	-5.448015	103.863000
2.255236	0.617756	-5.457703	103.962000
2.244580	0.614330	-5.466387	104.062000
2.232083	0.609732	-5.474883	104.162000
2.221295	0.609750	-5.457315	104.262000
2.210102	0.607997	-5.420356	104.363000
2.198391	0.608274	-5.392839	104.462000
2.186426	0.613350	-5.417683	104.562000
2.175203	0.609315	-5.437090	104.662000
2.163477	0.611348	-5.452300	104.762000
2.152479	0.619144	-5.452246	104.863000
2.140171	0.624736	-5.461843	104.962000
2.129404	0.626675	-5.472477	105.062000
2.117776	0.621380	-5.468679	105.162000
2.106601	0.620685	-5.443179	105.262000
2.094892	0.620531	-5.465035	105.362000
2.083620	0.619067	-5.509722	105.462000
2.072234	0.616456	-5.526165	105.562000
2.060794	0.612787	-5.519814	105.662000
2.049613	0.612077	-5.498844	105.762000
2.037906	0.615228	-5.477350	105.862000
2.026569	0.614063	-5.482229	105.962000
2.015464	0.613721	-5.478039	106.062000
2.003699	0.614696	-5.457440	106.162000
1.992998	0.620414	-5.438062	106.262000
1.980104	0.625839	-5.404578	106.362000
1.968355	0.624547	-5.396297	106.462000
1.957764	0.620921	-5.417046	106.562000
1.947105	0.616548	-5.469489	106.662000
1.933997	0.621820	-5.491093	106.762000
1.923132	0.619729	-5.502517	106.862000
1.911678	0.621994	-5.514668	106.962000
1.900349	0.623022	-5.490217	107.062000
1.888318	0.617797	-5.457647	107.162000
1.877017	0.615902	-5.445482	107.262000
1.865424	0.623534	-5.459392	107.362000
1.854088	0.630557	-5.465385	107.462000
1.842556	0.623499	-5.452105	107.562000
1.831151	0.617800	-5.427713	107.663000
1.819802	0.613002	-5.438639	107.762000
1.808654	0.611429	-5.433059	107.862000
1.796464	0.613255	-5.445895	107.962000
1.785582	0.612978	-5.437993	108.062000
1.773744	0.618123	-5.431609	108.162000
1.761962	0.623325	-5.408126	108.262000
1.750003	0.618213	-5.407582	108.362000
1.738486	0.613795	-5.434977	108.462000
1.726848	0.614287	-5.448600	108.562000
1.715795	0.610238	-5.459634	108.662000
1.704294	0.606624	-5.427074	108.762000
1.692096	0.607142	-5.412204	108.862000
1.680811	0.611488	-5.401317	108.962000
1.669004	0.615294	-5.435275	109.063000
1.657737	0.610896	-5.453377	109.162000
1.646242	0.611798	-5.454303	109.262000
1.634717	0.615119	-5.437642	109.362000
1.622293	0.624521	-5.425407	109.462000
1.610597	0.627085	-5.438819	109.562000
1.599307	0.620424	-5.459302	109.662000
1.587947	0.616062	-5.444900	109.762000
1.576274	0.616452	-5.436599	109.863000
1.564952	0.608633	-5.442809	109.962000
1.553507	0.602816	-5.473178	110.062000
1.541731	0.610119	-5.502151	110.162000
1.530520	0.615195	-5.504841	110.262000
1.519090	0.613475	-5.499963	110.362000
1.507391	0.614118	-5.469036	110.465000
1.495842	0.614037	-5.452092	110.562000
1.484636	0.613808	-5.456936	110.662000
1.473117	0.613677	-5.470857	110.762000
1.461635	0.612263	-5.494804	110.862000
1.450391	0.616530	-5.499614	110.962000
1.438653	0.620074	-5.478257	111.062000
1.426879	0.619213	-5.457951	111.162000
1.415197	0.618567	-5.463543	111.262000
1.403658	0.614927	-5.471011	111.363000
1.391892	0.606788	-5.469707	111.462000
1.380441	0.607000	-5.450509	111.563000
1.368962	0.603604	-5.463712	111.662000
1.356864	0.590616	-5.462599	111.762000
1.345544	0.598780	-5.428412	111.862000
1.334167	0.609165	-5.429303	111.962000
1.322443	0.606836	-5.442151	112.062000
1.310771	0.602432	-5.437734	112.162000
1.299077	0.604100	-5.441750	112.262000
1.287073	0.602963	-5.429521	112.363000
1.275403	0.606155	-5.414271	112.462000
1.263848	0.611539	-5.438959	112.562000
1.252601	0.629900	-5.434522	112.662000
1.241009	0.630995	-5.469215	112.762000
1.229223	0.623499	-5.497740	112.862000
1.217416	0.614967	-5.484975	112.962000
1.205547	0.608500	-5.478389	113.062000
1.193900	0.606701	-5.489645	113.162000
1.182284	0.606703	-5.505617	113.262000
1.170709	0.607411	-5.499444	113.363000
1.159036	0.607505	-5.478128	113.462000
1.147319	0.609324	-5.458671	113.562000
1.135585	0.611658	-5.440963	113.663000
1.124108	0.609875	-5.426907	113.762000
1.112545	0.617953	-5.431590	113.862000
1.100612	0.621599	-5.442801	113.963000
1.088782	0.617127	-5.450586	114.062000
1.077192	0.615582	-5.470966	114.162000
1.065213	0.616316	-5.431471	114.262000
1.054149	0.613027	-5.426334	114.362000
1.042465	0.612814	-5.444624	114.463000
1.030754	0.611009	-5.471286	114.562000
1.019450	0.608067	-5.482725	114.662000
1.007772	0.612194	-5.486259	114.763000
0.996147	0.612460	-5.497988	114.862000
0.984582	0.611481	-5.487313	114.962000
0.973030	0.614087	-5.471683	115.062000
0.961607	0.614155	-5.437642	115.162000
0.950107	0.613563	-5.417772	115.262000
0.938702	0.621656	-5.406421	115.362000
0.927186	0.624184	-5.416270	115.462000
0.915713	0.619851	-5.473862	115.562000
0.904140	0.623456	-5.489889	115.662000
0.891867	0.619660	-5.463233	115.762000
0.880329	0.613052	-5.438484	115.862000
0.868578	0.608265	-5.439825	115.962000
0.857036	0.610535	-5.459204	116.062000
0.845569	0.619515	-5.480212	116.162000
0.833695	0.621972	-5.495887	116.262000
0.822072	0.617270	-5.486201	116.362000
0.810430	0.610026	-5.473840	116.462000
0.798857	0.607709	-5.441934	116.562000
0.787024	0.606123	-5.422998	116.663000
0.775658	0.603138	-5.447359	116.762000
0.763815	0.596544	-5.468636	116.862000
0.752257	0.594352	-5.480060	116.962000
0.740649	0.596603	-5.462810	117.062000
0.729056	0.605001	-5.423957	117.163000
0.717400	0.614799	-5.417712	117.262000
0.705942	0.617721	-5.412359	117.362000
0.693844	0.621225	-5.421455	117.462000
0.682270	0.627968	-5.424778	117.562000
0.670428	0.627537	-5.423547	117.662000
0.659048	0.615889	-5.424229	117.762000
0.647495	0.609031	-5.452206	117.862000
0.635672	0.608906	-5.450055	117.962000
0.623799	0.619224	-5.452327	118.063000
0.612301	0.620800	-5.445094	118.162000
0.600787	0.616543	-5.429203	118.262000
0.589438	0.620369	-5.400497	118.362000
0.577641	0.620627	-5.393536	118.462000
0.565864	0.614756	-5.398448	118.562000
0.553972	0.608700	-5.412599	118.663000
0.542241	0.604659	-5.430002	118.762000
0.530951	0.603670	-5.424723	118.862000
0.519318	0.606546	-5.402212	118.962000
0.507783	0.609217	-5.405514	119.062000
0.495956	0.608285	-5.423443	119.162000
0.484516	0.603220	-5.423235	119.262000
0.473009	0.601440	-5.412084	119.362000
0.461640	0.607363	-5.426376	119.462000
0.450305	0.613926	-5.463172	119.562000
0.438511	0.612085	-5.513508	119.662000
0.427099	0.614770	-5.527612	119.762000
0.415630	0.612016	-5.487757	119.862000
0.404024	0.612305	-5.462076	119.963000
0.392505	0.613618	-5.441234	120.063000
0.380956	0.612374	-5.420822	120.162000
0.369181	0.616028	-5.436198	120.262000
0.357704	0.613848	-5.431794	120.362000
0.346033	0.612322	-5.432414	120.463000
0.334401	0.611614	-5.428608	120.562000
0.323072	0.606379	-5.417373	120.662000
0.311607	0.603296	-5.431630	120.762000
0.299632	0.605411	-5.471489	120.862000
0.288207	0.607314	-5.493020	120.962000
0.276746	0.611589	-5.500950	121.062000
0.265029	0.611109	-5.491965	121.162000
0.253636	0.611005	-5.482939	121.262000
0.241997	0.610150	-5.496715	121.363000
0.230109	0.608147	-5.515886	121.462000
0.218755	0.603625	-5.491131	121.562000
0.206933	0.600200	-5.441673	121.662000
0.195692	0.596936	-5.444496	121.762000
0.184147	0.596056	-5.447984	121.862000
0.172320	0.600055	-5.441009	121.962000
0.160387	0.602577	-5.469756	122.062000
0.148757	0.605455	-5.495862	122.162000
0.137261	0.602490	-5.509822	122.262000
0.125787	0.598067	-5.521260	122.362000
0.114368	0.599777	-5.500968	122.462000
0.102540	0.596188	-5.484191	122.562000
0.090746	0.596072	-5.483363	122.662000
0.079173	0.596963	-5.490042	122.762000
0.067473	0.597642	-5.493594	122.862000
0.056014	0.601727	-5.491860	122.962000
0.044735	0.601582	-5.491456	123.062000
0.032553	0.597429	-5.467681	123.162000
0.021053	0.599680	-5.468140	123.262000
0.009392	0.603848	-5.471922	123.362000
-0.002198	0.604035	-5.466933	123.462000
-0.013494	0.606908	-5.452187	123.562000
-0.025247	0.611147	-5.443691	123.662000
-0.036718	0.622224	-5.445491	123.762000
-0.048083	0.626832	-5.475354	123.862000
-0.059697	0.625846	-5.499476	123.962000
-0.070687	0.622102	-5.511366	124.062000
-0.077134	0.621631	-5.468667	124.163000
-0.082005	0.624974	-5.444687	124.263000
-0.085862	0.620699	-5.474299	124.362000
-0.089127	0.619118	-5.516049	124.462000
-0.091942	0.621633	-5.497464	124.562000
-0.094642	0.624771	-5.473466	124.662000
-0.096630	0.620069	-5.453420	124.762000
-0.098887	0.613928	-5.453447	124.862000
-0.100727	0.609155	-5.467979	124.962000
-0.102353	0.607049	-5.468403	125.062000
-0.104193	0.606423	-5.475538	125.162000
-0.105604	0.608616	-5.462146	125.262000
-0.107035	0.606715	-5.424491	125.363000
-0.108421	0.606302	-5.411686	125.462000
-0.109573	0.610850	-5.429798	125.562000
-0.110604	0.613015	-5.441040	125.662000
-0.111647	0.609901	-5.455963	125.762000
-0.112984	0.608733	-5.489555	125.863000
-0.113926	0.607912	-5.504250	125.962000
-0.114917	0.608985	-5.489333	126.062000
-0.115682	0.609837	-5.468070	126.162000
-0.116622	0.610658	-5.474494	126.262000
-0.117360	0.610228	-5.475948	126.362000
-0.118139	0.608910	-5.468106	126.462000
-0.118767	0.604242	-5.443066	126.562000
-0.119513	0.606702	-5.442757	126.662000
-0.120219	0.608286	-5.480493	126.762000
-0.120941	0.608877	-5.495273	126.862000
-0.121499	0.609933	-5.516502	126.962000
-0.122307	0.605892	-5.513885	127.062000
-0.122837	0.599772	-5.461985	127.162000
-0.123385	0.604064	-5.415828	127.262000
-0.123890	0.612183	-5.405618	127.362000
-0.124334	0.618324	-5.400040	127.462000
-0.124974	0.620787	-5.391446	127.563000
-0.125445	0.624873	-5.392930	127.662000
-0.125715	0.619119	-5.443226	127.762000
-0.126331	0.612745	-5.461251	127.862000
-0.127028	0.607374	-5.431124	127.962000
-0.127293	0.606228	-5.420399	128.062000
-0.127743	0.604424	-5.446759	128.162000
-0.128205	0.603800	-5.453228	128.262000
-0.128559	0.607734	-5.455533	128.362000
-0.128782	0.610038	-5.456211	128.462000
-0.129128	0.609082	-5.449155	128.562000
-0.129382	0.609938	-5.444615	128.662000
-0.129938	0.613027	-5.440892	128.762000
-0.130186	0.614713	-5.439243	128.862000
-0.130353	0.611962	-5.449396	128.962000
-0.130777	0.608022	-5.440610	129.062000
-0.131085	0.613318	-5.432327	129.162000
-0.131269	0.613649	-5.454663	129.262000
-0.131498	0.609268	-5.454075	129.362000
-0.131946	0.610207	-5.464674	129.462000
-0.132251	0.611497	-5.481528	129.562000
-0.132394	0.609253	-5.490527	129.662000
