$SPEC_ID:
No sample description was entered.
$SPEC_REM:
DET# 1
DETDESC# MCB 337
AP# Maestro Version 6.06
$DATE_MEA:
07/23/2020 18:13:05
$MEAS_TIM:
296 300
$DATA:
0 1023
       0
       0
       0
       0
       0
       0
       0
       0
       0
       0
       0
       0
       0
       0
       0
       0
       0
       0
       0
       0
       0
       4
     152
     174
     144
     112
      89
      71
      61
      77
      58
      45
      57
      50
      50
      54
      51
      57
      48
      56
      58
      59
      58
      60
      71
      64
      61
      49
      57
      59
      63
      65
      62
      70
      64
      85
      69
      74
      62
      46
      68
      73
      61
      74
      73
      68
      91
      69
      91
      87
      76
      83
      87
      90
      73
      70
      90
     110
     101
      94
      99
     115
     114
     119
     117
     135
     156
     144
     170
     167
     169
     188
     178
     198
     181
     185
     177
     124
     161
     140
     145
     132
     130
     139
     148
     141
     147
     128
     135
     120
     123
     137
     133
     123
     111
     129
     123
      97
     105
     137
     126
     108
     130
     117
     114
     115
     128
     123
     114
     122
     121
     114
     132
     117
     132
     127
     132
     135
     133
     120
     130
     136
     143
     138
     120
     133
     122
     140
     145
     122
     143
     119
     132
     142
     139
     129
     152
     123
     119
     135
     113
     116
     124
     126
     125
     126
     117
     144
     140
     114
     116
     131
     143
     117
     116
     118
     127
     101
     137
     132
     138
     130
     101
     127
     110
     135
     133
     109
     118
     133
     125
     127
     112
     107
     114
     116
     120
     149
     101
     126
     134
     116
     136
     130
     124
     136
     120
     124
     119
     142
     127
     124
     123
     133
     122
     140
     122
     134
     131
     130
     131
     135
     116
     146
     108
     121
     126
     126
     103
     121
     146
     128
     132
     105
     113
     113
     110
     118
     128
     122
     119
     116
     115
     109
     103
     111
     117
     118
     132
     121
     128
     131
     109
     106
     116
      94
     100
     101
      84
     116
     119
     109
     104
     102
     105
     114
     102
     112
      91
     109
     115
     110
     113
     125
      95
      99
      98
     110
     114
      97
     105
     114
      84
     100
      94
     105
     105
      89
     108
     100
     121
      99
      89
      96
      97
      86
     100
     103
      84
      91
      84
      94
      86
      84
     108
      99
      88
      77
      93
      84
      82
      91
      95
      79
      95
      91
      86
      75
      98
      72
      91
      86
     102
      75
      80
      99
      86
      72
      79
      70
      83
      83
      60
      79
      92
      84
      80
      71
      87
      66
      76
      75
      83
      84
      85
      75
      79
      73
      82
      67
      61
      56
      66
      68
      65
      73
      79
      75
      66
      62
      77
      77
      62
      72
      68
      86
      62
      70
      59
      71
      53
      64
      56
      67
      88
      67
      80
      64
      63
      68
      65
      61
      59
      69
      72
      60
      56
      70
      60
      54
      61
      67
      68
      54
      48
      65
      66
      77
      69
      59
      42
      73
      66
      66
      59
      66
      78
      51
      68
      72
      65
      74
      57
      65
      54
      65
      67
      69
      57
      65
      74
      62
      51
      58
      52
      44
      62
      65
      68
      53
      55
      67
      62
      64
      62
      51
      49
      46
      56
      58
      59
      63
      52
      60
      53
      48
      57
      57
      58
      41
      42
      51
      56
      38
      50
      48
      47
      50
      45
      42
      49
      56
      50
      45
      64
      50
      45
      34
      51
      39
      41
      38
      35
      38
      39
      43
      35
      45
      43
      46
      42
      40
      33
      31
      45
      49
      33
      36
      49
      28
      30
      29
      45
      40
      39
      47
      35
      32
      30
      28
      19
      40
      30
      28
      23
      21
      30
      28
      25
      28
      32
      36
      30
      25
      26
      29
      33
      36
      28
      29
      42
      22
      23
      22
      28
      30
      26
      33
      32
      27
      25
      32
      26
      17
      22
      28
      26
      36
      27
      26
      31
      26
      20
      14
      19
      29
      24
      20
      25
      25
      27
      26
      31
      26
      27
      15
      21
      22
      21
      23
      19
      29
      27
      24
      21
      21
      27
      23
      29
      24
      21
      14
      22
      22
      20
      21
      24
      30
      23
      26
      18
      22
      21
      26
      28
      19
      25
      29
      16
      24
      30
      29
      17
      24
      23
      31
      20
      23
      39
      21
      29
      30
      33
      33
      28
      25
      24
      27
      25
      22
      28
      33
      41
      28
      33
      29
      43
      38
      39
      30
      41
      35
      40
      44
      49
      39
      40
      41
      56
      49
      47
      54
      58
      70
      53
      62
      59
      58
      55
      59
      69
      64
      73
      80
      89
      64
      66
      79
      80
      82
      80
      79
      71
      83
      88
      98
      92
      90
     102
      93
     106
     111
     116
     103
     102
     125
     101
     110
     117
     103
     107
     104
     123
     111
     120
     135
     126
     117
     122
     118
     115
     151
     119
     128
     141
     136
     127
     125
     125
     104
     117
      91
     125
     132
     114
     125
     112
     112
     111
     125
     120
     102
      92
     100
     101
     122
     100
     100
     126
      91
     100
      88
      87
     107
      87
     100
      81
      79
      75
      78
      78
      86
      65
      84
      70
      72
      60
      54
      79
      65
      57
      62
      61
      68
      63
      63
      48
      41
      72
      53
      35
      51
      40
      51
      46
      44
      34
      36
      31
      34
      27
      29
      32
      34
      32
      35
      35
      23
      24
      31
      19
      30
      26
      19
      26
      23
      18
      21
      17
      13
      20
      27
      15
      14
      14
      17
      12
      14
      13
      16
       9
      12
      10
       8
      11
       5
       8
      10
       4
      13
       4
       2
       5
      10
       9
       6
       6
       2
       4
       4
       5
       6
       2
       6
       3
       5
       5
       7
       5
       7
       3
       1
       2
       5
       4
       4
       5
       8
       2
       9
       4
       5
       7
       5
       5
       4
       1
       5
       6
       6
       3
       5
       6
       2
       2
       3
      10
       4
       1
       4
       5
       3
       2
       3
       5
       1
       3
       1
       2
       2
       2
       3
       4
       3
       6
       1
       3
       6
       5
       3
       3
       4
       5
       1
       0
       2
       5
       3
       5
       3
       3
       6
       2
       5
       0
       1
       6
       4
       6
       4
       3
       2
       4
       4
       3
       0
       2
       1
       2
       3
       4
       4
       4
       6
       4
       3
       4
       5
       3
       6
       4
       3
       4
       4
       4
       1
       5
       2
       4
       8
       4
       4
       5
       1
       5
       3
       3
       3
       4
       4
       3
       5
       0
       6
       5
       0
       2
       1
       2
       2
       0
       2
       2
       2
       7
       1
       2
       2
       3
       6
       2
       4
       1
       5
       1
       5
       2
       4
       5
       4
       6
       2
       6
       2
       7
       6
       1
       3
       3
       4
       4
       4
       3
       0
       4
       2
       4
       4
       2
       4
       4
       3
       4
       4
       2
       3
       3
       2
       2
       1
       2
       2
       3
       4
       1
       2
       0
       1
       2
       4
       2
       2
       2
       1
       3
       4
       7
       3
       6
       6
       3
      13
      20
       9
      24
      18
      16
      23
      17
       8
      14
      10
      12
      16
      10
       9
       3
       9
      13
       8
      11
      11
       8
       7
$ROI:
0
$PRESETS:
Real Time
300
0
$ENER_FIT:
0.000000 0.000000
$MCA_CAL:
3
0.000000E+000 0.000000E+000 0.000000E+000 
$SHAPE_CAL:
3
0.000000E+000 0.000000E+000 0.000000E+000
