$SPEC_ID:
No sample description was entered.
$SPEC_REM:
DET# 1
DETDESC# MCB 337
AP# Maestro Version 6.06
$DATE_MEA:
07/30/2020 14:31:45
$MEAS_TIM:
835 840
$DATA:
0 1023
       0
       0
       0
       0
       0
       0
       0
       0
       0
       0
       0
       0
       0
       0
       0
       0
       0
       0
       0
       0
       0
      15
     282
     317
     275
     187
     130
     143
     119
     110
     114
     115
     119
     109
     107
     109
     123
     120
     118
     130
     119
     126
     100
     107
     128
     105
     128
     124
     120
     107
     141
     127
     144
     143
     155
     146
     165
     159
     136
     134
     132
     115
     180
     135
     167
     160
     157
     152
     191
     145
     151
     202
     174
     197
     185
     216
     214
     212
     236
     237
     248
     280
     269
     299
     353
     375
     373
     404
     414
     413
     387
     434
     400
     390
     374
     367
     363
     339
     321
     325
     343
     336
     315
     351
     301
     308
     313
     319
     322
     333
     330
     320
     310
     353
     300
     336
     330
     306
     297
     334
     326
     326
     331
     346
     349
     338
     340
     323
     328
     315
     302
     326
     314
     306
     304
     297
     316
     315
     308
     330
     304
     351
     307
     317
     313
     362
     332
     351
     323
     333
     327
     311
     337
     358
     321
     322
     340
     338
     326
     287
     344
     338
     296
     336
     349
     353
     284
     316
     347
     337
     314
     328
     329
     330
     306
     344
     348
     331
     326
     301
     322
     325
     353
     338
     335
     330
     354
     344
     300
     321
     308
     275
     330
     342
     313
     303
     305
     323
     290
     337
     305
     288
     314
     307
     272
     280
     306
     296
     274
     300
     283
     280
     294
     298
     305
     327
     320
     284
     291
     269
     273
     301
     272
     256
     267
     274
     254
     258
     265
     285
     257
     281
     287
     270
     252
     249
     282
     264
     241
     264
     258
     253
     250
     266
     248
     265
     257
     268
     251
     243
     255
     260
     260
     248
     241
     227
     234
     224
     226
     219
     225
     225
     236
     240
     248
     266
     245
     245
     237
     215
     271
     254
     239
     237
     248
     214
     233
     201
     235
     231
     201
     190
     211
     211
     221
     213
     209
     235
     230
     206
     233
     234
     213
     221
     204
     193
     197
     209
     227
     197
     194
     183
     169
     190
     208
     173
     181
     206
     196
     178
     187
     199
     224
     175
     194
     193
     181
     172
     175
     189
     179
     199
     179
     193
     204
     196
     192
     172
     187
     181
     161
     184
     167
     167
     173
     210
     175
     202
     177
     189
     193
     177
     180
     182
     197
     162
     188
     175
     189
     155
     151
     193
     172
     178
     160
     181
     171
     186
     160
     176
     179
     159
     167
     151
     193
     194
     182
     174
     170
     201
     165
     180
     204
     182
     210
     171
     162
     184
     183
     205
     183
     203
     222
     217
     207
     227
     186
     220
     220
     246
     228
     248
     237
     236
     211
     245
     242
     215
     227
     265
     234
     267
     268
     272
     280
     250
     250
     231
     227
     260
     255
     257
     228
     257
     239
     213
     241
     243
     232
     254
     207
     191
     226
     222
     218
     202
     193
     192
     186
     188
     203
     154
     170
     149
     149
     146
     166
     144
     127
     132
     136
     135
     120
     145
     121
     118
     129
     113
     119
      96
     124
     111
     128
     117
     101
      96
     106
     115
      95
     103
      95
     103
      96
      98
      83
     103
      86
      97
      93
      89
      82
      79
      82
     106
      93
      85
     101
      86
      76
      81
      80
     102
     101
      79
      76
      80
      93
      95
      80
      84
      81
      90
      82
      79
      83
      81
      84
      78
      70
      89
      74
      92
      97
      91
      85
      74
      87
      86
      87
      72
      88
      86
      80
      82
      81
      81
     100
      70
      75
      71
      96
      77
      65
      87
      78
      86
      82
      79
      75
      94
      68
      69
      67
      75
      83
      83
      70
      79
      74
      77
      82
      76
      77
      71
      78
      76
      77
      74
      62
      68
      61
      65
      71
      69
      55
      67
      80
      62
      81
      67
      76
      64
      75
      64
      60
      59
      52
      54
      57
      60
      64
      71
      63
      67
      64
      54
      59
      52
      55
      66
      61
      55
      57
      45
      53
      60
      44
      58
      53
      43
      50
      54
      42
      49
      60
      48
      51
      45
      35
      58
      56
      51
      48
      47
      41
      54
      43
      40
      63
      46
      49
      33
      38
      37
      48
      51
      30
      34
      43
      51
      37
      29
      32
      48
      42
      42
      47
      30
      61
      35
      37
      41
      41
      31
      39
      30
      38
      33
      49
      52
      40
      42
      39
      36
      39
      35
      35
      26
      33
      36
      27
      33
      34
      37
      36
      26
      52
      29
      31
      35
      34
      35
      35
      36
      32
      29
      35
      27
      30
      45
      30
      23
      25
      23
      24
      26
      40
      28
      30
      24
      28
      30
      29
      39
      26
      26
      19
      29
      28
      36
      27
      31
      32
      32
      24
      37
      27
      22
      25
      27
      41
      29
      22
      17
      23
      22
      23
      28
      30
      22
      32
      30
      36
      28
      19
      25
      21
      32
      23
      33
      22
      21
      24
      25
      23
      28
      21
      21
      21
      22
      18
      31
      34
      27
      20
      19
      24
      24
      25
      30
      26
      25
      17
      21
      19
      21
      25
      23
      37
      20
      22
      14
      23
      27
      20
      22
      19
      21
      28
      19
      21
      16
      23
      21
      20
      19
      16
      23
      13
      14
      14
       9
      20
      15
      11
      17
       9
      11
      14
      12
      19
       7
      14
      17
      11
       9
       7
       8
      16
       9
      11
      10
       6
      12
      14
       2
      11
       7
      11
      14
       9
      14
      10
      13
      18
      12
      11
      11
       7
      11
      11
      10
      16
       9
      10
      10
       9
       5
       8
      15
      13
      15
       8
       7
       9
      13
      10
       9
      11
       5
      18
       9
      21
       6
      12
       7
      13
       7
      13
       9
      11
       9
      16
      15
       8
       7
      11
       7
      16
      14
       5
       7
       9
       9
       6
       7
      11
      11
      13
      18
      10
      13
       3
      13
      11
      14
      13
      14
      14
       9
       7
       8
      11
       8
      12
       7
      10
      16
       8
      13
       6
       3
      10
      12
      11
      11
       6
      16
       7
      10
       4
       7
      11
       8
      12
       9
      10
      11
      11
       4
      11
       9
       6
      14
      11
       8
       8
      10
       9
      13
      11
      10
      15
       8
      14
      11
      11
      11
       9
      11
      12
       7
       7
       7
       6
      16
       6
       9
      13
      16
       7
       5
       9
       5
       8
       6
      11
      10
       9
      10
      12
       7
      12
      16
       7
       6
       8
       8
      10
       6
       6
       7
       7
       8
      11
       7
       6
       6
       5
      15
       5
       9
       9
       3
       9
       4
       7
       9
      11
       7
       7
       8
       4
       6
      10
       8
       9
       9
      10
      10
       5
       8
       8
      10
      10
      14
       9
       8
       9
      10
       3
       5
      11
       5
      11
       7
       6
       4
       9
       6
      11
      36
      45
      31
      37
      40
      38
      36
      25
      34
      41
      27
      40
      34
      24
      23
      25
      30
      35
      25
      26
      29
      19
      18
$ROI:
0
$PRESETS:
Real Time
840
0
$ENER_FIT:
0.000000 0.000000
$MCA_CAL:
3
0.000000E+000 0.000000E+000 0.000000E+000 
$SHAPE_CAL:
3
0.000000E+000 0.000000E+000 0.000000E+000
