$SPEC_ID:
No sample description was entered.
$SPEC_REM:
DET# 1
DETDESC# MCB 337
AP# Maestro Version 6.06
$DATE_MEA:
07/23/2020 18:04:54
$MEAS_TIM:
296 300
$DATA:
0 1023
       0
       0
       0
       0
       0
       0
       0
       0
       0
       0
       0
       0
       0
       0
       0
       0
       0
       0
       0
       1
       0
       7
     175
     180
     191
     139
     120
      84
      94
      75
      73
      55
      71
      53
      59
      53
      75
      61
      75
      53
      52
      67
      58
      60
      49
      70
      61
      81
      85
      62
      62
      59
      64
      83
      82
      77
      74
      67
      59
      69
      73
      71
      65
      70
      74
      66
      91
      74
      82
      77
      95
      86
      83
      82
      93
      91
      86
      79
      88
      91
     116
     113
     127
     117
     162
     139
     157
     193
     175
     205
     215
     185
     195
     197
     185
     195
     149
     173
     168
     138
     150
     161
     148
     142
     143
     144
     145
     127
     137
     151
     132
     140
     116
     125
     120
     128
     139
     132
     139
     135
     118
     129
     122
     139
     133
     133
     136
     131
     129
     142
     131
     138
     144
     131
     148
     145
     140
     125
     135
     134
     132
     146
     154
     133
     142
     122
     139
     135
     157
     156
     140
     151
     145
     146
     138
     148
     140
     139
     139
     147
     158
     104
     127
     149
     148
     126
     137
     155
     138
     126
     143
     159
     135
     146
     141
     127
     140
     150
     132
     131
     123
     138
     140
     141
     156
     128
     128
     130
     122
     118
     119
     140
     131
     134
     112
     129
     120
     123
     153
     132
     131
     137
     115
     136
     132
     135
     110
     137
     131
     139
     130
     137
     143
     122
     108
     155
     146
     140
     140
     144
     131
     135
     157
     150
     147
     144
     134
     134
     113
     126
     130
     126
     137
     135
     130
     128
     126
     132
     131
     126
     122
     100
     126
     120
     139
     111
     138
     126
     119
     123
     118
     113
     140
     145
     131
     113
     131
     126
     105
     103
     123
     114
     127
     100
     128
     115
     117
     105
     129
     113
     110
     125
      97
     131
     104
     126
     109
      91
     122
     105
     101
     115
     107
     111
      98
     114
     106
     106
     114
      98
     117
     112
      99
     103
     113
     120
     102
     110
      88
      97
     111
      85
      99
      80
      99
      99
     102
      85
      97
      83
     105
      79
      91
      74
      92
      90
     100
      96
      75
     100
     103
      95
      93
      92
     107
      80
      87
      96
      88
      91
      93
      89
      70
      90
      77
     106
      73
     104
      92
      73
      99
      86
      81
      81
      79
      70
      87
      93
      94
      75
      73
      90
      77
      82
      79
      94
      69
      87
      82
      78
      91
      74
      69
      82
      79
      73
      61
      64
      89
      68
      70
      76
      83
      77
      54
      65
      76
      71
      58
      79
      80
      86
      69
      47
      76
      72
      84
      55
      64
      70
      58
      67
      68
      56
      73
      71
      67
      63
      63
      65
      61
      75
      75
      78
      67
      69
      56
      63
      55
      76
      55
      75
      88
      58
      53
      72
      73
      68
      82
      76
      58
      61
      65
      85
      63
      62
      78
      63
      69
      70
      69
      72
      50
      57
      53
      60
      48
      60
      51
      67
      70
      50
      65
      74
      64
      63
      71
      61
      57
      56
      70
      66
      62
      55
      50
      61
      52
      64
      48
      50
      69
      60
      65
      67
      55
      63
      52
      50
      37
      52
      44
      46
      70
      55
      49
      52
      47
      56
      78
      60
      51
      49
      58
      41
      47
      49
      55
      48
      48
      58
      40
      47
      49
      33
      43
      43
      42
      56
      38
      52
      39
      35
      41
      38
      36
      45
      37
      45
      40
      34
      38
      43
      38
      46
      32
      38
      46
      45
      34
      41
      32
      35
      48
      28
      39
      32
      23
      30
      31
      38
      30
      29
      37
      31
      33
      27
      27
      39
      31
      38
      32
      31
      37
      24
      36
      30
      27
      31
      27
      22
      41
      29
      28
      20
      22
      33
      27
      35
      28
      35
      22
      25
      18
      30
      24
      25
      28
      23
      25
      28
      29
      25
      27
      29
      22
      31
      20
      32
      32
      18
      24
      19
      24
      29
      25
      33
      25
      21
      27
      24
      23
      29
      25
      26
      29
      36
      21
      19
      20
      26
      23
      25
      26
      28
      26
      19
      34
      26
      25
      24
      24
      19
      24
      26
      30
      16
      33
      44
      27
      26
      30
      31
      29
      31
      25
      24
      32
      27
      22
      22
      21
      29
      29
      35
      32
      35
      44
      34
      31
      31
      29
      37
      48
      37
      39
      37
      44
      51
      35
      36
      40
      49
      37
      48
      47
      47
      61
      50
      60
      50
      62
      60
      72
      60
      81
      77
      67
      68
      93
      74
      85
      92
      99
      94
      95
      93
      96
     113
     120
     121
     112
     101
     128
     135
     124
     133
     122
     144
     151
     121
     143
     154
     140
     137
     147
     154
     178
     129
     158
     154
     163
     171
     155
     134
     160
     173
     177
     154
     154
     189
     170
     146
     160
     161
     158
     159
     158
     147
     165
     183
     153
     172
     155
     166
     151
     150
     127
     144
     143
     135
     127
     122
     132
     128
     126
     117
     130
     114
     116
     116
     108
      96
     105
     101
     100
      81
      82
      89
     100
      89
      88
      75
      87
      73
      66
      70
      72
      69
      59
      56
      57
      41
      47
      45
      50
      37
      48
      36
      35
      32
      40
      33
      26
      19
      32
      22
      25
      22
      14
      24
      23
      24
      17
      17
      26
      12
       9
      16
      17
      14
      13
       9
       6
       5
      15
       6
       7
       3
       9
      12
       7
       5
       6
       4
       7
       8
       4
       3
      10
       4
       5
       2
       1
       4
       1
       4
       8
       3
       6
       0
       5
       3
       2
       5
       3
       4
       3
       3
       3
       4
       6
       2
       6
       5
       3
       2
       4
       3
       2
       4
       5
       3
       3
       4
       4
       3
       6
       3
       4
       3
       6
       4
       4
       3
       2
       2
       3
       4
       7
       4
       7
       4
       3
       3
       3
       2
       7
       3
       2
       3
       0
       2
       4
       7
       4
       3
       3
       3
       3
       5
       3
       6
       3
       6
       3
       1
       5
       2
       6
       7
       4
       3
       6
       2
       2
       5
       9
       2
       4
       4
       3
       4
       3
       4
       5
       1
       3
       1
       3
       3
       3
       3
       4
       6
       4
       4
       3
       4
       4
       1
       2
       2
       2
       3
       3
       5
       1
       2
       3
       4
       2
       1
       2
       1
       2
       2
       6
       5
       2
       5
       5
       2
       3
       3
       3
       2
       4
       0
       3
       2
       3
       4
       2
       7
       3
       2
       4
       1
       2
       1
       2
       2
       5
       0
       4
       4
       5
       2
       2
       4
       1
       3
       1
       6
       3
       2
       0
       2
       3
       5
       2
       2
       5
       3
       1
       2
       4
       1
       3
       3
       3
       3
       1
       4
       0
       1
       5
       6
       4
       2
       5
      16
      18
      14
       9
      13
      10
      13
      11
      21
      10
       8
      13
       9
      13
      10
      10
       7
      16
       8
       6
       9
       4
       8
$ROI:
0
$PRESETS:
Real Time
300
0
$ENER_FIT:
0.000000 0.000000
$MCA_CAL:
3
0.000000E+000 0.000000E+000 0.000000E+000 
$SHAPE_CAL:
3
0.000000E+000 0.000000E+000 0.000000E+000
