$SPEC_ID:
No sample description was entered.
$SPEC_REM:
DET# 1
DETDESC# MCB 337
AP# Maestro Version 6.06
$DATE_MEA:
07/23/2020 18:18:55
$MEAS_TIM:
297 300
$DATA:
0 1023
       0
       0
       0
       0
       0
       0
       0
       0
       0
       0
       0
       0
       0
       0
       0
       0
       0
       0
       0
       0
       0
       3
     127
     147
     137
      99
      78
      76
      57
      69
      60
      53
      50
      46
      65
      54
      49
      41
      54
      42
      56
      57
      51
      66
      52
      67
      53
      60
      67
      63
      47
      70
      64
      61
      67
      57
      56
      67
      56
      57
      58
      47
      58
      52
      61
      77
      68
      71
      78
      60
      60
      77
      61
      72
      78
     110
      91
      85
      85
      73
      94
     114
     105
     102
     114
     140
     143
     149
     154
     147
     163
     195
     160
     194
     153
     153
     170
     158
     166
     136
     129
     126
     140
     134
     132
     124
     136
     134
     134
     120
     110
     133
     104
     138
     128
     130
      93
     124
     135
     127
     100
     119
     120
     109
     100
     122
     103
     124
     127
     135
     134
     114
     122
     119
     126
     139
     134
     123
     141
     113
     142
     119
     126
     141
     119
     133
     130
     125
     139
     143
     121
     139
     132
     129
     134
     111
     135
     141
     128
     127
     130
     133
     132
     116
     133
     120
     120
     144
     148
     145
     140
     111
     113
     129
     140
     124
     128
     121
     149
     131
     129
     117
     124
     119
     118
     114
     126
      97
     122
     120
     107
     133
     123
      96
     124
     117
     121
     113
     132
     125
     121
     121
     110
     102
     114
     134
     126
     120
     112
     118
     134
     118
     130
     112
     135
     127
     127
     119
     107
     109
     124
     122
     134
     114
     124
     118
     122
     117
     125
     114
     114
      99
     120
     108
     110
     112
     120
     108
     113
     110
     111
     119
     120
     127
     101
     116
     100
     121
     107
     116
     108
     116
     117
      96
     119
      95
     106
     100
      99
      94
     129
     104
     102
      75
     112
     102
      98
      99
     117
      87
      93
     122
     108
     121
      93
      94
      98
     120
     123
     104
     101
      96
     110
     103
     107
     103
     102
     107
     110
      89
      95
     104
      95
      86
      90
      95
     102
      82
      83
      75
      83
      98
      86
      81
      90
      87
      77
      92
      83
      89
      76
      93
      92
      87
      78
      71
      80
      85
      60
      71
      69
      77
     101
      68
      78
      82
      80
      78
      90
      64
      64
      70
      67
      69
      75
      73
      75
      66
      67
      69
      70
      67
      57
      67
      65
      87
      70
      82
      66
      75
      66
      59
      68
      75
      66
      58
      61
      61
      88
      71
      78
      71
      67
      68
      65
      59
      56
      62
      67
      77
      69
      60
      66
      77
      54
      40
      53
      45
      70
      68
      68
      56
      50
      70
      83
      63
      65
      47
      60
      59
      69
      64
      72
      57
      67
      46
      61
      63
      76
      49
      58
      42
      57
      48
      39
      49
      50
      58
      50
      63
      47
      56
      50
      49
      47
      66
      56
      68
      61
      57
      46
      67
      51
      59
      45
      46
      63
      46
      50
      41
      37
      49
      47
      42
      45
      43
      48
      57
      45
      53
      51
      50
      66
      48
      44
      50
      42
      53
      34
      34
      38
      35
      44
      40
      44
      30
      37
      43
      43
      50
      33
      50
      31
      32
      35
      32
      40
      42
      38
      42
      34
      31
      27
      37
      32
      25
      40
      31
      38
      37
      21
      34
      33
      33
      32
      35
      38
      37
      33
      34
      24
      38
      30
      31
      25
      35
      29
      32
      17
      25
      33
      36
      27
      26
      41
      28
      30
      25
      26
      32
      15
      32
      31
      34
      19
      20
      24
      25
      23
      19
      33
      30
      30
      27
      19
      22
      28
      29
      19
      24
      30
      30
      19
      22
      32
      14
      27
      21
      17
      20
      24
      23
      15
      25
      22
      27
      21
      26
      24
      21
      28
      19
      26
      13
      13
      30
      18
      13
      21
      19
      23
      15
      25
      22
      22
      22
      31
      27
      18
      22
      20
      29
      26
      30
      31
      25
      37
      25
      24
      28
      25
      27
      30
      29
      29
      30
      43
      32
      30
      35
      32
      28
      37
      39
      36
      42
      39
      34
      35
      37
      40
      44
      45
      49
      43
      57
      46
      60
      51
      63
      54
      57
      63
      58
      73
      71
      83
      57
      74
      80
      82
      79
      81
      84
      80
      83
      75
     107
     105
      86
      99
      97
      91
      75
     110
     119
     112
      97
      94
     112
     100
      97
      92
      94
      92
     134
      97
      98
      99
      95
     105
     138
      88
     103
      99
      94
     110
     101
     100
      92
      89
      93
      94
     102
     104
      98
     106
      94
      89
      89
      77
      70
      92
      91
      89
      94
      84
      64
      67
      77
      90
      79
      71
      94
      76
      74
      74
      63
      80
      65
      86
      61
      60
      70
      74
      60
      65
      67
      62
      59
      58
      57
      58
      49
      55
      49
      60
      42
      52
      68
      54
      37
      54
      45
      35
      50
      41
      44
      34
      48
      41
      46
      33
      46
      39
      38
      31
      35
      34
      40
      31
      33
      30
      41
      32
      25
      35
      27
      28
      26
      19
      22
      25
      23
      21
      20
      22
      21
      17
      22
      23
      28
      12
      19
      17
      15
      21
      20
      25
      19
      11
      14
      17
      18
      11
      10
       9
       9
      14
      10
      12
       8
      11
       8
      15
      13
       6
      13
      11
       2
       6
       9
       5
       9
       3
       8
       4
      10
       5
       8
       5
       6
       6
       4
       6
       6
       7
       4
       3
       4
       1
       5
       2
       1
       5
       7
       4
       1
       5
       4
       2
       4
       3
       0
       3
       3
       5
       5
       3
       5
       0
       5
       2
       3
       3
       8
       4
       7
       2
       4
       8
       7
       5
       7
       6
       5
       5
       4
       3
       2
       1
       5
       7
       5
       3
       6
       4
       2
       2
       6
       2
       5
       9
       0
       2
       3
       3
       0
       4
       7
       3
       2
       3
       5
       3
       4
       5
       1
       2
       5
       1
       3
       5
       1
       8
       4
       5
       1
       3
       4
       4
       2
       4
       5
       1
       1
       6
       1
       4
       1
       3
       3
       3
       5
       3
       6
       2
       4
       5
       5
       2
       4
       1
       6
       3
       3
       1
       3
       0
       1
       3
       5
       4
       0
       2
       4
       4
       3
       4
       3
       3
       7
       3
       1
       5
       4
       1
       6
       5
       2
       4
       2
       3
       5
       2
       5
       8
       2
       4
       3
       5
       3
       5
       2
       2
       7
       2
       3
       4
       3
       2
       1
       1
       1
       5
       3
       3
       5
       2
       3
       1
       4
       4
       0
       2
       2
       3
       3
       6
       8
       2
       1
       4
       7
       3
       3
       3
       3
       3
       1
       3
       6
       0
       3
       3
       3
       2
       0
       4
       3
       1
       1
       3
       2
       3
       0
       2
       7
       8
       0
       7
      14
      23
      15
      13
      14
      11
      17
       8
      12
      16
      14
      15
      13
       9
       7
      10
       6
      10
      12
      16
      10
      11
      11
$ROI:
0
$PRESETS:
Real Time
300
0
$ENER_FIT:
0.000000 0.000000
$MCA_CAL:
3
0.000000E+000 0.000000E+000 0.000000E+000 
$SHAPE_CAL:
3
0.000000E+000 0.000000E+000 0.000000E+000
