0.709842	1.136634	-5.963072	17.960000
0.708906	1.121267	-5.962996	18.060000
0.708755	1.097846	-5.940718	18.160000
0.708730	1.107866	-5.927231	18.260000
0.708846	1.128096	-5.933666	18.360000
0.708906	1.139427	-5.933444	18.460000
0.708796	1.141108	-5.930372	18.560000
0.708826	1.142657	-5.942186	18.660000
0.708782	1.144173	-5.959861	18.760000
0.708837	1.140254	-5.959950	18.860000
0.708807	1.140002	-5.940162	18.960000
0.708790	1.140801	-5.921984	19.060000
0.708764	1.145871	-5.913263	19.161000
0.708809	1.144434	-5.926017	19.260000
0.708863	1.140213	-5.951416	19.360000
0.708713	1.137211	-5.945701	19.460000
0.708604	1.136181	-5.922008	19.560000
0.708643	1.141777	-5.911784	19.660000
0.708791	1.147736	-5.936989	19.760000
0.708897	1.146453	-5.965854	19.860000
0.708825	1.147072	-5.970592	19.960000
0.708845	1.148903	-5.965889	20.060000
0.708991	1.151126	-5.946972	20.160000
0.709071	1.143032	-5.936586	20.260000
0.713062	1.138368	-5.942728	20.360000
0.719160	1.136581	-5.949970	20.460000
0.725750	1.142102	-5.952425	20.561000
0.733393	1.149372	-5.950965	20.660000
0.740864	1.152333	-5.957970	20.760000
0.749182	1.149036	-5.949539	20.860000
0.757837	1.147065	-5.930678	20.960000
0.766647	1.148073	-5.938295	21.060000
0.775094	1.147468	-5.957051	21.160000
0.784448	1.147444	-5.952326	21.260000
0.793640	1.142914	-5.952192	21.360000
0.803024	1.141242	-5.952466	21.460000
0.812554	1.140348	-5.960841	21.560000
0.822260	1.142615	-5.961199	21.660000
0.831826	1.151326	-5.953164	21.760000
0.841482	1.157400	-5.950355	21.860000
0.851687	1.151794	-5.951612	21.960000
0.862093	1.148177	-5.955439	22.060000
0.871761	1.147697	-5.970061	22.160000
0.881755	1.149296	-5.967409	22.260000
0.891672	1.156037	-5.947982	22.360000
0.901784	1.154022	-5.946445	22.460000
0.911995	1.155826	-5.950467	22.560000
0.922307	1.152417	-5.968990	22.660000
0.932688	1.147786	-5.986301	22.760000
0.942441	1.151189	-5.991843	22.860000
0.952615	1.160215	-5.986913	22.960000
0.963002	1.162394	-5.979171	23.060000
0.973644	1.158616	-5.983373	23.160000
0.984067	1.161033	-5.998115	23.260000
0.994711	1.165106	-6.006677	23.360000
1.004585	1.169626	-5.999261	23.460000
1.014920	1.171849	-5.991860	23.560000
1.025507	1.171069	-5.989905	23.660000
1.035828	1.169315	-5.993530	23.760000
1.046275	1.172000	-5.989349	23.861000
1.056608	1.175643	-5.973169	23.960000
1.066956	1.178480	-5.960206	24.060000
1.077498	1.177778	-5.959460	24.160000
1.087714	1.170140	-5.963895	24.260000
1.098357	1.166895	-5.970843	24.360000
1.108399	1.169429	-5.975220	24.460000
1.119181	1.171918	-5.953122	24.560000
1.129702	1.172314	-5.922531	24.660000
1.140107	1.173553	-5.923135	24.760000
1.150978	1.171351	-5.931662	24.860000
1.161949	1.180875	-5.930034	24.960000
1.172394	1.189591	-5.940418	25.060000
1.183034	1.182340	-5.966688	25.161000
1.193653	1.176514	-5.974813	25.260000
1.204409	1.174814	-5.973080	25.360000
1.215123	1.178856	-5.957372	25.460000
1.225999	1.176407	-5.952952	25.560000
1.236755	1.169759	-5.957064	25.661000
1.247211	1.163005	-5.953904	25.760000
1.258056	1.168246	-5.959759	25.860000
1.268870	1.178024	-5.958765	25.960000
1.279905	1.186410	-5.947103	26.060000
1.290829	1.185713	-5.948616	26.160000
1.301017	1.175881	-5.955301	26.260000
1.312142	1.170949	-5.963848	26.360000
1.323051	1.178719	-5.979464	26.461000
1.333675	1.180571	-5.981005	26.560000
1.344771	1.180447	-5.982636	26.660000
1.355681	1.176828	-5.985971	26.760000
1.366578	1.178451	-5.986470	26.860000
1.377504	1.187919	-5.993948	26.960000
1.388413	1.191699	-5.987524	27.060000
1.399162	1.188590	-5.971322	27.160000
1.410139	1.182527	-5.961270	27.260000
1.421148	1.180617	-5.975828	27.360000
1.431733	1.182003	-5.977105	27.460000
1.443040	1.176729	-5.981356	27.560000
1.453507	1.173931	-5.971032	27.660000
1.465205	1.180657	-5.959845	27.760000
1.475393	1.197818	-5.952033	27.860000
1.487023	1.196227	-5.954915	27.960000
1.497630	1.193096	-5.973421	28.060000
1.507920	1.189753	-5.996176	28.160000
1.519498	1.189767	-6.000469	28.260000
1.530041	1.191303	-5.994910	28.360000
1.540936	1.195539	-5.984619	28.460000
1.551825	1.192734	-5.969853	28.560000
1.562881	1.185653	-5.976228	28.660000
1.573834	1.186061	-5.962529	28.760000
1.584914	1.190981	-5.951818	28.860000
1.595568	1.190861	-5.940737	28.960000
1.606566	1.192154	-5.940355	29.060000
1.617476	1.196468	-5.953142	29.160000
1.628576	1.200191	-5.967697	29.260000
1.639185	1.195409	-5.969341	29.360000
1.651223	1.191118	-5.964544	29.460000
1.662517	1.196382	-5.960073	29.560000
1.673172	1.205819	-5.967882	29.660000
1.683330	1.206231	-5.976818	29.761000
1.695029	1.209787	-5.978631	29.860000
1.705596	1.209593	-5.983028	29.960000
1.717102	1.209301	-5.987754	30.060000
1.728264	1.211596	-5.979771	30.160000
1.738924	1.212608	-5.967720	30.260000
1.750150	1.208252	-5.970708	30.360000
1.761142	1.203745	-5.980754	30.460000
1.772646	1.207645	-5.993655	30.560000
1.784075	1.209273	-5.986658	30.660000
1.795256	1.210294	-5.988326	30.760000
1.806115	1.209871	-5.996912	30.860000
1.817318	1.209743	-5.995674	30.960000
1.828270	1.215408	-5.978781	31.060000
1.839334	1.212803	-5.968231	31.161000
1.851050	1.209358	-5.962266	31.260000
1.861832	1.208987	-5.968543	31.360000
1.872527	1.212409	-5.968767	31.460000
1.883990	1.219234	-5.961318	31.560000
1.894959	1.218495	-5.976178	31.660000
1.906068	1.206884	-6.000263	31.760000
1.917823	1.201496	-6.006954	31.861000
1.928461	1.207070	-5.989873	31.961000
1.939255	1.213858	-5.968228	32.060000
1.950805	1.211267	-5.960562	32.160000
1.961970	1.213568	-5.961087	32.260000
1.973277	1.219184	-5.967254	32.360000
1.984541	1.216485	-5.969979	32.460000
1.995473	1.214366	-5.972391	32.560000
2.006782	1.215085	-5.977524	32.660000
2.017909	1.217009	-5.967015	32.760000
2.029035	1.215568	-5.975525	32.860000
2.040293	1.208861	-5.969255	32.960000
2.051451	1.209291	-5.946897	33.060000
2.062027	1.213774	-5.948221	33.160000
2.073527	1.214523	-5.966805	33.260000
2.084649	1.219675	-5.988920	33.360000
2.095659	1.224461	-6.002592	33.460000
2.106907	1.227918	-6.011238	33.561000
2.117920	1.225040	-5.999784	33.660000
2.128887	1.218892	-5.982222	33.760000
2.140223	1.215393	-5.978666	33.860000
2.151567	1.214876	-5.976242	33.960000
2.162815	1.213588	-5.970255	34.061000
2.174024	1.211138	-5.948425	34.160000
2.185066	1.211295	-5.954839	34.260000
2.196267	1.218129	-5.975671	34.360000
2.207407	1.221560	-5.988410	34.460000
2.218808	1.220803	-5.997561	34.560000
2.230335	1.219267	-6.002418	34.660000
2.241525	1.229451	-5.985099	34.760000
2.252914	1.230469	-5.969109	34.861000
2.263908	1.217155	-5.947171	34.960000
2.275025	1.214101	-5.937933	35.060000
2.286533	1.218325	-5.932239	35.160000
2.297722	1.222394	-5.933140	35.260000
2.309335	1.215991	-5.936523	35.360000
2.320519	1.214030	-5.931116	35.460000
2.331479	1.224850	-5.929800	35.560000
2.342800	1.234148	-5.945691	35.661000
2.354318	1.233830	-5.944658	35.760000
2.365523	1.236263	-5.934374	35.860000
2.376955	1.230771	-5.953433	35.960000
2.388443	1.228017	-5.971732	36.061000
2.399374	1.226925	-5.969768	36.160000
2.410824	1.227160	-5.976237	36.261000
2.422494	1.226312	-5.969807	36.360000
2.433710	1.227142	-5.965844	36.460000
2.444731	1.225971	-5.955332	36.560000
2.456058	1.223017	-5.946638	36.660000
2.467324	1.216467	-5.946531	36.760000
2.478643	1.210739	-5.941626	36.861000
2.490642	1.213313	-5.944739	36.960000
2.501771	1.221155	-5.960008	37.060000
2.512527	1.224254	-5.961358	37.160000
2.523335	1.221800	-5.959266	37.260000
2.535107	1.220149	-5.969700	37.360000
2.546526	1.224834	-5.969029	37.461000
2.557635	1.224491	-5.947587	37.560000
2.569556	1.221614	-5.932176	37.660000
2.580351	1.222079	-5.952420	37.760000
2.592001	1.220200	-5.952485	37.860000
2.603094	1.222965	-5.925534	37.960000
2.614357	1.231896	-5.926432	38.060000
2.625554	1.230711	-5.937906	38.160000
2.637086	1.228829	-5.941955	38.260000
2.647926	1.226370	-5.949941	38.360000
2.659385	1.224198	-5.953791	38.460000
2.670441	1.221944	-5.958747	38.560000
2.682353	1.221897	-5.955144	38.661000
2.694032	1.228302	-5.959165	38.765000
2.705406	1.235602	-5.971762	38.860000
2.716231	1.234680	-5.991727	38.960000
2.727653	1.237122	-5.982941	39.060000
2.738680	1.236761	-5.958571	39.160000
2.750323	1.231737	-5.959730	39.260000
2.761628	1.229511	-5.969096	39.360000
2.773206	1.234907	-5.969126	39.460000
2.784406	1.234035	-5.966347	39.560000
2.795441	1.229566	-5.982435	39.660000
2.806802	1.227252	-5.975516	39.760000
2.818020	1.233089	-5.950595	39.860000
2.829236	1.234755	-5.949839	39.960000
2.840384	1.234819	-5.945858	40.061000
2.851721	1.246458	-5.931869	40.160000
2.862835	1.242948	-5.930425	40.260000
2.874334	1.230995	-5.938001	40.360000
2.885370	1.232077	-5.940655	40.460000
2.896981	1.234596	-5.939073	40.560000
2.908517	1.228697	-5.960940	40.660000
2.919286	1.223558	-5.969459	40.760000
2.930438	1.219476	-5.980696	40.861000
2.942434	1.225627	-5.982807	40.960000
2.952819	1.223483	-5.989642	41.061000
2.963983	1.234627	-5.996582	41.161000
2.975667	1.237310	-5.987587	41.260000
2.986073	1.236737	-5.991900	41.360000
2.998360	1.231570	-5.988792	41.460000
3.009301	1.230463	-5.972450	41.560000
3.020876	1.231686	-5.955294	41.661000
3.032416	1.229659	-5.950747	41.760000
3.042710	1.230627	-5.965401	41.860000
3.054353	1.225714	-5.975415	41.960000
3.066587	1.226840	-5.971833	42.060000
3.076922	1.236781	-5.950100	42.161000
3.087471	1.240645	-5.927110	42.260000
3.099158	1.237865	-5.943517	42.360000
3.110886	1.235168	-5.958216	42.461000
3.122046	1.238962	-5.956674	42.560000
3.132830	1.245775	-5.966308	42.661000
3.143991	1.246281	-5.982140	42.760000
3.155228	1.244623	-5.987148	42.860000
3.166156	1.238657	-5.976288	42.960000
3.177371	1.233134	-5.965128	43.060000
3.188607	1.234452	-5.955865	43.160000
3.199819	1.237053	-5.946704	43.260000
3.211756	1.236067	-5.951118	43.360000
3.222949	1.235022	-5.942407	43.460000
3.234074	1.240603	-5.935589	43.560000
3.245390	1.245301	-5.950291	43.660000
3.256769	1.233374	-5.947201	43.760000
3.268288	1.226391	-5.950155	43.860000
3.279124	1.228659	-5.964281	43.960000
3.290219	1.219747	-5.975508	44.060000
3.301492	1.215759	-5.986676	44.160000
3.313065	1.229822	-5.970116	44.260000
3.325150	1.241034	-5.950999	44.360000
3.336528	1.236274	-5.946839	44.460000
3.347834	1.233373	-5.937519	44.560000
3.358347	1.231001	-5.948048	44.660000
3.369100	1.226506	-5.949638	44.761000
3.381410	1.227024	-5.948881	44.860000
3.392490	1.232477	-5.951161	44.960000
3.403866	1.238260	-5.946501	45.060000
3.415332	1.243739	-5.947440	45.160000
3.425993	1.250316	-5.954887	45.260000
3.437924	1.253189	-5.951499	45.360000
3.448639	1.249448	-5.954354	45.460000
3.460633	1.248800	-5.950851	45.560000
3.471142	1.255491	-5.949120	45.660000
3.482522	1.250532	-5.953958	45.760000
3.494118	1.244821	-5.962323	45.860000
3.505130	1.241536	-5.948968	45.960000
3.516644	1.238827	-5.935232	46.060000
3.528262	1.234871	-5.947446	46.160000
3.539696	1.232062	-5.950190	46.261000
3.550890	1.234184	-5.947118	46.361000
3.561946	1.236440	-5.944518	46.460000
3.573163	1.238679	-5.925118	46.560000
3.584237	1.236857	-5.926881	46.660000
3.595431	1.240942	-5.947644	46.760000
3.606829	1.245411	-5.960657	46.861000
3.617983	1.243770	-5.955523	46.960000
3.629046	1.237139	-5.955860	47.060000
3.640049	1.237278	-5.948154	47.160000
3.651283	1.240513	-5.942800	47.260000
3.662507	1.241461	-5.945596	47.360000
3.673876	1.241196	-5.947690	47.461000
3.685075	1.244355	-5.953912	47.561000
3.696354	1.247382	-5.967532	47.660000
3.707818	1.245515	-5.971070	47.760000
3.719553	1.238714	-5.958590	47.861000
3.730844	1.233528	-5.945363	47.960000
3.742253	1.229526	-5.942623	48.061000
3.753316	1.226478	-5.934103	48.160000
3.764865	1.225262	-5.920057	48.260000
3.776462	1.235355	-5.930033	48.360000
3.787561	1.249633	-5.922565	48.460000
3.798980	1.258792	-5.918970	48.560000
3.810480	1.254345	-5.935835	48.660000
3.821736	1.254491	-5.959131	48.760000
3.833183	1.252204	-5.964215	48.860000
3.845205	1.250895	-5.951239	48.960000
3.856870	1.251144	-5.939930	49.060000
3.868108	1.238651	-5.936034	49.160000
3.879693	1.228999	-5.936698	49.260000
3.891051	1.231626	-5.946306	49.360000
3.902942	1.238594	-5.937161	49.460000
3.914743	1.241874	-5.926472	49.560000
3.926300	1.236449	-5.930590	49.660000
3.937872	1.238087	-5.918436	49.760000
3.949277	1.248217	-5.921089	49.860000
3.960566	1.254198	-5.941822	49.960000
3.972461	1.251588	-5.953476	50.060000
3.984159	1.255503	-5.953078	50.160000
3.995674	1.253308	-5.938759	50.260000
4.007297	1.244322	-5.926135	50.360000
4.018729	1.238771	-5.931753	50.460000
4.030193	1.241532	-5.922864	50.560000
4.042329	1.244044	-5.913728	50.660000
4.053918	1.243069	-5.927002	50.760000
4.065394	1.251334	-5.944263	50.860000
4.076958	1.256656	-5.948028	50.960000
4.088261	1.255136	-5.955000	51.060000
4.099872	1.258513	-5.964771	51.160000
4.111555	1.257015	-5.955189	51.260000
4.122800	1.252995	-5.945591	51.360000
4.134313	1.248609	-5.929794	51.460000
4.145507	1.246728	-5.919365	51.560000
4.157074	1.241794	-5.941328	51.660000
4.168711	1.245908	-5.946120	51.760000
4.180089	1.250302	-5.934634	51.860000
4.191769	1.246154	-5.946744	51.960000
4.203232	1.237795	-5.945210	52.060000
4.214860	1.230059	-5.943145	52.160000
4.226418	1.236933	-5.938873	52.260000
4.238526	1.238642	-5.933340	52.360000
4.250079	1.239984	-5.934691	52.461000
4.261877	1.247873	-5.951826	52.560000
4.273208	1.250468	-5.951518	52.660000
4.285053	1.240801	-5.950356	52.760000
4.296323	1.241827	-5.945984	52.861000
4.308762	1.243429	-5.936423	52.960000
4.320172	1.246660	-5.926890	53.060000
4.331418	1.253191	-5.931893	53.160000
4.342815	1.251659	-5.938863	53.260000
4.354659	1.250929	-5.947360	53.360000
4.366530	1.250768	-5.940043	53.461000
4.378330	1.245984	-5.953560	53.560000
4.389466	1.242758	-5.960842	53.660000
4.401232	1.244757	-5.942866	53.760000
4.413038	1.251373	-5.939118	53.860000
4.424559	1.256102	-5.962077	53.960000
4.436366	1.259709	-5.971027	54.060000
4.447611	1.258607	-5.963950	54.160000
4.459449	1.255330	-5.964643	54.261000
4.471146	1.253746	-5.963826	54.360000
4.482813	1.251271	-5.968591	54.460000
4.494415	1.241835	-5.964456	54.560000
4.505705	1.239282	-5.970832	54.660000
4.517635	1.241015	-5.977420	54.760000
4.529177	1.239151	-5.955969	54.860000
4.540806	1.238652	-5.941265	54.960000
4.552224	1.237779	-5.931589	55.060000
4.564078	1.239419	-5.935883	55.160000
4.575840	1.246451	-5.947912	55.260000
4.587158	1.239028	-5.936222	55.360000
4.599385	1.232622	-5.923746	55.460000
4.610686	1.233107	-5.928426	55.560000
4.622024	1.234730	-5.938063	55.660000
4.633409	1.241809	-5.949131	55.760000
4.644750	1.249257	-5.941418	55.860000
4.656096	1.251746	-5.937643	55.960000
4.667467	1.252015	-5.942486	56.060000
4.679013	1.250786	-5.925609	56.160000
4.690160	1.251563	-5.923081	56.260000
4.702058	1.254384	-5.941636	56.360000
4.713518	1.253377	-5.952152	56.460000
4.725034	1.249395	-5.958768	56.560000
4.736621	1.245176	-5.949325	56.660000
4.748003	1.239586	-5.938120	56.760000
4.759507	1.245609	-5.918826	56.860000
4.771684	1.248961	-5.915220	56.960000
4.783060	1.255920	-5.935102	57.060000
4.794724	1.257891	-5.957640	57.160000
4.806298	1.255901	-5.958338	57.260000
4.817414	1.253320	-5.948903	57.360000
4.829012	1.249179	-5.938280	57.460000
4.840428	1.242922	-5.938206	57.560000
4.851956	1.245022	-5.938695	57.661000
4.863456	1.247375	-5.937887	57.761000
4.874820	1.244991	-5.925742	57.860000
4.886114	1.244472	-5.920506	57.960000
4.898067	1.244622	-5.934732	58.060000
4.909696	1.248231	-5.946772	58.160000
4.921240	1.244076	-5.929230	58.260000
4.933040	1.244154	-5.927750	58.360000
4.944348	1.248967	-5.930565	58.460000
4.955908	1.248140	-5.931112	58.560000
4.967767	1.249412	-5.920147	58.660000
4.979268	1.249267	-5.922884	58.760000
4.990902	1.251657	-5.930297	58.860000
5.002509	1.249047	-5.936800	58.960000
5.013925	1.248324	-5.920576	59.060000
5.025330	1.254447	-5.905102	59.161000
5.037373	1.254411	-5.909822	59.260000
5.048930	1.254133	-5.924927	59.360000
5.060570	1.256897	-5.920412	59.460000
5.071961	1.250646	-5.929471	59.560000
5.083203	1.242148	-5.920021	59.660000
5.094856	1.238291	-5.912808	59.760000
5.106951	1.238155	-5.928352	59.860000
5.118501	1.235297	-5.922514	59.961000
5.130290	1.236178	-5.915863	60.060000
5.141474	1.241530	-5.911929	60.160000
5.152959	1.237178	-5.934061	60.260000
5.164705	1.234777	-5.950951	60.360000
5.175774	1.239366	-5.922922	60.460000
5.187060	1.250962	-5.930020	60.560000
5.198894	1.255689	-5.932646	60.660000
5.210069	1.247520	-5.923040	60.760000
5.221627	1.239162	-5.913638	60.860000
5.233216	1.240339	-5.903365	60.960000
5.244388	1.251684	-5.916551	61.060000
5.256066	1.248242	-5.932367	61.160000
5.267656	1.241323	-5.944462	61.265000
5.279144	1.242698	-5.952350	61.360000
5.290449	1.248012	-5.966062	61.460000
5.302422	1.253571	-5.962873	61.560000
5.313769	1.257714	-5.950677	61.660000
5.325480	1.256830	-5.943171	61.760000
5.336909	1.254444	-5.935568	61.860000
5.348185	1.253388	-5.929945	61.960000
5.359975	1.250016	-5.921128	62.060000
5.371476	1.244135	-5.931487	62.160000
5.382808	1.245848	-5.950189	62.260000
5.394809	1.247451	-5.965530	62.360000
5.405858	1.248834	-5.977077	62.460000
5.417372	1.237323	-5.975243	62.560000
5.429328	1.233267	-5.965201	62.660000
5.440716	1.241690	-5.955237	62.761000
5.452447	1.250556	-5.948204	62.860000
5.463881	1.255144	-5.942057	62.960000
5.475083	1.248220	-5.945197	63.060000
5.486683	1.238015	-5.946777	63.160000
5.498233	1.231942	-5.933150	63.260000
5.509424	1.231937	-5.952527	63.360000
5.521317	1.239568	-5.952610	63.460000
5.532995	1.248092	-5.947574	63.560000
5.543888	1.253736	-5.935305	63.660000
5.555649	1.253174	-5.929143	63.760000
5.567209	1.251828	-5.935750	63.860000
5.578532	1.250018	-5.930071	63.960000
5.590353	1.250208	-5.924081	64.060000
5.601659	1.250099	-5.911184	64.160000
5.613079	1.247348	-5.900865	64.260000
5.624810	1.249446	-5.905738	64.360000
5.636384	1.252723	-5.921025	64.460000
5.647809	1.248596	-5.920915	64.560000
5.659277	1.251228	-5.911039	64.660000
5.668009	1.258112	-5.920334	64.760000
5.668598	1.260663	-5.918578	64.860000
5.666112	1.256161	-5.932779	64.960000
5.662525	1.255588	-5.939871	65.060000
5.657937	1.256187	-5.944365	65.160000
5.652469	1.250935	-5.938162	65.260000
5.646876	1.243382	-5.938264	65.361000
5.640942	1.235438	-5.945242	65.460000
5.634618	1.234532	-5.947534	65.560000
5.628048	1.237383	-5.944104	65.660000
5.621201	1.243958	-5.925952	65.760000
5.613796	1.242557	-5.927019	65.860000
5.606634	1.243615	-5.922473	65.960000
5.599227	1.246721	-5.928392	66.060000
5.591555	1.250544	-5.942005	66.160000
5.583869	1.247196	-5.940237	66.260000
5.575444	1.249586	-5.935841	66.360000
5.567777	1.245363	-5.929042	66.460000
5.559940	1.248906	-5.920721	66.560000
5.551491	1.252326	-5.924141	66.660000
5.542970	1.247405	-5.953930	66.761000
5.534489	1.247068	-5.975362	66.860000
5.525743	1.255362	-5.966028	66.960000
5.517800	1.249132	-5.942123	67.060000
5.509328	1.238878	-5.923313	67.160000
5.499716	1.237089	-5.939747	67.260000
5.491858	1.239500	-5.941784	67.360000
5.482844	1.245102	-5.925613	67.460000
5.473263	1.249218	-5.911917	67.560000
5.464517	1.253079	-5.915508	67.660000
5.456046	1.258696	-5.909703	67.761000
5.446722	1.253949	-5.896056	67.860000
5.437794	1.255363	-5.913816	67.960000
5.428559	1.254535	-5.931127	68.060000
5.419488	1.251990	-5.931209	68.160000
5.410322	1.249751	-5.932373	68.260000
5.401052	1.255857	-5.932612	68.360000
5.391856	1.263076	-5.929689	68.460000
5.382874	1.267179	-5.920769	68.560000
5.373353	1.268009	-5.912002	68.660000
5.363905	1.256307	-5.925541	68.760000
5.354746	1.243694	-5.935738	68.860000
5.345750	1.239222	-5.939664	68.960000
5.335748	1.239290	-5.939360	69.060000
5.326911	1.239157	-5.933711	69.160000
5.317372	1.243369	-5.928370	69.260000
5.307688	1.249882	-5.935482	69.360000
5.298883	1.259233	-5.942987	69.460000
5.289025	1.268905	-5.943846	69.560000
5.279587	1.266014	-5.945083	69.660000
5.269884	1.256552	-5.930298	69.761000
5.259821	1.255877	-5.912181	69.860000
5.250183	1.254377	-5.903745	69.960000
5.240643	1.255602	-5.910876	70.060000
5.230921	1.251731	-5.915103	70.161000
5.221253	1.254629	-5.918152	70.260000
5.211569	1.255354	-5.915589	70.360000
5.201874	1.255876	-5.912215	70.460000
5.191913	1.249096	-5.899094	70.560000
5.182105	1.241979	-5.883380	70.660000
5.172396	1.238227	-5.871094	70.760000
5.162632	1.233276	-5.869162	70.860000
5.152363	1.237383	-5.879116	70.960000
5.142207	1.245530	-5.892998	71.060000
5.132600	1.258684	-5.904621	71.160000
5.122655	1.257405	-5.911784	71.260000
5.112937	1.247467	-5.915355	71.360000
5.102696	1.245396	-5.908170	71.460000
5.092504	1.250251	-5.907468	71.560000
5.082658	1.250357	-5.902155	71.660000
5.072715	1.255526	-5.924224	71.760000
5.062728	1.252993	-5.951805	71.860000
5.052824	1.250408	-5.959955	71.960000
5.042761	1.246783	-5.948379	72.060000
5.032674	1.254637	-5.929678	72.160000
5.022737	1.262342	-5.919970	72.261000
5.012921	1.261645	-5.924422	72.360000
5.002928	1.255825	-5.921454	72.461000
4.992670	1.254323	-5.932509	72.560000
4.982429	1.253488	-5.935754	72.660000
4.972313	1.250231	-5.946552	72.760000
4.962410	1.244663	-5.947920	72.860000
4.952046	1.236969	-5.939224	72.960000
4.942013	1.234608	-5.952137	73.061000
4.932035	1.238053	-5.964789	73.160000
4.922032	1.243670	-5.965592	73.260000
4.911710	1.245404	-5.966452	73.360000
4.901527	1.239108	-5.962237	73.460000
4.891438	1.236596	-5.955956	73.560000
4.881197	1.235571	-5.962202	73.660000
4.871232	1.242362	-5.956894	73.760000
4.861070	1.245066	-5.945902	73.860000
4.851304	1.245912	-5.927433	73.960000
4.841092	1.240872	-5.916989	74.060000
4.830531	1.240314	-5.905653	74.160000
4.820440	1.243480	-5.909847	74.260000
4.809732	1.244432	-5.913296	74.360000
4.799316	1.244025	-5.909949	74.460000
4.789437	1.244329	-5.898980	74.560000
4.779071	1.251229	-5.903096	74.660000
4.768889	1.255739	-5.927602	74.760000
4.758452	1.255796	-5.949535	74.860000
4.747476	1.249222	-5.946002	74.960000
4.737094	1.242086	-5.945484	75.060000
4.727226	1.238925	-5.937958	75.160000
4.716996	1.242517	-5.920746	75.260000
4.706220	1.248031	-5.919843	75.360000
4.696113	1.249576	-5.931435	75.460000
4.685148	1.250195	-5.916261	75.560000
4.674463	1.249891	-5.924614	75.660000
4.664224	1.250005	-5.940039	75.760000
4.653555	1.249562	-5.936741	75.860000
4.643312	1.254193	-5.941553	75.960000
4.632260	1.250685	-5.938112	76.060000
4.621904	1.244346	-5.926960	76.160000
4.611575	1.244308	-5.939020	76.260000
4.601310	1.242956	-5.932961	76.360000
4.590790	1.247211	-5.948866	76.460000
4.580002	1.241671	-5.942534	76.561000
4.568962	1.239354	-5.928634	76.660000
4.558331	1.245389	-5.931158	76.760000
4.548105	1.250373	-5.935237	76.860000
4.537651	1.251264	-5.930247	76.960000
4.527159	1.253991	-5.909685	77.060000
4.516376	1.250235	-5.918355	77.160000
4.505693	1.246573	-5.927857	77.260000
4.494530	1.242360	-5.940148	77.360000
4.484617	1.241936	-5.949862	77.460000
4.473610	1.247509	-5.956349	77.560000
4.463662	1.250006	-5.950347	77.660000
4.452600	1.243992	-5.937055	77.760000
4.441767	1.244070	-5.940254	77.860000
4.431300	1.240167	-5.935276	77.960000
4.421119	1.238425	-5.914143	78.060000
4.410144	1.243271	-5.920217	78.160000
4.399878	1.248669	-5.925906	78.260000
4.389070	1.247969	-5.935556	78.360000
4.378334	1.243061	-5.929195	78.460000
4.367815	1.243554	-5.930065	78.560000
4.357226	1.245076	-5.914889	78.660000
4.346758	1.245935	-5.905709	78.760000
4.335919	1.240330	-5.900524	78.860000
4.324849	1.243468	-5.902328	78.960000
4.314089	1.250348	-5.904698	79.060000
4.303688	1.254604	-5.918395	79.160000
4.292855	1.256246	-5.945240	79.260000
4.281983	1.257997	-5.959248	79.361000
4.271050	1.256794	-5.964576	79.460000
4.260377	1.256340	-5.976047	79.560000
4.250009	1.252614	-5.981645	79.660000
4.238844	1.247209	-5.963720	79.760000
4.228194	1.247020	-5.945446	79.860000
4.217717	1.252230	-5.935217	79.961000
4.206059	1.254863	-5.936039	80.060000
4.195439	1.251713	-5.938608	80.160000
4.184897	1.245598	-5.933774	80.260000
4.174033	1.241179	-5.917271	80.360000
4.162853	1.245772	-5.902152	80.460000
4.152378	1.239860	-5.906285	80.560000
4.140772	1.227632	-5.933475	80.660000
4.130174	1.227119	-5.958881	80.760000
4.119112	1.234491	-5.964767	80.860000
4.108497	1.239665	-5.971760	80.960000
4.097469	1.243234	-5.981271	81.060000
4.086584	1.239566	-5.972194	81.160000
4.075722	1.239794	-5.936582	81.260000
4.064811	1.246249	-5.938307	81.360000
4.053895	1.252306	-5.945959	81.460000
4.042934	1.257907	-5.949675	81.560000
4.032435	1.250866	-5.942625	81.660000
4.020888	1.246142	-5.945990	81.760000
4.009807	1.241895	-5.936521	81.860000
3.998884	1.244127	-5.921495	81.960000
3.987975	1.252537	-5.912942	82.060000
3.976757	1.260467	-5.918270	82.160000
3.966261	1.259505	-5.922698	82.260000
3.955357	1.256515	-5.930778	82.360000
3.944341	1.251853	-5.933158	82.460000
3.933253	1.251647	-5.944450	82.560000
3.922677	1.246637	-5.951530	82.660000
3.911653	1.245449	-5.950672	82.760000
3.900648	1.242944	-5.954226	82.860000
3.889512	1.240442	-5.959328	82.960000
3.878894	1.242903	-5.964168	83.060000
3.868002	1.245206	-5.964235	83.160000
3.856957	1.242608	-5.958199	83.260000
3.845972	1.243862	-5.949921	83.360000
3.835018	1.238428	-5.935263	83.460000
3.823681	1.237076	-5.929504	83.560000
3.812692	1.238852	-5.919104	83.660000
3.801598	1.243274	-5.909873	83.760000
3.790565	1.240732	-5.923587	83.860000
3.779601	1.237882	-5.933032	83.961000
3.768210	1.243723	-5.946977	84.060000
3.756930	1.249735	-5.957851	84.160000
3.746310	1.250001	-5.968333	84.260000
3.735197	1.246056	-5.973190	84.360000
3.723965	1.247829	-5.973306	84.460000
3.712898	1.245344	-5.968221	84.560000
3.701395	1.244806	-5.964489	84.660000
3.690399	1.247134	-5.963239	84.760000
3.679296	1.247143	-5.949142	84.860000
3.668064	1.249535	-5.935770	84.960000
3.657050	1.255116	-5.934997	85.060000
3.645916	1.255246	-5.934924	85.160000
3.634360	1.255789	-5.938611	85.260000
3.623361	1.257588	-5.948829	85.361000
3.612259	1.254850	-5.952108	85.460000
3.601232	1.247547	-5.937869	85.560000
3.590171	1.239219	-5.920669	85.660000
3.579069	1.231627	-5.932652	85.760000
3.567466	1.229507	-5.943420	85.861000
3.556194	1.234183	-5.945989	85.960000
3.545357	1.245796	-5.946764	86.060000
3.534081	1.246579	-5.950981	86.160000
3.522637	1.245405	-5.949477	86.260000
3.511170	1.241820	-5.956239	86.360000
3.500019	1.232002	-5.965752	86.460000
3.489116	1.230253	-5.964667	86.560000
3.478059	1.233584	-5.962356	86.660000
3.466567	1.227408	-5.951848	86.761000
3.455807	1.222119	-5.934947	86.860000
3.444939	1.222721	-5.931187	86.960000
3.433572	1.231649	-5.936392	87.060000
3.422666	1.237251	-5.942947	87.160000
3.411603	1.241926	-5.951090	87.260000
3.400446	1.242134	-5.953124	87.360000
3.389093	1.238843	-5.955773	87.461000
3.378208	1.232383	-5.962486	87.560000
3.367048	1.232101	-5.958788	87.660000
3.355944	1.236946	-5.958734	87.760000
3.344693	1.236981	-5.959907	87.861000
3.333480	1.238521	-5.970028	87.960000
3.321994	1.246580	-5.965082	88.061000
3.310769	1.245989	-5.968743	88.160000
3.299447	1.239470	-5.967185	88.260000
3.288515	1.242466	-5.964444	88.360000
3.277123	1.246358	-5.960647	88.460000
3.265920	1.247949	-5.946471	88.560000
3.255032	1.244047	-5.953670	88.660000
3.243679	1.241255	-5.972055	88.760000
3.232575	1.241471	-5.969324	88.860000
3.221510	1.240339	-5.964346	88.960000
3.210017	1.232629	-5.952019	89.061000
3.198802	1.229930	-5.944299	89.160000
3.187489	1.230686	-5.959965	89.260000
3.176012	1.235240	-5.959835	89.360000
3.164709	1.233675	-5.942279	89.460000
3.153359	1.232673	-5.942308	89.560000
3.142550	1.238090	-5.959032	89.660000
3.130999	1.243874	-5.961945	89.760000
3.119618	1.246268	-5.953194	89.860000
3.108049	1.245208	-5.950500	89.960000
3.096777	1.244100	-5.953454	90.060000
3.085453	1.242030	-5.964080	90.160000
3.074314	1.236121	-5.965922	90.260000
3.062868	1.238223	-5.955469	90.360000
3.051498	1.240844	-5.942656	90.460000
3.040052	1.240661	-5.926757	90.560000
3.028708	1.241631	-5.925803	90.661000
3.017406	1.234619	-5.946810	90.760000
3.006087	1.226843	-5.952484	90.860000
2.994145	1.229817	-5.943246	90.960000
2.982801	1.234653	-5.913494	91.062000
2.971392	1.239169	-5.896355	91.160000
2.960318	1.234547	-5.898990	91.260000
2.948862	1.231916	-5.923462	91.360000
2.937547	1.229135	-5.943926	91.461000
2.926291	1.233423	-5.959411	91.560000
2.915179	1.234253	-5.958621	91.660000
2.903553	1.230152	-5.945766	91.761000
2.892284	1.226755	-5.938935	91.860000
2.880857	1.225218	-5.941350	91.960000
2.869110	1.223861	-5.939852	92.061000
2.857457	1.223426	-5.945789	92.160000
2.846171	1.228902	-5.958532	92.260000
2.834745	1.235331	-5.969627	92.360000
2.823164	1.231127	-5.972581	92.460000
2.811895	1.230465	-5.983506	92.560000
2.800523	1.236216	-5.996831	92.660000
2.789324	1.233430	-6.001083	92.760000
2.777895	1.231469	-5.998190	92.860000
2.766758	1.235329	-5.999617	92.960000
2.754949	1.237538	-5.983488	93.060000
2.743645	1.234457	-5.959081	93.160000
2.732390	1.237895	-5.957867	93.260000
2.720325	1.242458	-5.953847	93.360000
2.708609	1.246354	-5.947906	93.460000
2.697682	1.234107	-5.937772	93.560000
2.686149	1.228341	-5.930465	93.660000
2.674492	1.230106	-5.946389	93.761000
2.663287	1.229296	-5.944502	93.861000
2.651549	1.226174	-5.940791	93.960000
2.640038	1.229867	-5.937840	94.061000
2.628581	1.239564	-5.937293	94.160000
2.617244	1.241859	-5.950682	94.260000
2.605597	1.235559	-5.937257	94.360000
2.593955	1.228867	-5.918909	94.460000
2.582406	1.228587	-5.925693	94.561000
2.570927	1.230298	-5.943849	94.660000
2.559641	1.233443	-5.957071	94.760000
2.548053	1.230577	-5.968369	94.860000
2.536328	1.226876	-5.980747	94.960000
2.524620	1.230786	-5.971813	95.060000
2.513425	1.233440	-5.964754	95.160000
2.501690	1.229762	-5.971691	95.260000
2.490461	1.227963	-5.974609	95.360000
2.478825	1.226227	-5.977085	95.460000
2.467627	1.223153	-5.967471	95.560000
2.455944	1.219713	-5.945178	95.660000
2.443939	1.219632	-5.934917	95.760000
2.432706	1.219673	-5.935544	95.860000
2.421371	1.215882	-5.947972	95.960000
2.409768	1.214298	-5.961081	96.060000
2.398328	1.218796	-5.961059	96.160000
2.386856	1.222654	-5.970359	96.260000
2.375091	1.215340	-5.976162	96.360000
2.363764	1.211942	-5.976429	96.460000
2.352377	1.218160	-5.983752	96.560000
2.341036	1.226335	-5.987279	96.660000
2.329551	1.231903	-5.963830	96.760000
2.318447	1.229617	-5.947005	96.860000
2.306972	1.229119	-5.958504	96.960000
2.295473	1.231542	-5.980809	97.060000
2.283204	1.228726	-5.976849	97.161000
2.271608	1.221145	-5.962971	97.260000
2.260193	1.214103	-5.968074	97.361000
2.248802	1.209569	-5.984086	97.460000
2.237378	1.209328	-5.978279	97.560000
2.225928	1.204604	-5.964434	97.660000
2.214141	1.215544	-5.949109	97.760000
2.201833	1.229262	-5.941772	97.860000
2.190735	1.232043	-5.925670	97.960000
2.179280	1.226314	-5.922129	98.060000
2.167584	1.220359	-5.924101	98.160000
2.156313	1.221142	-5.938345	98.260000
2.143986	1.218190	-5.954340	98.360000
2.133147	1.213361	-5.950948	98.460000
2.121366	1.214175	-5.937769	98.560000
2.109809	1.210547	-5.936545	98.660000
2.098441	1.210596	-5.933341	98.760000
2.086697	1.214573	-5.945621	98.860000
2.074816	1.217200	-5.967445	98.960000
2.063323	1.220374	-5.979957	99.060000
2.051705	1.225723	-5.978648	99.160000
2.040020	1.224002	-5.946257	99.260000
2.028471	1.216919	-5.932784	99.360000
2.016935	1.214064	-5.926704	99.460000
2.004728	1.215997	-5.929869	99.560000
1.993358	1.211405	-5.950302	99.660000
1.981854	1.206637	-5.987208	99.760000
1.970254	1.209077	-6.012984	99.860000
1.958737	1.209549	-6.009053	99.960000
1.946941	1.207391	-5.992101	100.060000
1.935177	1.214698	-5.990850	100.160000
1.923016	1.224555	-5.999487	100.265000
1.911404	1.222196	-5.977112	100.360000
1.900414	1.215568	-5.960029	100.460000
1.888895	1.214234	-5.957561	100.560000
1.877109	1.208744	-5.947178	100.660000
1.865596	1.206133	-5.944743	100.760000
1.853898	1.210323	-5.954713	100.860000
1.842432	1.210317	-5.948645	100.960000
1.830803	1.207070	-5.953414	101.060000
1.819284	1.205133	-5.960024	101.160000
1.808037	1.200638	-5.960566	101.261000
1.796425	1.205142	-5.965495	101.360000
1.784706	1.209705	-5.957387	101.460000
1.773121	1.207995	-5.948232	101.560000
1.761732	1.207147	-5.951835	101.660000
1.749992	1.205868	-5.955791	101.760000
1.738185	1.201892	-5.949130	101.860000
1.726488	1.195114	-5.939676	101.960000
1.714840	1.192297	-5.924380	102.060000
1.703215	1.197367	-5.911700	102.160000
1.691585	1.208101	-5.926996	102.260000
1.679700	1.213522	-5.963387	102.360000
1.667725	1.221552	-6.004174	102.460000
1.655917	1.223757	-6.010372	102.560000
1.644531	1.217897	-5.994566	102.660000
1.633119	1.214523	-5.987786	102.760000
1.621148	1.211102	-5.986531	102.860000
1.609183	1.207106	-5.977654	102.960000
1.597740	1.204818	-5.967478	103.060000
1.585905	1.208167	-5.958737	103.160000
1.574045	1.213187	-5.955485	103.260000
1.562640	1.214314	-5.954412	103.360000
1.550903	1.209489	-5.946658	103.460000
1.539059	1.202385	-5.947677	103.560000
1.527243	1.198732	-5.942832	103.660000
1.515641	1.194379	-5.931468	103.760000
1.504190	1.184368	-5.929632	103.860000
1.492540	1.181473	-5.953968	103.960000
1.480387	1.178454	-5.964238	104.060000
1.468833	1.179805	-5.954182	104.160000
1.456884	1.187109	-5.963410	104.260000
1.445238	1.186341	-5.970725	104.361000
1.433784	1.187294	-5.958052	104.460000
1.422258	1.190083	-5.943391	104.560000
1.409895	1.190730	-5.956611	104.660000
1.398092	1.187436	-5.972048	104.760000
1.386434	1.183834	-5.985088	104.860000
1.374826	1.178780	-5.980800	104.960000
1.363316	1.177677	-5.975160	105.060000
1.351437	1.184932	-5.973548	105.160000
1.339724	1.187512	-5.962116	105.260000
1.328034	1.189504	-5.953577	105.360000
1.316502	1.185077	-5.948825	105.460000
1.304995	1.181067	-5.949104	105.560000
1.293240	1.177195	-5.960858	105.660000
1.281665	1.174654	-5.960362	105.760000
1.270234	1.173874	-5.950028	105.860000
1.258489	1.174448	-5.931008	105.960000
1.246860	1.178142	-5.936912	106.060000
1.235316	1.180077	-5.956519	106.160000
1.223610	1.177883	-5.971436	106.260000
1.211891	1.177128	-5.963231	106.360000
1.199677	1.181133	-5.963468	106.460000
1.187980	1.183172	-5.971517	106.560000
1.176425	1.184314	-5.979992	106.661000
1.164818	1.184664	-5.978072	106.760000
1.153077	1.177880	-5.982756	106.860000
1.141095	1.164259	-5.978310	106.960000
1.129507	1.155683	-5.969405	107.060000
1.117543	1.161776	-5.964148	107.160000
1.105940	1.168099	-5.966666	107.260000
1.094207	1.171789	-5.961485	107.360000
1.082533	1.177189	-5.952778	107.460000
1.070468	1.178909	-5.958265	107.560000
1.058603	1.170253	-5.947870	107.660000
1.046985	1.166332	-5.941231	107.760000
1.035405	1.162591	-5.945397	107.860000
1.023889	1.161810	-5.938068	107.960000
1.011760	1.168922	-5.942509	108.060000
0.999991	1.172501	-5.948563	108.160000
0.988348	1.176406	-5.948062	108.260000
0.976481	1.175617	-5.958203	108.360000
0.964851	1.168873	-5.972744	108.460000
0.953317	1.163071	-5.975418	108.560000
0.941224	1.154922	-5.967785	108.660000
0.929525	1.150562	-5.947616	108.760000
0.917763	1.148599	-5.942229	108.860000
0.906273	1.143340	-5.949378	108.960000
0.894656	1.138283	-5.960135	109.060000
0.882921	1.142797	-5.960012	109.160000
0.870861	1.149872	-5.963035	109.260000
0.859016	1.156677	-5.958848	109.360000
0.846978	1.157312	-5.959587	109.460000
0.835540	1.157152	-5.947269	109.560000
0.823866	1.158845	-5.924243	109.660000
0.812067	1.152722	-5.928603	109.760000
0.800326	1.148511	-5.928698	109.860000
0.788906	1.150600	-5.924931	109.960000
0.776916	1.151736	-5.923885	110.060000
0.765293	1.148543	-5.939852	110.161000
0.753962	1.140940	-5.953475	110.260000
0.742230	1.137019	-5.943866	110.360000
0.730860	1.142103	-5.948056	110.460000
0.719403	1.144902	-5.974243	110.561000
0.707510	1.144277	-5.989501	110.660000
0.696028	1.145069	-6.008247	110.760000
0.684381	1.139046	-6.002542	110.861000
0.672207	1.132220	-5.996074	110.960000
0.660558	1.130842	-5.991875	111.060000
0.648636	1.125894	-5.983527	111.160000
0.636833	1.126118	-5.965576	111.260000
0.625582	1.129447	-5.936959	111.360000
0.613682	1.130917	-5.920622	111.460000
0.601714	1.128689	-5.933711	111.560000
0.590153	1.126602	-5.944149	111.660000
0.578418	1.126760	-5.939595	111.760000
0.566723	1.124706	-5.948195	111.860000
0.555247	1.119031	-5.952670	111.960000
0.543244	1.118431	-5.947247	112.060000
0.531465	1.122885	-5.944107	112.160000
0.519898	1.120558	-5.932558	112.261000
0.508125	1.120444	-5.945556	112.360000
0.496489	1.119743	-5.962472	112.460000
0.484868	1.119918	-5.968947	112.560000
0.472908	1.121423	-5.954074	112.660000
0.460796	1.117015	-5.942696	112.760000
0.448961	1.113946	-5.934836	112.860000
0.437426	1.113602	-5.928612	112.960000
0.425989	1.110163	-5.923002	113.060000
0.413978	1.108862	-5.918166	113.161000
0.402015	1.110608	-5.919682	113.261000
0.390219	1.113932	-5.920334	113.360000
0.378324	1.121265	-5.916695	113.461000
0.366533	1.123491	-5.913802	113.561000
0.355257	1.124484	-5.924255	113.661000
0.343300	1.121784	-5.922318	113.760000
0.330862	1.117668	-5.906238	113.860000
0.319392	1.119144	-5.901614	113.961000
0.307667	1.119697	-5.912352	114.061000
0.296212	1.120523	-5.973728	114.160000
0.284229	1.099858	-6.160044	114.260000
0.272669	0.987832	-6.145084	114.360000
0.260974	0.845801	-5.956795	114.461000
0.249537	0.741462	-5.713969	114.561000
0.237772	0.683331	-5.525501	114.660000
0.228849	0.648247	-5.407832	114.760000
0.227644	0.625563	-5.331412	114.860000
0.230007	0.613697	-5.285914	114.960000
0.233532	0.610906	-5.256734	115.060000
0.237884	0.607219	-5.250265	115.160000
0.243122	0.605165	-5.226936	115.260000
0.248797	0.604099	-5.211411	115.360000
0.254817	0.606642	-5.197659	115.460000
0.261287	0.614036	-5.167957	115.560000
0.268031	0.622457	-5.153091	115.660000
0.275397	0.629966	-5.152736	115.760000
0.282916	0.640070	-5.146323	115.860000
0.290207	0.661391	-5.157497	115.960000
0.297990	0.692756	-5.204997	116.061000
0.306012	0.738982	-5.319454	116.160000
0.313842	0.791626	-5.647596	116.260000
0.322242	0.915110	-6.463630	116.360000
0.330446	1.101628	-7.083403	116.460000
0.338722	1.102071	-6.939897	116.560000
0.347318	1.080463	-6.514408	116.660000
0.355678	1.098772	-6.188527	116.760000
0.364940	1.111587	-6.041837	116.860000
0.373876	1.115425	-5.970183	116.960000
0.382517	1.115142	-5.946438	117.060000
0.391313	1.105502	-5.943821	117.160000
0.400524	1.100919	-5.931538	117.260000
0.409376	1.105695	-5.919873	117.360000
0.418825	1.108760	-5.913416	117.460000
0.428267	1.110741	-5.920291	117.561000
0.437590	1.106118	-5.927875	117.660000
0.446487	1.106536	-5.917631	117.760000
0.455953	1.116659	-5.900982	117.860000
0.465208	1.125903	-5.892197	117.960000
0.474904	1.130961	-5.899278	118.060000
0.484432	1.126488	-5.922065	118.160000
0.493810	1.117434	-5.927372	118.260000
0.503474	1.111982	-5.920248	118.360000
0.512812	1.118296	-5.899664	118.460000
0.522434	1.118889	-5.887373	118.560000
0.532479	1.119446	-5.886941	118.660000
0.542269	1.118990	-5.899102	118.760000
0.551717	1.113612	-5.914048	118.860000
0.561478	1.114264	-5.934314	118.960000
0.571244	1.118769	-5.929064	119.060000
0.580969	1.125688	-5.909021	119.161000
0.590546	1.129481	-5.900605	119.260000
0.600128	1.133410	-5.906675	119.360000
0.609936	1.140588	-5.924154	119.460000
0.619786	1.141433	-5.958335	119.560000
0.629390	1.139284	-5.992820	119.660000
0.639335	1.136013	-6.010644	119.760000
0.649406	1.135716	-5.984765	119.860000
0.659174	1.141510	-5.953853	119.960000
0.669051	1.146080	-5.937386	120.060000
0.679173	1.138161	-5.929364	120.160000
0.689162	1.132739	-5.933289	120.260000
0.695305	1.134347	-5.948858	120.360000
0.698882	1.139032	-5.943979	120.460000
0.701651	1.140837	-5.950954	120.560000
0.704084	1.135607	-5.952520	120.660000
0.706228	1.133353	-5.930809	120.760000
0.707791	1.138354	-5.931575	120.860000
0.709583	1.138594	-5.956846	120.960000
0.710625	1.136580	-5.972403	121.060000
0.711918	1.136419	-5.977815	121.160000
0.713194	1.134898	-5.964992	121.260000
0.714124	1.134486	-5.941611	121.360000
0.714878	1.133904	-5.948786	121.460000
0.715990	1.133511	-5.935410	121.560000
0.716698	1.139843	-5.920226	121.660000
0.717505	1.141007	-5.917705	121.760000
0.718111	1.133622	-5.922995	121.860000
0.718686	1.133821	-5.929594	121.960000
0.719309	1.132485	-5.933311	122.060000
0.719780	1.126610	-5.929414	122.160000
0.719991	1.122266	-5.935042	122.260000
0.720648	1.119371	-5.935842	122.360000
0.721027	1.120002	-5.935775	122.460000
0.721390	1.128774	-5.942260	122.560000
0.721783	1.136757	-5.962028	122.660000
0.722039	1.135714	-5.965648	122.760000
0.722448	1.139210	-5.952270	122.860000
0.722647	1.144279	-5.948022	122.960000
0.723084	1.143184	-5.947348	123.060000
0.723420	1.138979	-5.944948	123.160000
0.723657	1.141878	-5.933871	123.260000
0.723858	1.145741	-5.940983	123.360000
0.724161	1.145805	-5.950688	123.460000
0.724310	1.144751	-5.948825	123.560000
0.724698	1.141694	-5.945327	123.660000
0.724703	1.141242	-5.941632	123.760000
0.724871	1.140716	-5.936834	123.860000
0.725054	1.137736	-5.949178	123.960000
0.725404	1.136327	-5.951983	124.060000
0.725591	1.136526	-5.957876	124.160000
0.725630	1.132395	-5.963945	124.260000
0.725764	1.133133	-5.972677	124.360000
0.725844	1.136910	-5.971706	124.460000
0.726001	1.140302	-5.970223	124.560000
0.726110	1.141868	-5.961447	124.660000
0.726092	1.143004	-5.957140	124.761000
0.726324	1.144063	-5.962535	124.860000
0.726365	1.142076	-5.955080	124.960000
0.726606	1.141193	-5.956851	125.060000
0.726520	1.136627	-5.968774	125.160000
0.726792	1.132361	-5.974543	125.260000
0.726794	1.131329	-5.976555	125.360000
0.726992	1.135581	-5.970721	125.461000
0.726937	1.143306	-5.950736	125.560000
0.727256	1.149550	-5.934822	125.660000
0.727194	1.153793	-5.918737	125.760000
0.727270	1.155444	-5.922052	125.860000
0.727307	1.155608	-5.934040	125.960000
0.727351	1.150986	-5.926326	126.060000
0.727432	1.148080	-5.926465	126.160000
0.727408	1.147057	-5.941018	126.260000
0.727613	1.139018	-5.944936	126.361000
0.727709	1.137843	-5.952909	126.460000
0.727737	1.137966	-5.959194	126.560000
0.727682	1.131089	-5.964963	126.660000
0.727956	1.130132	-5.969477	126.760000
0.727662	1.138282	-5.966440	126.860000
0.727803	1.142395	-5.954236	126.960000
0.728167	1.139188	-5.935593	127.060000
0.727977	1.132617	-5.932711	127.160000
0.728032	1.132517	-5.947785	127.260000
0.727896	1.140966	-5.961687	127.360000
0.728068	1.142887	-5.951299	127.461000
0.728000	1.147053	-5.951056	127.560000
0.728194	1.151016	-5.954873	127.660000
0.728138	1.148228	-5.960387	127.760000
0.728204	1.142752	-5.958527	127.860000
0.728213	1.143422	-5.971681	127.960000
0.728217	1.142670	-5.980019	128.060000
0.728213	1.141858	-5.986745	128.160000
0.728317	1.141668	-5.983819	128.260000
0.728160	1.142739	-5.988427	128.360000
0.728331	1.143285	-5.961432	128.460000
0.728354	1.138938	-5.929032	128.560000
0.728325	1.133550	-5.915680	128.660000
0.728312	1.130450	-5.919399	128.760000
0.728435	1.123884	-5.949621	128.860000
0.728448	1.118216	-5.969907	128.960000
0.728484	1.115380	-5.963675	129.060000
0.728438	1.118778	-5.944851	129.160000
0.728343	1.125194	-5.927635	129.261000
0.728594	1.131764	-5.924234	129.360000
0.728398	1.143669	-5.912788	129.460000
0.728569	1.155476	-5.906171	129.560000
0.728580	1.155944	-5.920970	129.660000
0.728657	1.151272	-5.923732	129.760000
0.728611	1.150352	-5.934601	129.860000
0.728617	1.153365	-5.960766	129.960000
0.728708	1.157475	-5.961546	130.060000
0.728646	1.158145	-5.946591	130.161000
0.728507	1.159435	-5.945208	130.261000
0.728679	1.158472	-5.945523	130.360000
0.728660	1.154335	-5.950479	130.460000
0.728594	1.154182	-5.932679	130.560000
0.728544	1.154595	-5.912606	130.660000
0.728642	1.150089	-5.909603	130.760000
0.728541	1.140994	-5.927699	130.860000
0.728569	1.136933	-5.943035	130.960000
0.728641	1.134584	-5.955607	131.060000
0.728604	1.136884	-5.951052	131.161000
0.728742	1.138584	-5.952128	131.260000
0.728656	1.135607	-5.960407	131.360000
0.728674	1.137374	-5.962820	131.460000
0.728650	1.135239	-5.965368	131.560000
0.728721	1.126704	-5.950822	131.660000
0.728637	1.126335	-5.939076	131.760000
0.728634	1.132138	-5.939348	131.860000
0.728534	1.134643	-5.935654	131.960000
0.728526	1.139158	-5.921768	132.060000
0.728661	1.141732	-5.917458	132.160000
0.728583	1.141058	-5.921611	132.260000
0.728697	1.140671	-5.918073	132.361000
0.728672	1.138600	-5.919014	132.460000
0.728770	1.147707	-5.931751	132.560000
0.728766	1.157480	-5.936598	132.660000
0.728757	1.153064	-5.956492	132.760000
0.728765	1.142401	-5.968449	132.860000
0.728838	1.146373	-5.963566	132.960000
0.728975	1.146826	-5.969869	133.061000
0.728918	1.143830	-5.964237	133.160000
0.728892	1.141201	-5.962928	133.260000
0.728977	1.143611	-5.953254	133.361000
0.728906	1.147105	-5.942686	133.460000
0.728915	1.146965	-5.926122	133.560000
0.728762	1.147977	-5.914470	133.660000
0.729013	1.149067	-5.922990	133.761000
0.728925	1.146435	-5.928407	133.860000
0.729003	1.141136	-5.931381	133.960000
0.728921	1.141759	-5.940049	134.060000
0.729050	1.142372	-5.969988	134.160000
0.728925	1.135721	-5.973925	134.261000
0.728929	1.140113	-5.964974	134.360000
0.729058	1.143151	-5.950892	134.460000
0.728981	1.149950	-5.944888	134.560000
0.728793	1.151765	-5.937634	134.660000
0.729043	1.140942	-5.929470	134.760000
0.728920	1.133098	-5.921480	134.860000
0.728954	1.135916	-5.915228	134.960000
0.728953	1.139859	-5.920937	135.060000
0.728956	1.138412	-5.929201	135.160000
0.729101	1.135993	-5.959807	135.261000
0.729157	1.129933	-5.980336	135.360000
0.729046	1.126367	-5.966252	135.460000
0.729128	1.131959	-5.963707	135.560000
0.728827	1.139274	-5.958176	135.660000
0.728844	1.140091	-5.946060	135.761000
0.728858	1.143865	-5.933788	135.860000
0.728765	1.143041	-5.918156	135.960000
0.728670	1.143559	-5.920041	136.060000
0.729006	1.139330	-5.922687	136.160000
0.728858	1.136178	-5.935301	136.260000
0.728764	1.133029	-5.951557	136.360000
0.728720	1.127937	-5.962644	136.460000
0.728867	1.126565	-5.951127	136.561000
0.729076	1.130755	-5.926850	136.660000
0.728934	1.131691	-5.915495	136.760000
0.728944	1.135944	-5.917970	136.860000
0.728990	1.136847	-5.949369	136.960000
0.729051	1.130906	-5.970002	137.060000
0.728812	1.129893	-5.963484	137.160000
0.728975	1.134302	-5.943752	137.261000
0.729003	1.148321	-5.942945	137.360000
0.729076	1.156698	-5.949966	137.460000
0.729025	1.152124	-5.951260	137.560000
0.729140	1.153325	-5.939140	137.660000
0.728898	1.149299	-5.945685	137.760000
0.728918	1.142851	-5.948153	137.860000
0.728983	1.134416	-5.947793	137.960000
0.729182	1.132949	-5.935548	138.060000
0.728866	1.132271	-5.939339	138.160000
0.728992	1.134876	-5.935206	138.260000
0.728932	1.131501	-5.936557	138.360000
0.729181	1.135685	-5.941124	138.460000
0.729097	1.135618	-5.949670	138.560000
0.729054	1.133762	-5.954791	138.660000
0.729085	1.140351	-5.951603	138.760000
0.728940	1.146153	-5.956057	138.860000
0.728861	1.150797	-5.958864	138.960000
0.729123	1.148761	-5.956699	139.060000
0.729047	1.145053	-5.957386	139.160000
0.729039	1.144997	-5.956836	139.268000
0.729044	1.146684	-5.957870	139.360000
0.729087	1.146848	-5.937456	139.460000
0.729007	1.153151	-5.941494	139.560000
0.728980	1.156441	-5.945721	139.660000
0.728993	1.155666	-5.946319	139.761000
0.729021	1.153291	-5.953288	139.860000
0.728925	1.142649	-5.966442	139.960000
0.728993	1.137960	-5.961467	140.060000
0.729265	1.137658	-5.951021	140.161000
0.729132	1.137409	-5.929514	140.260000
0.728993	1.132919	-5.920827	140.360000
0.729053	1.129297	-5.923318	140.460000
0.729076	1.131081	-5.918164	140.560000
0.729028	1.137470	-5.896854	140.661000
0.729015	1.146294	-5.900197	140.760000
