$SPEC_ID:
No sample description was entered.
$SPEC_REM:
DET# 1
DETDESC# MCB 337
AP# Maestro Version 6.06
$DATE_MEA:
07/23/2020 18:56:22
$MEAS_TIM:
414 420
$DATA:
0 1023
       0
       0
       0
       0
       0
       0
       0
       0
       0
       0
       0
       0
       0
       0
       0
       0
       0
       0
       0
       0
       0
      12
     239
     288
     242
     222
     175
     149
     137
     121
     137
      98
     111
      90
     115
      73
      88
      99
      85
     107
      87
     119
      80
     112
     104
     116
     102
     124
      95
     114
      98
     128
     111
     127
     110
     105
      98
      97
     108
     114
     123
     125
     111
     116
     116
     109
     120
     136
     131
     130
     128
     125
     106
     114
     128
     135
     163
     140
     136
     157
     152
     145
     162
     193
     204
     214
     212
     237
     234
     261
     272
     274
     263
     295
     224
     239
     244
     213
     199
     207
     222
     195
     230
     217
     228
     238
     238
     218
     238
     212
     229
     176
     206
     220
     185
     219
     190
     214
     218
     241
     196
     209
     196
     206
     204
     218
     203
     195
     226
     186
     202
     211
     219
     205
     228
     216
     209
     191
     245
     206
     199
     214
     196
     208
     224
     193
     211
     209
     211
     197
     237
     229
     201
     244
     219
     218
     209
     224
     199
     210
     223
     224
     242
     219
     216
     221
     209
     204
     212
     216
     240
     236
     191
     239
     228
     234
     229
     212
     196
     211
     193
     206
     213
     225
     228
     197
     232
     207
     227
     235
     197
     202
     223
     198
     219
     232
     213
     201
     230
     210
     234
     202
     221
     211
     195
     212
     210
     220
     227
     216
     182
     196
     204
     209
     201
     202
     205
     221
     211
     226
     217
     212
     189
     202
     230
     231
     217
     225
     196
     235
     208
     208
     210
     228
     192
     179
     206
     202
     190
     204
     196
     235
     168
     205
     197
     205
     202
     201
     196
     199
     224
     203
     214
     202
     215
     177
     200
     205
     209
     204
     185
     201
     215
     208
     209
     235
     235
     215
     227
     228
     251
     286
     267
     218
     268
     258
     270
     285
     282
     272
     263
     258
     313
     270
     250
     281
     266
     259
     262
     258
     249
     224
     258
     235
     233
     219
     233
     198
     218
     198
     206
     189
     174
     168
     171
     219
     181
     175
     178
     164
     176
     180
     160
     142
     145
     134
     144
     131
     127
     139
     149
     131
     125
     145
     128
     133
     131
     154
     146
     148
     146
     141
     133
     140
     146
     142
     129
     153
     126
     108
     135
     130
     124
     138
     124
     116
     132
     121
     119
     104
     138
     117
     109
     140
     117
     120
     114
     124
     129
     120
     116
     128
     115
     128
     119
     114
     121
     100
     108
     122
      94
     107
     126
     109
     117
     111
     113
     110
     134
     110
     128
     106
     136
     105
     116
     119
     105
     117
     108
     111
     121
     122
     124
     118
      96
      97
     129
     104
      98
     100
     118
      99
     107
      97
      90
      92
     110
     123
      91
      99
     106
     114
     100
      73
     133
     107
      99
     125
      92
      97
      96
      98
     101
     100
      95
      73
     116
     117
      92
      84
      82
     113
     102
      89
      95
      89
      97
     103
     100
      83
      88
      93
      86
      86
     103
      99
     108
      94
     110
      91
      87
      88
      85
      98
      99
      94
      92
     111
      83
      89
      95
      85
      80
      87
      99
      99
      98
      82
     106
      97
      79
     109
      85
     100
      93
      97
      83
      94
      88
      89
      82
      90
      82
      81
      95
      87
      96
      95
      96
      77
      98
      74
      83
      93
      83
      98
     101
      87
     100
      96
      97
      97
      86
      87
      84
      93
     104
      78
      80
      85
      95
      78
      84
      94
      87
      70
      90
      87
      89
      85
      71
      96
      90
      80
      82
      89
      83
      84
      78
      67
      76
      87
      68
      67
      76
      86
      88
      91
      66
      68
      65
      84
      79
      67
      75
      87
      73
      88
      75
      75
      64
      76
      91
      77
      65
      89
      75
      69
      85
      74
      61
      67
      75
      65
      84
      66
      74
      65
      79
      73
      69
      67
      76
      76
      65
      68
      76
      79
      72
      76
      94
      80
      65
      79
      79
      71
      63
      74
      68
      63
      82
      82
      67
      73
      67
      50
      80
      54
      60
      69
      78
      68
      78
      71
      86
      61
      69
      65
      57
      61
      62
      84
      79
      65
      71
      57
      86
      72
      82
      65
      76
      77
      70
      70
      66
      72
      72
      81
      77
      58
      73
      72
      70
      75
      79
      85
      73
      75
      74
      69
      69
      79
      57
      72
      76
      78
      77
      80
      99
      78
      69
      71
      91
      67
      65
      67
      72
      78
      76
      70
      84
      81
      73
      82
     107
     100
      74
      73
      76
     100
      77
      89
      76
      70
      86
      77
      76
      86
      92
      66
      79
      84
      95
      87
      72
      84
      83
      85
      87
      87
      95
      77
     100
     100
      98
      91
      74
      85
      95
      92
      88
      83
     102
      86
      99
      81
     110
     110
      96
      85
     116
     100
     103
     107
      96
     135
      97
     126
     129
     112
     123
     110
     136
     129
     157
     164
     154
     154
     153
     170
     167
     163
     160
     148
     149
     165
     168
     183
     164
     167
     192
     194
     187
     202
     180
     204
     178
     187
     180
     177
     197
     173
     182
     182
     170
     226
     196
     195
     194
     171
     161
     172
     168
     171
     160
     154
     173
     122
     144
     118
     130
     147
     122
     120
     117
      90
     102
      88
     101
      90
      76
      74
      65
      61
      79
      50
      47
      47
      48
      48
      44
      37
      30
      21
      24
      21
      17
      21
      26
      24
      20
      12
      14
      12
      22
      16
      11
      12
       9
       9
      13
       6
       5
      10
       8
       8
       7
       7
       5
       7
       4
       4
       4
       8
       5
       0
       5
       8
       8
       7
       4
       7
       6
       9
       5
       4
       5
       6
       8
       6
       9
       5
       5
      10
       4
       4
       4
       2
       1
       5
       6
       5
       1
       2
      11
       1
      11
       4
       2
       1
       4
       2
       3
       5
       3
       7
       4
       7
       5
       7
       4
       4
       6
       7
       2
       4
       5
       2
       3
       1
       2
       2
       5
       8
       6
       7
       3
       8
       3
       2
       7
       4
       6
       4
       6
       4
       4
       3
       3
       4
       6
       4
       6
       6
       4
       1
       5
       4
       4
       5
       5
       1
       5
       1
       4
       4
       3
       4
       6
       6
       3
       3
       5
       6
       2
       3
       4
       3
       6
       1
       5
       3
       4
       5
       3
       2
       5
       3
       6
       9
       9
       4
       3
       5
       2
       5
       4
       4
       9
       3
       5
       7
       3
       3
       2
       4
       2
       5
       5
       5
       6
       2
       2
       4
       2
       5
       4
       2
       3
       4
       4
       2
       6
       4
       5
       5
       2
       3
       4
       7
       4
       4
       5
       3
       4
       8
       6
       5
       7
       3
       4
       3
       1
       5
       5
       6
       2
       4
       3
       6
       3
      20
      28
      22
      14
      27
      14
      12
      17
      22
      11
      17
      11
      21
       9
      12
      17
       9
       8
      14
      12
      10
      12
      12
$ROI:
0
$PRESETS:
Real Time
420
0
$ENER_FIT:
0.000000 0.000000
$MCA_CAL:
3
0.000000E+000 0.000000E+000 0.000000E+000 
$SHAPE_CAL:
3
0.000000E+000 0.000000E+000 0.000000E+000
