$SPEC_ID:
No sample description was entered.
$SPEC_REM:
DET# 1
DETDESC# MCB 337
AP# Maestro Version 6.06
$DATE_MEA:
07/23/2020 18:48:02
$MEAS_TIM:
417 420
$DATA:
0 1023
       0
       0
       0
       0
       0
       0
       0
       0
       0
       0
       0
       0
       0
       0
       0
       0
       0
       0
       0
       0
       0
       5
     168
     236
     183
     127
      88
      73
      84
      90
      90
      59
      56
      61
      55
      53
      68
      61
      67
      53
      59
      71
      67
      53
      74
      62
      70
      62
      69
      69
     102
      98
      73
      86
      77
      79
      81
      86
      69
      82
      67
      83
      70
      66
      74
      82
      89
      87
     102
      85
      93
     108
      99
      85
      94
     119
      86
     100
     131
     123
     114
     104
     124
     152
     142
     186
     172
     184
     205
     201
     191
     227
     217
     229
     224
     207
     192
     154
     167
     155
     173
     152
     167
     177
     173
     203
     154
     171
     164
     167
     189
     186
     181
     148
     163
     143
     166
     178
     176
     145
     183
     156
     165
     154
     190
     186
     184
     170
     175
     171
     191
     201
     142
     190
     169
     171
     170
     156
     160
     156
     159
     164
     161
     163
     178
     170
     162
     160
     192
     139
     162
     182
     192
     198
     174
     179
     163
     194
     175
     193
     189
     172
     172
     167
     170
     167
     177
     188
     177
     148
     169
     167
     168
     185
     183
     178
     173
     169
     154
     176
     168
     164
     158
     157
     181
     153
     165
     158
     144
     148
     160
     139
     154
     180
     146
     164
     142
     175
     168
     141
     163
     144
     163
     135
     165
     161
     163
     157
     135
     153
     140
     138
     139
     129
     148
     152
     142
     164
     130
     144
     175
     150
     180
     154
     181
     168
     151
     167
     144
     156
     133
     149
     134
     159
     115
     162
     138
     143
     154
     128
     122
     139
     128
     141
     139
     139
     151
     149
     125
     138
     157
     155
     125
     134
     128
     118
     151
     117
     127
     141
     121
     117
     138
     116
     116
     121
     115
     116
     126
     126
     140
     128
     105
     110
     113
     123
     140
     133
     130
     119
     114
     129
     115
     116
     129
      99
     112
     125
     117
     121
     124
     129
     109
     122
     124
     120
     117
     116
     128
     117
     117
     125
     129
     112
     118
     135
     127
     112
     139
     141
     157
     137
     142
     125
     132
     134
     140
     162
     156
     144
     152
     158
     151
     171
     176
     167
     167
     161
     184
     184
     160
     197
     166
     161
     179
     189
     192
     188
     166
     179
     158
     165
     186
     194
     162
     139
     140
     159
     141
     153
     133
     126
     142
     137
     132
     127
     109
     118
     120
     109
      99
     112
      90
     111
     111
      98
      77
     100
     102
      92
      78
      94
      76
      80
      69
      89
      71
      95
      78
      74
      88
      75
      83
      70
      69
      74
      87
      86
      78
      77
      78
      80
      75
      65
      66
      75
      67
      79
      80
      74
      75
      72
      72
      62
      64
      93
      60
      75
      77
      59
      77
      78
      70
      62
      63
      60
      77
      77
      60
      71
      69
      69
      47
      61
      67
      73
      71
      53
      58
      65
      68
      79
      58
      71
      58
      62
      56
      63
      60
      63
      66
      61
      59
      70
      57
      57
      70
      69
      60
      77
      46
      67
      56
      62
      64
      70
      66
      62
      54
      53
      54
      60
      65
      63
      53
      43
      58
      59
      64
      55
      60
      51
      63
      48
      54
      61
      67
      49
      41
      51
      49
      50
      60
      48
      53
      57
      53
      51
      46
      42
      44
      60
      49
      54
      49
      44
      44
      47
      59
      47
      50
      44
      40
      46
      55
      51
      53
      45
      40
      42
      43
      48
      38
      44
      49
      40
      32
      42
      48
      54
      37
      41
      50
      37
      48
      40
      44
      44
      50
      52
      51
      46
      26
      45
      27
      40
      45
      34
      38
      45
      41
      42
      47
      38
      43
      40
      34
      41
      41
      38
      42
      52
      38
      31
      46
      43
      29
      43
      40
      29
      30
      42
      33
      31
      25
      44
      44
      31
      45
      44
      30
      26
      38
      35
      43
      30
      34
      38
      39
      24
      40
      29
      51
      30
      29
      37
      40
      37
      32
      29
      43
      39
      29
      36
      38
      41
      31
      36
      39
      46
      42
      34
      41
      29
      29
      31
      27
      35
      25
      39
      29
      40
      25
      25
      26
      18
      37
      42
      38
      32
      25
      33
      34
      27
      32
      27
      31
      40
      26
      27
      26
      27
      37
      24
      38
      38
      27
      35
      28
      24
      25
      27
      28
      28
      28
      37
      23
      40
      39
      35
      26
      29
      40
      39
      38
      31
      35
      34
      31
      33
      37
      35
      37
      48
      42
      25
      32
      38
      27
      18
      28
      38
      27
      30
      40
      28
      29
      31
      28
      30
      38
      37
      44
      34
      25
      34
      19
      29
      30
      25
      30
      28
      34
      28
      40
      33
      32
      37
      39
      28
      35
      38
      26
      36
      27
      29
      28
      37
      35
      37
      35
      20
      40
      43
      44
      43
      34
      37
      35
      47
      26
      45
      36
      35
      57
      35
      34
      37
      50
      45
      52
      40
      52
      43
      52
      50
      44
      44
      48
      38
      41
      63
      37
      54
      64
      53
      45
      43
      71
      49
      54
      61
      47
      46
      46
      64
      47
      68
      45
      48
      45
      44
      53
      54
      44
      43
      39
      45
      37
      38
      24
      50
      29
      28
      41
      22
      20
      29
      25
      28
      21
      10
      22
      22
      22
      19
      11
      12
      18
      15
      16
      19
      13
      10
      10
      11
      22
       7
      11
      10
       6
      11
       8
      11
       9
      12
       4
       4
       3
       7
       8
       4
       6
      10
       5
      11
       7
       4
       3
       3
       9
       6
      10
       7
       6
       7
       4
       4
       7
       3
       7
       3
       6
       4
       8
       6
       3
       6
      11
       2
       6
       6
       5
       3
       3
       4
       7
       2
       4
       8
       4
       3
       0
       7
       3
       6
       6
       4
       2
       5
       3
       2
       6
       3
       4
       6
       9
       3
       4
      10
       3
       6
       2
       4
       5
       8
       3
       5
       4
       3
       5
       6
       8
       3
       5
       2
       4
       5
       2
       8
       5
       4
       3
       3
       5
       4
       4
       1
       6
       5
       6
       5
       4
       7
       5
       6
       5
       4
       5
       5
       2
       6
       4
       5
       9
       6
       2
       6
       7
       4
       4
       5
       4
       5
       5
       4
       0
       2
       8
       2
       8
       5
       5
       6
       0
       4
       6
       2
       2
       5
       1
       0
       6
       3
       6
       3
       3
       5
       6
       6
       8
       2
       2
       8
       6
       3
       4
       4
       4
       7
       4
       8
       6
       5
       2
       3
       3
       1
       4
       5
       6
       5
       3
       4
       6
       0
       6
       4
       7
       3
      10
       7
       5
       3
       5
       5
       7
       8
       2
       1
       1
       3
       7
       2
       3
       6
       7
       3
       6
       2
       4
      27
      14
      26
      27
      11
      22
      19
      18
      17
      17
      15
      15
      14
      12
      10
      12
      11
       9
       8
      16
       7
      15
      14
$ROI:
0
$PRESETS:
Real Time
420
0
$ENER_FIT:
0.000000 0.000000
$MCA_CAL:
3
0.000000E+000 0.000000E+000 0.000000E+000 
$SHAPE_CAL:
3
0.000000E+000 0.000000E+000 0.000000E+000
