$SPEC_ID:
No sample description was entered.
$SPEC_REM:
DET# 1
DETDESC# MCB 337
AP# Maestro Version 6.06
$DATE_MEA:
08/04/2020 14:46:13
$MEAS_TIM:
3199 3200
$DATA:
0 1023
       0
       0
       0
       0
       0
       0
       0
       0
       0
       0
       0
       0
       0
       0
       0
       0
       0
       0
       0
       0
       0
       0
      15
      41
      51
      33
      35
      43
      37
      25
      36
      40
      30
      36
      25
      26
      25
      27
      34
      19
      24
      31
      19
      29
      36
      18
      18
      24
      23
      27
      20
      27
      20
      18
      12
      16
      12
      25
      23
      11
      21
      22
      16
      24
      25
      16
      22
      19
      23
      22
      23
      22
      29
      14
      20
      23
      27
      18
      23
      18
      10
      22
      13
      11
      13
      19
      16
      14
       8
      17
      16
      11
      17
      20
      10
      11
      11
      15
      20
      11
      16
      17
      12
      11
      10
      22
      17
       6
      21
      12
      14
      22
      13
       6
       7
      11
      12
      15
      11
      17
      15
       8
      10
      12
      10
      12
      13
      12
       5
       8
      16
      12
       9
      16
      14
      16
      12
      16
      14
      11
      17
       8
      10
      10
      12
       9
       8
       8
       8
      15
       6
      11
      14
       9
      14
      16
      11
       8
       9
      10
       6
      11
      12
       9
      12
      15
       9
      14
      13
      14
       9
      12
      10
      12
      11
      10
      12
      12
       9
      12
      16
      10
      18
      17
      13
       6
       9
      13
      11
       7
       9
       8
      12
      12
      10
       8
       5
       7
      10
      13
       9
      15
      12
       8
      11
      11
       6
       8
      16
      10
       3
      11
       8
       9
      11
      11
       7
      17
      14
      12
      15
      13
      14
      12
      10
       7
      13
      11
      10
      11
       6
       7
      11
       7
       7
      13
      12
       8
      10
       4
       8
      11
       8
      12
       5
       7
       4
       6
      13
       8
      10
       6
      13
      13
      10
       6
      11
       5
       7
       4
      10
      11
      11
      10
      10
       6
      13
       6
      10
      10
       8
       6
       7
       5
      14
      11
      11
       7
      10
       8
      11
      11
       9
       4
      13
      11
      12
       8
       7
       8
       5
       9
       8
      13
      11
      11
      11
       5
      15
      12
      13
      12
       6
       6
       7
       4
       7
      12
      11
       7
      10
      13
       5
       5
       7
       7
       8
       7
       4
       7
       8
      16
       9
       5
      12
       7
       7
       9
       7
       7
       9
       9
       2
       4
      12
       8
       7
       8
      10
       4
       7
       7
      12
      10
       5
      10
      11
       8
      17
      11
      11
       6
      10
       9
       9
       8
      12
       8
       6
      10
      12
       4
      15
       8
      10
       5
       9
       9
       9
       7
      12
       8
      10
      10
      10
       8
      10
      10
       8
      12
       8
      13
      10
       6
      13
       9
      13
      10
       4
      11
       6
      10
       5
       6
       9
       8
      13
      10
       8
       8
       8
       7
       7
      10
       8
       7
       7
       9
       9
       6
       7
       5
      10
       9
       9
      11
       9
      10
       6
       5
       9
      10
       7
       8
       7
       6
       7
      10
      14
      11
      12
       8
       8
       9
      10
       9
       6
      10
      13
       8
       9
       9
       9
      12
       5
       8
      12
      12
       8
      21
      29
      42
      32
      33
      52
      47
      46
      37
      39
      25
      16
      13
       8
      13
       7
       4
       8
       8
       7
       6
       7
       8
       4
       5
       6
       2
       3
       7
      13
       2
       7
       3
       5
       6
      11
       1
       6
      12
      14
      10
       5
      11
      13
      11
       5
       9
       3
      10
       3
       4
       9
       6
       7
       8
       7
       7
      11
       5
       7
       7
       9
       4
       9
      15
      23
      27
      22
      15
       6
       8
      11
      11
      13
      12
      16
      11
      12
      13
       7
      10
       9
      11
       9
       9
      10
      10
      11
       6
       5
       9
       8
      11
      13
       7
       9
       6
       8
       8
      11
       7
      10
      17
       7
       9
       4
       8
      11
       8
       8
      10
       7
       9
       7
       8
       9
      12
       6
       8
      10
       6
       7
       8
       7
       6
      10
       5
       5
       6
       7
       9
       6
       2
       7
       8
       5
       9
       6
       8
       3
      14
       6
       8
       5
       4
      11
       3
       9
       4
       5
       9
       5
      11
       6
       2
      14
       8
       6
       8
      12
       9
       6
       9
       7
      10
       7
       6
      10
       9
      14
      13
       7
      11
       8
      15
       5
       7
       8
       7
       9
       9
       5
       6
      14
       9
       6
      10
       9
      15
       9
       6
      10
      13
       8
      14
      10
       6
      10
       4
      11
      10
      13
       9
      10
       5
       8
       9
       9
       7
       8
       7
      11
       7
      17
      11
       9
      12
      14
       7
       6
      11
       6
      11
       6
       9
      14
      10
      10
      11
       8
      11
      16
       9
      11
      16
       7
       9
       7
      10
       8
      16
      11
       7
       5
       5
      10
      14
       5
      16
       9
      17
      12
      10
      12
      11
      10
      18
      12
      16
      19
      16
      16
      11
      14
      15
       9
      20
      12
      14
      12
      16
      19
      11
      14
      15
      15
      10
      10
      15
      12
      19
      17
      18
      17
      17
      16
      16
      15
      15
      18
      19
      22
      28
      12
      28
      18
      20
      20
      22
      20
      24
      20
      30
      24
      20
      25
      22
      29
      17
      20
      28
      32
      17
      29
      33
      37
      24
      30
      24
      39
      23
      29
      33
      43
      39
      41
      46
      52
      48
      52
      47
      42
      51
      36
      48
      49
      53
      58
      68
      52
      76
      65
      89
      74
     101
      83
      66
     111
      99
     109
     108
      93
      89
     105
     102
      98
      80
      73
      73
      68
      80
      42
      46
      50
      58
      40
      49
      45
      27
      43
      41
      43
      36
      36
      34
      45
      40
      25
      22
      32
      17
      28
      33
      24
      34
      20
      12
      27
      19
      18
      24
      18
      18
      14
      20
      13
      21
      28
      27
      15
      14
      17
      12
      14
      11
      12
      16
      19
      11
       9
      17
      19
      13
       8
      16
      18
      11
      10
      17
       8
      20
      13
      11
      14
       9
      13
      11
       6
       9
       7
      13
       9
      10
       9
      10
      11
       8
      14
      11
      10
       6
      13
      10
      19
      12
       8
       3
      13
       7
      10
       7
       8
       7
       8
       7
       6
      13
       7
       9
       4
      12
      10
       8
       9
      10
       4
      11
       8
      10
       9
       9
      11
       7
       9
       6
       8
       9
      11
       9
      14
       4
       8
       2
      11
       4
       6
       8
       6
       5
      12
       6
       7
      15
       9
      11
       7
      13
       8
      15
      13
      22
      26
      20
      10
      17
      10
      11
       9
       7
      10
      14
       7
       5
      12
      10
       9
      10
       5
       5
       6
       4
       7
       6
       4
       9
       8
      10
      10
       9
      11
      11
       4
       5
       8
       6
       8
       3
       6
       5
       3
       6
       4
       8
       6
       9
      10
       3
       7
       9
      16
      11
      11
      25
      30
      23
      28
      39
      32
      23
      33
      25
      29
      21
      31
      25
      22
      19
      26
      17
      14
      25
      17
      22
      15
      14
$ROI:
0
$PRESETS:
Real Time
3200
0
$ENER_FIT:
0.000000 0.000000
$MCA_CAL:
3
0.000000E+000 0.000000E+000 0.000000E+000 
$SHAPE_CAL:
3
0.000000E+000 0.000000E+000 0.000000E+000
