$SPEC_ID:
No sample description was entered.
$SPEC_REM:
DET# 1
DETDESC# MCB 337
AP# Maestro Version 6.06
$DATE_MEA:
08/04/2020 15:16:36
$MEAS_TIM:
3598 3600
$DATA:
0 1023
       0
       0
       0
       0
       0
       0
       0
       0
       0
       0
       0
       0
       0
       0
       0
       0
       0
       0
       0
       0
       0
       0
      26
      39
      36
      34
      43
      48
      31
      35
      43
      35
      43
      29
      39
      24
      37
      37
      32
      28
      30
      27
      26
      19
      33
      25
      26
      36
      27
      30
      28
      32
      16
      20
      21
      18
      18
      22
      13
      31
      22
      17
      19
      21
      26
      32
      16
      18
      27
      22
      22
      30
      17
      24
      31
      26
      30
      25
      28
      16
      19
      28
      24
      19
      19
      14
      20
      19
      16
      16
      14
      14
      16
      22
      17
      16
      16
      13
      13
      18
      23
      19
      22
      15
      13
      12
      13
      14
      11
      20
      15
       8
      21
      10
      11
      14
      21
      13
      17
      12
      14
      17
      14
       6
      12
       8
      15
      20
      14
      10
      11
      19
      14
       9
      19
      17
      19
      13
      10
      17
      16
      16
      14
       8
      10
      12
      17
      13
      17
      19
      14
      10
      14
      16
       8
      12
      14
      10
      10
       7
       6
      11
      18
      15
       8
      18
      11
       9
      15
      18
      13
      13
      14
       3
       5
      13
      16
      10
      11
      15
      11
      16
      14
      11
      13
      11
      11
       6
      19
       9
      19
      10
       5
      20
      13
      12
      10
      19
       6
       6
      17
      10
      12
      11
      13
       9
      12
      14
      15
       4
       8
      17
      13
      11
      11
      11
      18
      12
      20
      10
       9
      14
      12
       8
       8
       5
       9
      16
       7
      11
      10
       8
      12
      13
      18
      12
       8
      10
      10
      10
       7
      13
       3
       9
      16
      13
      14
      17
      12
      14
      14
       8
      13
       6
       9
      11
      12
      20
      16
      11
      12
       9
       8
       8
      17
      15
       6
      10
      15
      17
      14
       7
      11
      12
      10
      15
      14
       9
       8
       9
      16
      18
      10
       7
      12
      10
      10
       8
       6
      17
      15
       9
       9
      14
      10
      11
      12
      10
      17
       6
       7
      12
      15
      10
       8
      19
      11
       8
       8
      10
       9
      11
       7
       9
       8
       6
       6
      14
      13
       9
       7
       8
       5
       9
      16
      11
       7
       9
      10
      18
      10
       5
       7
       4
       8
      14
       8
      14
      12
       3
      17
      13
      10
       9
      11
      11
      12
      14
       8
      12
      16
       9
       5
      16
       5
       5
       6
      10
      10
       8
      16
      10
      14
      15
       7
       8
       6
      12
      11
       9
      14
       8
       7
       9
       8
      16
       8
      18
      10
       8
      14
       9
       8
      10
      11
      14
       7
       5
      10
      10
       9
       6
      11
      17
       4
       9
       3
       6
      10
       6
       9
       6
      12
       8
      16
       6
      11
      11
      15
       9
      11
       8
       9
      11
       7
       8
      11
       6
      13
      12
      10
      11
       8
      13
      13
       7
       8
       6
       8
       8
      12
      12
      15
      11
       8
       7
      13
      11
       7
      11
      11
       9
       9
       7
       6
       5
      14
      13
       6
      12
      11
      13
       7
      10
       6
      12
      12
       7
      10
      11
       6
      11
       4
       8
       7
      12
      10
      17
       9
      10
       5
      12
       1
       6
       7
       8
      10
       6
       6
       5
       8
      12
      15
      11
      17
       8
       7
       7
       8
       4
      13
       7
       9
      12
       9
       4
       8
       9
      15
       6
      15
      11
      11
      12
       8
      11
      10
       8
       7
       9
      10
      14
       6
       6
       9
       8
      18
       7
      13
      11
      11
       7
       6
      12
      10
      10
       9
      11
      13
      10
      12
       8
      10
      12
       7
       8
       6
       3
       9
      13
      15
       6
       7
       6
       9
      10
       5
      10
       8
       8
       9
      15
       6
       6
       9
      12
       6
      11
      11
       7
       4
       7
      18
       6
      18
       7
       9
      11
       9
       8
       7
      12
       5
      16
       7
       9
      13
      11
       1
       8
      13
      10
       6
       3
       9
      13
       7
       7
       8
       5
      10
       6
      10
       7
       9
       4
       9
       8
       7
      11
       7
      11
       9
       8
      16
       8
      10
       5
       7
       9
      14
       3
       8
      10
      11
       9
      14
      12
      13
       7
      13
       6
      10
      14
       8
      10
       9
       6
      10
       8
       6
      12
      10
       9
      13
      11
      12
       4
       9
       9
       8
       5
      12
       6
       8
      12
       7
      13
      11
      11
      13
      11
       4
      11
      11
      17
      13
      12
      16
       9
      13
       8
       7
      10
      11
       7
       6
      17
      14
      12
      10
      15
      15
      10
       6
      16
      14
       8
      13
      13
      11
      15
       8
       8
       9
      16
       8
       7
      14
       7
      10
      19
      10
      14
       6
      11
      12
      14
      15
       7
      16
      12
      12
      11
      10
      10
      13
      17
       7
      14
      10
      12
      14
      16
      18
      15
      13
      16
      19
      10
      12
      13
      12
      19
       7
      13
      13
       9
       7
      16
      15
      18
      12
      19
      12
      21
      12
      17
      22
      10
      14
      11
       8
      15
       6
      16
      19
       5
       9
      10
      18
      15
       6
      17
      16
      18
      15
      15
      15
      20
      11
      10
      10
      12
      13
      11
      21
       9
      20
      12
      13
      17
      14
      16
      16
      21
      13
      17
      11
      12
      13
      12
      12
      19
      23
      17
      18
      21
      21
      17
      21
      18
      16
      15
      19
      21
      20
      11
      18
      14
      16
      22
      19
      17
      18
      17
      22
      10
      10
      18
      18
      22
      15
       7
      17
      19
      19
      23
      20
      23
      26
      15
      20
      13
       9
      18
      22
      20
      23
      21
      26
      16
      18
      13
      12
      26
      21
      17
      22
      24
      17
      24
      20
      29
      23
      41
      25
      30
      26
      16
      28
      35
      33
      19
      33
      33
      36
      37
      37
      37
      45
      40
      31
      50
      51
      54
      54
      61
      63
      61
      83
      71
      77
      82
      78
      99
     100
     115
     135
     126
     122
     110
     138
     125
     124
     116
      91
      82
      85
      72
      67
      79
      60
      51
      68
      55
      40
      45
      43
      31
      36
      45
      38
      34
      28
      33
      28
      31
      23
      20
      28
      22
      16
      18
      20
      29
      20
      22
      23
      23
      19
      22
      18
      17
      18
      12
      12
      11
      12
      11
      14
      14
       9
       6
       9
       7
      18
      10
      10
      23
      31
      35
      44
      54
      52
      48
      47
      39
      34
      18
      14
      10
       7
      10
       7
       9
       7
       9
       6
       8
      10
      10
       8
       7
      13
      11
       5
       8
       6
       7
       4
       7
       9
      12
       9
       8
       8
       7
      12
      10
       5
       8
      16
      10
       9
       8
       8
      10
      12
      14
       7
      11
      11
       6
       7
       9
       5
      10
       9
      10
       9
      20
      33
      37
      29
      32
      35
      33
      27
      25
      25
      22
      24
      36
      28
      33
      20
      25
      29
      33
      18
      24
      10
      19
$ROI:
0
$PRESETS:
Real Time
3600
0
$ENER_FIT:
0.000000 0.000000
$MCA_CAL:
3
0.000000E+000 0.000000E+000 0.000000E+000 
$SHAPE_CAL:
3
0.000000E+000 0.000000E+000 0.000000E+000
