$SPEC_ID:
No sample description was entered.
$SPEC_REM:
DET# 1
DETDESC# MCB 337
AP# Maestro Version 6.06
$DATE_MEA:
08/09/2020 09:29:08
$MEAS_TIM:
64981 65000
$DATA:
0 1023
       0
       0
       0
       0
       0
       0
       0
       0
       0
       0
       0
       0
       0
       0
       0
       0
       0
       0
       0
       0
       0
       0
     273
     652
     704
     638
     599
     628
     569
     559
     555
     577
     511
     530
     479
     510
     492
     455
     489
     515
     462
     431
     447
     465
     496
     468
     468
     453
     441
     426
     403
     388
     392
     410
     406
     428
     357
     380
     364
     393
     395
     370
     341
     360
     380
     384
     369
     356
     359
     385
     358
     338
     344
     426
     372
     419
     432
     451
     452
     383
     349
     306
     277
     300
     299
     299
     309
     310
     291
     305
     287
     281
     310
     297
     240
     286
     267
     266
     279
     287
     279
     258
     289
     225
     294
     256
     251
     254
     260
     240
     270
     269
     239
     277
     257
     256
     265
     237
     231
     250
     259
     236
     258
     242
     236
     264
     232
     226
     258
     225
     218
     228
     241
     251
     278
     228
     250
     256
     259
     215
     224
     231
     232
     244
     217
     256
     265
     241
     210
     253
     219
     224
     225
     208
     210
     244
     238
     223
     200
     237
     205
     235
     234
     245
     214
     283
     323
     408
     464
     410
     307
     228
     231
     214
     210
     220
     203
     227
     214
     229
     217
     223
     276
     217
     215
     208
     198
     220
     213
     223
     207
     193
     265
     234
     246
     233
     271
     258
     283
     365
     508
     543
     521
     371
     339
     260
     230
     226
     214
     203
     185
     175
     212
     213
     180
     204
     203
     213
     201
     180
     188
     208
     191
     204
     198
     179
     215
     201
     202
     198
     191
     203
     186
     221
     234
     249
     223
     204
     213
     195
     231
     213
     217
     217
     170
     187
     195
     199
     184
     183
     193
     187
     203
     184
     206
     214
     187
     161
     195
     177
     205
     196
     204
     198
     134
     201
     201
     195
     170
     179
     179
     183
     168
     208
     159
     174
     182
     147
     168
     194
     184
     164
     200
     188
     184
     177
     206
     173
     186
     191
     176
     174
     187
     183
     169
     171
     192
     176
     194
     152
     199
     168
     167
     185
     183
     172
     162
     190
     192
     185
     166
     177
     181
     163
     194
     172
     169
     170
     172
     163
     175
     172
     168
     160
     179
     162
     171
     173
     180
     178
     157
     167
     179
     207
     158
     183
     176
     159
     173
     174
     178
     166
     158
     166
     146
     158
     175
     164
     187
     192
     175
     166
     168
     183
     162
     179
     156
     171
     164
     171
     175
     151
     164
     191
     155
     168
     167
     149
     167
     164
     177
     157
     186
     179
     178
     183
     166
     171
     182
     165
     156
     150
     169
     168
     162
     154
     154
     169
     161
     171
     164
     170
     168
     147
     172
     146
     179
     154
     158
     194
     162
     171
     159
     164
     148
     154
     158
     169
     169
     151
     151
     165
     150
     160
     164
     174
     170
     156
     147
     181
     173
     168
     168
     178
     152
     173
     159
     152
     156
     151
     150
     173
     158
     158
     166
     150
     150
     156
     149
     168
     146
     163
     137
     192
     145
     158
     164
     169
     152
     171
     148
     176
     137
     145
     162
     151
     176
     153
     158
     161
     168
     153
     165
     136
     162
     161
     170
     150
     154
     155
     166
     149
     162
     180
     145
     173
     170
     157
     160
     151
     157
     152
     174
     166
     151
     151
     165
     152
     169
     145
     147
     148
     149
     130
     146
     164
     156
     155
     145
     152
     152
     139
     146
     154
     165
     175
     163
     152
     157
     172
     146
     157
     149
     158
     171
     179
     155
     160
     138
     171
     171
     137
     159
     148
     163
     144
     161
     174
     149
     166
     151
     163
     155
     157
     127
     172
     161
     136
     155
     140
     139
     146
     141
     156
     186
     171
     137
     166
     152
     150
     163
     172
     152
     182
     160
     149
     152
     169
     156
     164
     152
     160
     157
     155
     158
     153
     141
     145
     169
     129
     147
     171
     172
     148
     138
     147
     159
     154
     170
     170
     165
     161
     168
     140
     143
     153
     146
     165
     159
     162
     142
     129
     156
     148
     153
     132
     144
     148
     147
     149
     129
     145
     151
     166
     143
     152
     157
     152
     152
     165
     139
     154
     144
     134
     152
     137
     160
     117
     157
     139
     150
     155
     154
     161
     159
     161
     154
     162
     159
     144
     161
     178
     167
     146
     156
     145
     141
     170
     136
     142
     157
     161
     158
     146
     143
     144
     181
     162
     150
     148
     156
     124
     134
     169
     173
     147
     150
     153
     158
     162
     146
     166
     134
     144
     155
     148
     163
     156
     157
     170
     132
     128
     144
     138
     129
     134
     182
     156
     175
     122
     160
     147
     149
     125
     146
     169
     167
     163
     138
     154
     146
     163
     153
     166
     167
     140
     133
     155
     178
     150
     162
     162
     150
     157
     147
     155
     144
     164
     170
     156
     150
     151
     174
     149
     145
     170
     163
     178
     172
     154
     157
     173
     144
     151
     155
     163
     126
     140
     149
     167
     142
     158
     160
     139
     165
     155
     161
     155
     167
     155
     164
     175
     171
     165
     170
     154
     159
     182
     157
     151
     167
     143
     155
     174
     163
     140
     147
     187
     166
     158
     153
     161
     148
     140
     160
     140
     166
     141
     153
     145
     144
     165
     147
     157
     171
     150
     163
     172
     172
     148
     150
     151
     144
     154
     172
     167
     151
     136
     167
     185
     174
     185
     181
     153
     185
     185
     149
     144
     161
     164
     164
     167
     147
     180
     173
     171
     187
     162
     183
     191
     149
     177
     165
     183
     171
     179
     175
     160
     193
     169
     185
     171
     198
     181
     191
     175
     179
     208
     180
     200
     161
     168
     195
     196
     195
     185
     197
     200
     208
     194
     194
     184
     191
     197
     167
     211
     231
     209
     231
     220
     223
     217
     225
     217
     228
     224
     234
     205
     224
     232
     216
     222
     225
     216
     199
     212
     219
     209
     202
     217
     223
     218
     193
     223
     216
     204
     196
     193
     208
     207
     207
     207
     212
     202
     206
     203
     209
     228
     212
     225
     208
     206
     220
     184
     188
     169
     208
     208
     177
     207
     176
     184
     191
     174
     199
     201
     185
     182
     198
     176
     197
     188
     197
     168
     175
     184
     175
     152
     153
     185
     181
     186
     183
     186
     148
     157
     202
     171
     166
     174
     154
     194
     189
     161
     175
     175
     184
     170
     169
     186
     184
     190
     214
     285
     333
     434
     543
     717
     776
     799
     726
     564
     416
     345
     215
     205
     171
     169
     175
     154
     158
     169
     150
     148
     167
     172
     171
     176
     166
     161
     174
     176
     170
     190
     147
     172
     172
     169
     156
     183
     177
     175
     169
     137
     169
     140
     188
     172
     170
     178
     173
     158
     168
     172
     165
     145
     161
     169
     157
     157
     208
     656
     688
     720
     692
     654
     604
     630
     607
     528
     560
     514
     523
     502
     477
     496
     493
     489
     409
     428
     411
     419
     399
     328
$ROI:
0
$PRESETS:
Real Time
65000
0
$ENER_FIT:
0.000000 0.000000
$MCA_CAL:
3
0.000000E+000 0.000000E+000 0.000000E+000 
$SHAPE_CAL:
3
0.000000E+000 0.000000E+000 0.000000E+000
