$SPEC_ID:
No sample description was entered.
$SPEC_REM:
DET# 1
DETDESC# MCB 337
AP# Maestro Version 6.06
$DATE_MEA:
08/10/2020 08:52:30
$MEAS_TIM:
64981 65000
$DATA:
0 1023
       0
       0
       0
       0
       0
       0
       0
       0
       0
       0
       0
       0
       0
       0
       0
       0
       0
       0
       0
       0
       0
       0
     280
     696
     671
     659
     605
     608
     586
     537
     534
     565
     515
     517
     560
     477
     489
     483
     493
     522
     497
     489
     490
     493
     479
     466
     483
     423
     432
     432
     425
     400
     399
     374
     375
     421
     392
     391
     388
     416
     347
     342
     328
     386
     356
     389
     384
     353
     377
     349
     363
     354
     362
     408
     386
     400
     438
     435
     423
     415
     324
     321
     267
     299
     278
     290
     289
     305
     248
     294
     272
     278
     259
     297
     261
     272
     279
     275
     261
     287
     275
     248
     267
     282
     281
     275
     277
     272
     260
     239
     282
     259
     247
     247
     260
     261
     263
     249
     229
     272
     243
     261
     268
     254
     241
     234
     247
     241
     237
     266
     227
     254
     208
     233
     222
     264
     236
     265
     255
     226
     230
     235
     250
     242
     217
     270
     262
     218
     219
     234
     229
     210
     198
     204
     233
     203
     218
     231
     212
     242
     217
     203
     225
     201
     221
     259
     280
     354
     413
     404
     307
     254
     243
     223
     227
     210
     219
     218
     237
     240
     227
     225
     205
     214
     192
     184
     236
     208
     208
     214
     218
     200
     215
     217
     235
     221
     241
     278
     266
     381
     463
     467
     427
     363
     289
     234
     244
     206
     217
     197
     209
     186
     175
     188
     203
     188
     199
     218
     187
     169
     188
     186
     205
     215
     211
     194
     152
     204
     197
     213
     221
     177
     182
     187
     219
     227
     208
     240
     201
     211
     196
     182
     218
     207
     209
     190
     178
     203
     177
     193
     195
     197
     211
     219
     181
     191
     197
     178
     179
     199
     199
     178
     210
     165
     199
     185
     195
     197
     175
     183
     205
     180
     182
     152
     186
     181
     158
     180
     177
     160
     193
     171
     172
     197
     181
     182
     168
     153
     185
     179
     183
     183
     194
     159
     217
     190
     185
     172
     163
     174
     167
     198
     156
     174
     163
     178
     205
     173
     166
     181
     174
     175
     187
     173
     166
     192
     163
     165
     188
     186
     152
     184
     188
     184
     151
     175
     170
     180
     158
     168
     156
     163
     162
     163
     194
     201
     154
     205
     168
     152
     167
     172
     173
     158
     199
     162
     182
     175
     159
     181
     176
     154
     171
     202
     179
     158
     169
     186
     166
     154
     173
     123
     190
     168
     154
     148
     162
     177
     163
     163
     167
     177
     169
     136
     177
     163
     162
     156
     164
     161
     143
     174
     159
     171
     154
     151
     186
     187
     172
     165
     174
     153
     164
     165
     169
     161
     174
     169
     181
     166
     156
     181
     171
     191
     162
     164
     163
     156
     146
     173
     177
     160
     187
     190
     155
     168
     170
     164
     166
     171
     177
     171
     160
     165
     153
     147
     142
     138
     158
     162
     157
     155
     160
     155
     156
     163
     154
     157
     154
     172
     155
     160
     173
     161
     159
     154
     172
     176
     151
     154
     149
     169
     161
     170
     176
     176
     153
     180
     170
     171
     166
     165
     157
     160
     175
     164
     164
     191
     158
     171
     157
     133
     156
     142
     152
     170
     165
     163
     162
     137
     152
     152
     158
     145
     147
     158
     145
     160
     166
     163
     139
     160
     164
     146
     155
     165
     151
     119
     163
     176
     176
     145
     161
     148
     140
     160
     131
     163
     164
     154
     151
     156
     151
     156
     152
     147
     139
     154
     156
     142
     147
     133
     156
     171
     172
     153
     146
     176
     179
     139
     176
     126
     166
     154
     165
     150
     145
     151
     151
     163
     139
     140
     163
     136
     148
     157
     153
     166
     145
     152
     161
     178
     142
     165
     147
     156
     159
     164
     163
     141
     160
     144
     165
     145
     146
     145
     146
     144
     159
     146
     153
     161
     139
     142
     146
     124
     159
     133
     167
     146
     155
     150
     140
     155
     136
     160
     150
     139
     133
     173
     171
     152
     152
     160
     157
     157
     143
     154
     134
     144
     144
     167
     169
     142
     161
     162
     164
     135
     138
     142
     129
     147
     156
     152
     139
     151
     142
     159
     142
     147
     168
     161
     151
     182
     163
     154
     134
     145
     169
     147
     156
     154
     178
     153
     137
     151
     140
     130
     151
     177
     181
     145
     147
     157
     152
     157
     137
     148
     149
     136
     148
     151
     156
     162
     153
     149
     153
     161
     143
     139
     141
     151
     151
     133
     175
     153
     142
     152
     152
     155
     132
     157
     165
     150
     139
     191
     149
     154
     151
     147
     151
     172
     149
     165
     151
     161
     148
     158
     156
     159
     167
     163
     167
     157
     160
     182
     176
     161
     138
     136
     188
     177
     146
     146
     155
     162
     160
     151
     151
     167
     170
     155
     155
     145
     155
     162
     150
     148
     134
     149
     162
     143
     152
     152
     144
     164
     168
     185
     163
     153
     149
     169
     152
     154
     171
     166
     162
     165
     160
     159
     174
     156
     162
     150
     183
     160
     141
     153
     140
     185
     147
     156
     129
     179
     175
     177
     160
     148
     178
     168
     151
     183
     138
     164
     127
     164
     149
     171
     136
     174
     184
     166
     162
     176
     164
     153
     152
     171
     152
     179
     145
     155
     188
     164
     180
     148
     146
     168
     193
     159
     162
     164
     185
     149
     175
     181
     143
     156
     150
     193
     162
     172
     159
     169
     157
     159
     152
     155
     158
     165
     173
     169
     165
     174
     189
     163
     199
     163
     164
     159
     171
     189
     169
     180
     155
     185
     174
     190
     154
     154
     154
     165
     181
     181
     178
     178
     164
     185
     180
     183
     165
     182
     171
     179
     178
     178
     180
     178
     202
     160
     201
     172
     205
     174
     189
     204
     195
     187
     185
     169
     197
     187
     196
     204
     176
     183
     185
     182
     186
     187
     221
     205
     216
     220
     230
     177
     228
     219
     232
     244
     238
     224
     248
     240
     242
     241
     242
     279
     273
     267
     243
     244
     241
     249
     226
     241
     249
     216
     230
     260
     241
     242
     227
     238
     250
     222
     212
     260
     210
     212
     236
     235
     240
     225
     212
     229
     216
     212
     222
     205
     181
     199
     208
     230
     194
     212
     206
     211
     189
     183
     183
     194
     187
     217
     192
     166
     198
     207
     186
     201
     194
     203
     259
     338
     406
     621
     852
    1065
    1170
    1292
    1054
     886
     638
     392
     289
     192
     194
     187
     154
     161
     154
     147
     153
     195
     179
     187
     179
     177
     177
     156
     183
     179
     154
     180
     166
     162
     151
     167
     163
     171
     204
     172
     178
     181
     183
     158
     176
     185
     185
     172
     194
     160
     167
     171
     167
     185
     183
     175
     181
     190
     207
     718
     657
     687
     683
     675
     610
     644
     556
     598
     591
     533
     533
     491
     491
     497
     478
     464
     480
     421
     437
     398
     353
     330
$ROI:
0
$PRESETS:
Real Time
65000
0
$ENER_FIT:
0.000000 0.000000
$MCA_CAL:
3
0.000000E+000 0.000000E+000 0.000000E+000 
$SHAPE_CAL:
3
0.000000E+000 0.000000E+000 0.000000E+000
