probe voltage (V), probe current (A), resistance (9.9e37 if not enabled) , timestamp , status word ,
-5.800000E+01,-5.967939E-08,+9.910000E+37,+9.931094E+03,+2.150800E+04,
-5.790000E+01,-6.523536E-08,+9.910000E+37,+9.932153E+03,+2.150800E+04,
-5.780000E+01,-5.917432E-08,+9.910000E+37,+9.933211E+03,+2.150800E+04,
-5.770000E+01,-5.513357E-08,+9.910000E+37,+9.934271E+03,+2.150800E+04,
-5.760000E+01,-4.957759E-08,+9.910000E+37,+9.935330E+03,+2.150800E+04,
-5.750000E+01,-5.361830E-08,+9.910000E+37,+9.936390E+03,+2.150800E+04,
-5.740000E+01,-4.806235E-08,+9.910000E+37,+9.937447E+03,+2.150800E+04,
-5.730000E+01,-4.654704E-08,+9.910000E+37,+9.938504E+03,+2.150800E+04,
-5.720000E+01,-3.594018E-08,+9.910000E+37,+9.939562E+03,+2.150800E+04,
-5.710000E+01,-3.947582E-08,+9.910000E+37,+9.940622E+03,+2.150800E+04,
-5.700000E+01,-3.745545E-08,+9.910000E+37,+9.941684E+03,+2.150800E+04,
-5.690000E+01,-3.644528E-08,+9.910000E+37,+9.942746E+03,+2.150800E+04,
-5.680000E+01,-3.442492E-08,+9.910000E+37,+9.943805E+03,+2.150800E+04,
-5.670000E+01,-3.493002E-08,+9.910000E+37,+9.944862E+03,+2.150800E+04,
-5.660000E+01,-2.836385E-08,+9.910000E+37,+9.945923E+03,+2.150800E+04,
-5.650000E+01,-3.189947E-08,+9.910000E+37,+9.946981E+03,+2.150800E+04,
-5.640000E+01,-2.432314E-08,+9.910000E+37,+9.948038E+03,+2.150800E+04,
-5.630000E+01,-2.634350E-08,+9.910000E+37,+9.949096E+03,+2.150800E+04,
-5.620000E+01,-2.331298E-08,+9.910000E+37,+9.950156E+03,+2.150800E+04,
-5.610000E+01,-2.482824E-08,+9.910000E+37,+9.951215E+03,+2.150800E+04,
-5.600000E+01,-1.927224E-08,+9.910000E+37,+9.952276E+03,+2.150800E+04,
-5.590000E+01,-1.573662E-08,+9.910000E+37,+9.953334E+03,+2.150800E+04,
-5.580000E+01,-1.775698E-08,+9.910000E+37,+9.954391E+03,+2.150800E+04,
-5.570000E+01,-1.472644E-08,+9.910000E+37,+9.955447E+03,+2.150800E+04,
-5.560000E+01,-1.876716E-08,+9.910000E+37,+9.956509E+03,+2.150800E+04,
-5.550000E+01,-1.270609E-08,+9.910000E+37,+9.957571E+03,+2.150800E+04,
-5.540000E+01,-1.270609E-08,+9.910000E+37,+9.958660E+03,+2.150800E+04,
-5.530000E+01,-1.018064E-08,+9.910000E+37,+9.959739E+03,+2.150800E+04,
-5.520000E+01,-5.634840E-09,+9.910000E+37,+9.960795E+03,+2.150800E+04,
-5.510000E+01,-1.594124E-09,+9.910000E+37,+9.961854E+03,+2.150800E+04,
-5.500000E+01,-6.139925E-09,+9.910000E+37,+9.962916E+03,+2.150800E+04,
-5.490000E+01,-3.614480E-09,+9.910000E+37,+9.963998E+03,+2.150800E+04,
-5.480000E+01,+4.262334E-10,+9.910000E+37,+9.965059E+03,+2.150800E+04,
-5.470000E+01,+4.262332E-10,+9.910000E+37,+9.966117E+03,+2.150800E+04,
-5.460000E+01,-1.089035E-09,+9.910000E+37,+9.967177E+03,+2.150800E+04,
-5.450000E+01,+3.961552E-09,+9.910000E+37,+9.968239E+03,+2.150800E+04,
-5.440000E+01,+4.466590E-09,+9.910000E+37,+9.969298E+03,+2.150800E+04,
-5.430000E+01,+1.052705E-08,+9.910000E+37,+9.970356E+03,+2.150800E+04,
-5.420000E+01,+7.496819E-09,+9.910000E+37,+9.971418E+03,+2.150800E+04,
-5.410000E+01,+5.981704E-09,+9.910000E+37,+9.972479E+03,+2.150800E+04,
-5.400000E+01,+4.466588E-09,+9.910000E+37,+9.973540E+03,+2.150800E+04,
-5.390000E+01,+6.486740E-09,+9.910000E+37,+9.974620E+03,+2.150800E+04,
-5.380000E+01,+1.709254E-08,+9.910000E+37,+9.975678E+03,+2.150800E+04,
-5.370000E+01,+1.204216E-08,+9.910000E+37,+9.976737E+03,+2.150800E+04,
-5.360000E+01,+5.981704E-09,+9.910000E+37,+9.977796E+03,+2.150800E+04,
-5.350000E+01,+1.860767E-08,+9.910000E+37,+9.978880E+03,+2.150800E+04,
-5.340000E+01,+1.406231E-08,+9.910000E+37,+9.979937E+03,+2.150800E+04,
-5.330000E+01,+1.507239E-08,+9.910000E+37,+9.980995E+03,+2.150800E+04,
-5.320000E+01,+1.254720E-08,+9.910000E+37,+9.982055E+03,+2.150800E+04,
-5.310000E+01,+1.759758E-08,+9.910000E+37,+9.983113E+03,+2.150800E+04,
-5.300000E+01,+1.961774E-08,+9.910000E+37,+9.984172E+03,+2.150800E+04,
-5.290000E+01,+1.658750E-08,+9.910000E+37,+9.985231E+03,+2.150800E+04,
-5.280000E+01,+2.315300E-08,+9.910000E+37,+9.986292E+03,+2.150800E+04,
-5.270000E+01,+1.961773E-08,+9.910000E+37,+9.987353E+03,+2.150800E+04,
-5.260000E+01,+2.062782E-08,+9.910000E+37,+9.988411E+03,+2.150800E+04,
-5.250000E+01,+2.416309E-08,+9.910000E+37,+9.989469E+03,+2.150800E+04,
-5.240000E+01,+1.860766E-08,+9.910000E+37,+9.990530E+03,+2.150800E+04,
-5.230000E+01,+2.113285E-08,+9.910000E+37,+9.991589E+03,+2.150800E+04,
-5.220000E+01,+1.810262E-08,+9.91000


current through plasma (-mA) <tab> voltage across plasma (-V) <tab> time (sec)
3.824957	379.437972	0.001000
3.820755	379.757921	0.101000
3.817521	380.059621	0.201000
3.817731	379.992061	0.301000
3.820052	379.865381	0.401000
3.822525	379.670770	0.501000
3.824592	379.502610	0.601000
3.821940	379.666851	0.701000
3.818236	379.950323	0.801000
3.817366	380.025343	0.901000
3.819288	379.891591	1.001000
3.822857	379.638187	1.101000
3.824417	379.503869	1.201000
3.823178	379.611094	1.301000
3.819683	379.853612	1.401000
3.816624	380.097569	1.501000
3.818091	379.969432	1.601000
3.822386	379.633447	1.701000
3.824471	379.443148	1.801000
3.822917	379.564788	1.901000
3.819806	379.804068	2.001000
3.817746	380.012922	2.101000
3.817924	379.992074	2.201000
3.820278	379.807699	2.301000
3.824141	379.504352	2.401000
3.824619	379.473009	2.501000
3.821146	379.710550	2.601000
3.817278	380.018286	2.701000
3.817555	380.003332	2.801000
3.820299	379.839498	2.901000
3.823060	379.619644	3.001000
3.824034	379.543083	3.101000
3.822056	379.671952	3.201000
3.818604	379.952650	3.301000
3.816661	380.098310	3.401000
3.819167	379.917786	3.501000
3.822632	379.601559	3.601000
3.824691	379.467792	3.701000
3.822768	379.615523	3.801000
3.819816	379.798555	3.901000
3.816381	380.118752	4.001000
3.816898	380.065618	4.101000
3.821400	379.653580	4.201000
3.824522	379.436531	4.301000
3.823002	379.523080	4.402000
3.819705	379.740193	4.501000
3.817471	379.905195	4.601000
3.817528	379.918101	4.701000
3.819541	379.761059	4.802000
3.822953	379.479603	4.901000
3.823817	379.429862	5.001000
3.820593	379.653774	5.101000
3.816646	379.927311	5.201000
3.815980	380.013619	5.301000
3.819687	379.717679	5.401000
3.822698	379.531372	5.501000
3.823236	379.495646	5.601000
3.821667	379.590785	5.701000
3.818123	379.883163	5.801000
3.816108	380.038429	5.901000
3.817781	379.916343	6.001000
3.822013	379.561108	6.101000
3.823951	379.410619	6.201000
3.822353	379.526197	6.301000
3.819083	379.766766	6.401000
3.816608	379.988418	6.501000
3.816734	379.982684	6.601000
3.820532	379.659878	6.701000
3.823893	379.399991	6.801000
3.822543	379.483793	6.901000
3.818670	379.731492	7.001000
3.816286	379.922627	7.101000
3.816438	379.899334	7.201000
3.818198	379.762025	7.301000
3.821533	379.501832	7.401000
3.823241	379.332221	7.501000
3.820571	379.560344	7.601000
3.815980	379.896127	7.701000
3.814263	380.060510	7.801000
3.817507	379.750471	7.901000
3.821443	379.464547	8.001000
3.821837	379.436333	8.101000
3.820536	379.525913	8.201000
3.817545	379.765359	8.301000
3.815179	379.948767	8.401000
3.815398	379.933709	8.501000
3.819665	379.569769	8.601000
3.822221	379.350454	8.701000
3.821245	379.422528	8.801000
3.817411	379.705813	8.901000
3.815238	379.900358	9.001000
3.814518	379.994011	9.101000
3.817879	379.714982	9.201000
3.821017	379.441790	9.301000
3.821350	379.392689	9.401000
3.817937	379.662110	9.501000
3.814397	379.924653	9.601000
3.814661	379.896890	9.701000
3.817558	379.693597	9.801000
3.820300	379.477908	9.901000
3.822217	379.335554	10.001000
3.820495	379.455438	10.101000
3.815526	379.868941	10.201000
3.813497	380.049616	10.301000
3.816426	379.764115	10.401000
3.820757	379.461450	10.501000
3.821643	379.391903	10.601000
3.820029	379.500943	10.701000
3.817381	379.708902	10.801000
3.814755	379.972602	10.901000
3.814845	379.946672	11.001000
3.819096	379.628227	11.101000
3.822348	379.353255	11.201000
3.821534	379.407546	11.301000
3.817273	379.728399	11.401000
3.814795	379.900911	11.501000
3.815228	379.886411	11.601000
3.818420	379.638751	11.701000
3.821248	379.421565	11.801000
3.821726	379.397959	11.901000
3.818084	379.671810	12.001000
3.814666	379.895701	12.101000
3.814600	379.902825	12.201000
3.816980	379.700334	12.301000
3.820176	379.438926	12.401000
3.821221	379.309327	12.501000
3.819848	379.427973	12.601000
3.815892	379.765215	12.701000
3.813200	379.935191	12.801000
3.815280	379.857941	12.901000
3.819813	379.464591	13.001000
3.821186	379.340067	13.101000
3.819230	379.431310	13.201000
3.816070	379.676779	13.301000
3.814149	379.851234	13.401000
3.813968	379.847488	13.501000
3.817214	379.622499	13.601000
3.820846	379.296579	13.701000
3.820035	379.391576	13.801000
3.815751	379.710198	13.901000
3.813304	379.875493	14.001000
3.814050	379.823044	14.101000
3.816959	379.604265	14.201000
3.819440	379.414745	14.301000
3.820228	379.356144	14.401000
3.817021	379.611508	14.501000
3.813590	379.885875	14.601000
3.813293	379.916287	14.701000
3.816209	379.677062	14.801000
3.819505	379.426862	14.902000
3.820823	379.285782	15.001000
3.818505	379.445790	15.101000
3.814744	379.729371	15.201000
3.812757	379.905444	15.301000
3.814250	379.806308	15.401000
3.819003	379.415960	15.501000
3.820597	379.282071	15.601000
3.817999	379.446801	15.701000
3.814718	379.697505	15.801000
3.813853	379.751769	15.901000
3.814315	379.749768	16.001000
3.816898	379.560689	16.101000
3.820170	379.270588	16.201000
3.819146	379.349114	16.301000
3.815134	379.669665	16.401000
3.811709	379.894455	16.501000
3.812924	379.796940	16.601000
3.816440	379.491786	16.701000
3.818439	379.332523	16.801000
3.817990	379.349848	16.901000
3.815113	379.577061	17.001000
3.811929	379.778422	17.101000
3.811310	379.848145	17.201000
3.814434	379.618903	17.301000
3.817526	379.343114	17.401000
3.817770	379.287576	17.501000
3.815465	379.473168	17.601000
3.812677	379.662249	17.701000
3.810885	379.793737	17.801000
3.812819	379.689589	17.901000
3.816937	379.330446	18.001000
3.818453	379.261298	18.101000
3.815886	379.438529	18.201000
3.812312	379.707217	18.301000
3.811415	379.761324	18.402000
3.812186	379.694324	18.501000
3.815579	379.428025	18.601000
3.817813	379.255685	18.701000
3.817885	379.234142	18.802000
3.813999	379.556048	18.901000
3.809815	379.929364	19.001000
3.811407	379.803090	19.101000
3.815725	379.478195	19.201000
3.818418	379.267996	19.301000
3.817536	379.339275	19.401000
3.815006	379.502202	19.501000
3.811715	379.744039	19.601000
3.811506	379.788137	19.701000
3.814130	379.612872	19.801000
3.817761	379.360235	19.901000
3.818444	379.302150	20.001000
3.815918	379.479283	20.101000
3.813043	379.684479	20.201000
3.812014	379.768502	20.301000
3.813821	379.654079	20.401000
3.817397	379.399686	20.501000
3.819937	379.191755	20.601000
3.816871	379.438159	20.701000
3.813401	379.709536	20.801000
3.811988	379.822982	20.901000
3.813282	379.699889	21.001000
3.815901	379.501461	21.101000
3.818283	379.275445	21.201000
3.818211	379.256783	21.301000
3.814789	379.527109	21.401000
3.811303	379.813897	21.501000
3.811822	379.783205	21.601000
3.815587	379.495161	21.701000
3.818550	379.277544	21.801000
3.817488	379.355555	21.902000
3.815385	379.487360	22.001000
3.811859	379.767828	22.101000
3.811558	379.814193	22.201000
3.814325	379.601524	22.301000
3.817847	379.332597	22.401000
3.818418	379.274457	22.501000
3.815859	379.437493	22.601000
3.812799	379.700479	22.701000
3.811291	379.810959	22.801000
3.812837	379.705806	22.901000
3.816804	379.389280	23.001000
3.819392	379.180356	23.102000
3.818069	379.281926	23.201000
3.813591	379.640992	23.301000
3.811408	379.831764	23.401000
3.812783	379.730778	23.501000
3.815336	379.571255	23.601000
3.818388	379.279204	23.701000
3.818446	379.277981	23.801000
3.815717	379.453947	23.901000
3.812252	379.770082	24.001000
3.811935	379.800078	24.101000
3.815920	379.496313	24.201000
3.819282	379.295698	24.301000
3.819093	379.294285	24.401000
3.817074	379.416434	24.501000
3.813826	379.677737	24.601000
3.812453	379.785672	24.701000
3.814118	379.633796	24.801000
3.817854	379.351767	24.901000
3.820068	379.177515	25.001000
3.817505	379.415767	25.101000
3.814104	379.670921	25.201000
3.812432	379.846863	25.301000
3.813464	379.763004	25.401000
3.816958	379.494348	25.501000
3.820082	379.209548	25.601000
3.818960	379.281747	25.701000
3.814552	379.611726	25.802000
3.811788	379.826260	25.901000
3.813650	379.691071	26.001000
3.816697	379.522126	26.101000
3.818559	379.331915	26.201000
3.819087	379.266894	26.301000
3.816637	379.449404	26.401000
3.812808	379.712914	26.501000
3.811509	379.858864	26.601000
3.815513	379.534835	26.701000
3.819303	379.249907	26.801000
3.819109	379.285047	26.901000
3.816942	379.434206	27.001000
3.813507	379.699585	27.101000
3.812134	379.806541	27.201000
3.813850	379.663277	27.301000
3.817289	379.400617	27.401000
3.819684	379.190926	27.501000
3.817824	379.341305	27.601000
3.813824	379.614706	27.701000
3.811805	379.810489	27.801000
3.813115	379.727823	27.901000
3.816338	379.453112	28.001000
3.818939	379.224916	28.101000
3.818763	379.224566	28.201000
3.814664	379.536939	28.301000
3.811559	379.758468	28.401000
3.812419	379.730547	28.501000
3.815813	379.425640	28.601000
3.818422	379.245771	28.701000
3.817986	379.278804	28.801000
3.815866	379.395991	28.901000
3.812380	379.709864	29.001000
3.810709	379.812860	29.101000
3.813758	379.563899	29.201000
3.818111	379.209840	29.301000
3.818804	379.139945	29.401000
3.815954	379.370301	29.501000
3.812228	379.644631	29.601000
3.811343	379.717438	29.701000
3.812363	379.661026	29.803000
3.815781	379.377951	29.901000
3.818518	379.110467	30.001000
3.816946	379.202713	30.101000
3.812693	379.522389	30.201000
3.810041	379.718401	30.301000
3.811244	379.645124	30.401000
3.815062	379.370068	30.501000
3.816972	379.221566	30.601000
3.816688	379.211991	30.701000
3.812828	379.496645	30.801000
3.809485	379.739816	30.901000
3.810185	379.665448	31.001000
3.813886	379.372731	31.101000
3.816513	379.197026	31.201000
3.816249	379.223788	31.301000
3.813942	379.385770	31.401000
3.810935	379.635204	31.501000
3.809047	379.809897	31.601000
3.812003	379.526908	31.701000
3.816420	379.159297	31.801000
3.817529	379.071039	31.901000
3.814097	379.358605	32.001000
3.811205	379.556214	32.101000
3.810085	379.655068	32.201000
3.811781	379.572713	32.301000
3.814871	379.360828	32.401000
3.817252	379.148685	32.501000
3.816432	379.187988	32.601000
3.811728	379.565060	32.701000
3.809002	379.777469	32.801000
3.810788	379.616768	32.901000
3.814249	379.365486	33.001000
3.816661	379.191518	33.101000
3.815921	379.249859	33.201000
3.813070	379.452039	33.301000
3.809418	379.730621	33.401000
3.809672	379.726408	33.501000
3.813593	379.375070	33.601000
3.816521	379.146475	33.701000
3.816564	379.142899	33.801000
3.813809	379.367898	33.901000
3.810899	379.614235	34.001000
3.809243	379.749064	34.101000
3.811605	379.565554	34.201000
3.815583	379.250970	34.301000
3.817492	379.093935	34.401000
3.814662	379.296150	34.501000
3.810331	379.626054	34.601000
3.810014	379.636399	34.701000
3.811516	379.532495	34.801000
3.814426	379.319334	34.901000
3.816619	379.113874	35.001000
3.815167	379.249172	35.101000
3.811931	379.480904	35.201000
3.808869	379.721673	35.301000
3.809977	379.640446	35.401000
3.814273	379.280804	35.501000
3.816891	379.095610	35.601000
3.815707	379.177941	35.701000
3.813020	379.392451	35.801000
3.809550	379.685590	35.901000
3.809189	379.723296	36.001000
3.812538	379.490386	36.101000
3.816318	379.160391	36.201000
3.816335	379.153606	36.301000
3.814050	379.298961	36.401000
3.810465	379.595877	36.501000
3.808665	379.730325	36.601000
3.810993	379.551416	36.701000
3.814806	379.234289	36.801000
3.816557	379.069336	36.901000
3.813861	379.282792	37.001000
3.809668	379.574023	37.101000
3.808388	379.653000	37.201000
3.810704	379.480377	37.301000
3.813331	379.254970	37.401000
3.815209	379.051309	37.501000
3.814181	379.132391	37.601000
3.810688	379.343039	37.701000
3.806409	379.723748	37.801000
3.807606	379.616496	37.901000
3.811505	379.302218	38.001000
3.814265	379.056335	38.101000
3.813662	379.100357	38.201000
3.810454	379.342812	38.301000
3.807441	379.571875	38.401000
3.806526	379.683295	38.501000
3.809789	379.434135	38.601000
3.813332	379.115558	38.701000
3.813488	379.104743	38.801000
3.810459	379.296299	38.901000
3.807473	379.511682	39.001000
3.806531	379.601348	39.101000
3.808519	379.443764	39.201000
3.811802	379.191890	39.301000
3.813954	379.048791	39.401000
3.812044	379.152404	39.501000
3.806772	379.586489	39.601000
3.806070	379.610737	39.701000
3.808230	379.431521	39.801000
3.811940	379.138390	39.901000
3.813426	379.006060	40.001000
3.812493	379.082505	40.101000
3.809199	379.356876	40.201000
3.806282	379.604199	40.301000
3.807149	379.542552	40.401000
3.811186	379.205990	40.501000
3.814362	378.970853	40.601000
3.812077	379.113119	40.701000
3.808846	379.333190	40.801000
3.806227	379.548715	40.901000
3.806049	379.593729	41.001000
3.809618	379.320148	41.101000
3.813188	379.039012	41.201000
3.813190	379.023322	41.301000
3.809198	379.332887	41.401000
3.806280	379.546984	41.501000
3.806070	379.579342	41.601000
3.808773	379.367486	41.701000
3.812040	379.121538	41.801000
3.813409	378.970186	41.901000
3.810584	379.236855	42.001000
3.806386	379.570199	42.101000
3.805023	379.670412	42.201000
3.809008	379.349733	42.301000
3.812780	379.072916	42.401000
3.812918	379.060643	42.501000
3.811698	379.135613	42.601000
3.808440	379.412843	42.701000
3.806198	379.587008	42.801000
3.807390	379.527236	42.901000
3.811717	379.193618	43.001000
3.814495	378.961746	43.101000
3.812312	379.137613	43.201000
3.808380	379.433654	43.301000
3.806731	379.570417	43.401000
3.807699	379.508349	43.501000
3.810924	379.278323	43.601000
3.813874	379.034920	43.701000
3.814186	379.009257	43.801000
3.810129	379.357131	43.901000
3.807122	379.567036	44.001000
3.807428	379.583038	44.101000
3.810385	379.384020	44.201000
3.813200	379.156005	44.301000
3.814533	379.050939	44.401000
3.812800	379.184136	44.501000
3.808657	379.529755	44.601000
3.807111	379.690997	44.701000
3.810110	379.442826	44.801000
3.814497	379.080793	44.901000
3.814812	379.075730	45.001000
3.812552	379.210606	45.101000
3.810410	379.362264	45.201000
3.808403	379.556196	45.301000
3.808898	379.524778	45.401000
3.812497	379.254525	45.501000
3.815862	379.004120	45.601000
3.815224	379.050399	45.701000
3.810601	379.447890	45.801000
3.807919	379.643001	45.901000
3.809400	379.545400	46.001000
3.812582	379.282112	46.101000
3.815354	379.052431	46.201000
3.815780	379.039475	46.301000
3.812486	379.284664	46.401000
3.808896	379.607730	46.501000
3.808463	379.624115	46.601000
3.811630	379.391726	46.701000
3.814913	379.125159	46.801000
3.815667	379.038067	46.901000
3.813773	379.189398	47.001000
3.809778	379.474808	47.101000
3.807906	379.634177	47.201000
3.810005	379.487725	47.301000
3.814620	379.127313	47.401000
3.815560	379.066644	47.501000
3.813307	379.194335	47.601000
3.810563	379.394081	47.701000
3.808625	379.562837	47.801000
3.809802	379.479019	47.901000
3.813343	379.192433	48.001000
3.816277	378.965001	48.101000
3.815361	379.016065	48.201000
3.810528	379.476800	48.301000
3.807907	379.649371	48.401000
3.809364	379.573209	48.501000
3.813004	379.275387	48.601000
3.815813	379.047322	48.701000
3.815811	379.051648	48.801000
3.813318	379.213209	48.901000
3.809626	379.549900	49.001000
3.808831	379.629630	49.101000
3.812524	379.372598	49.201000
3.816044	379.107949	49.301000
3.816128	379.141696	49.401000
3.814374	379.232898	49.501000
3.810960	379.484163	49.601000
3.809802	379.582448	49.701000
3.812107	379.431196	49.801000
3.815966	379.151392	49.901000
3.817697	379.038179	50.001000
3.815183	379.248358	50.101000
3.811956	379.472373	50.201000
3.810726	379.570858	50.301000
3.811738	379.504352	50.401000
3.815153	379.255241	50.501000
3.818045	379.005441	50.601000
3.817423	379.055480	50.701000
3.812818	379.455216	50.801000
3.809911	379.684256	50.901000
3.811572	379.554291	51.001000
3.815437	379.274713	51.101000
3.817782	379.071410	51.201000
3.817115	379.103408	51.301000
3.814267	379.306071	51.401000
3.811090	379.570417	51.501000
3.811136	379.592450	51.602000
3.814415	379.346196	51.701000
3.817708	379.117424	51.801000
3.817791	379.104647	51.901000
3.815067	379.344241	52.001000
3.812037	379.551769	52.101000
3.811180	379.656031	52.201000
3.813999	379.425396	52.301000
3.818231	379.104447	52.401000
3.819052	379.041755	52.501000
3.816250	379.284442	52.601000
3.812638	379.555800	52.701000
3.811492	379.654920	52.801000
3.813923	379.451763	52.901000
3.817251	379.201170	53.001000
3.818913	379.061111	53.101000
3.817824	379.125722	53.201000
3.814131	379.448705	53.301000
3.811546	379.672474	53.401000
3.813488	379.519271	53.501000
3.817564	379.226807	53.601000
3.819401	379.058495	53.701000
3.817371	379.206352	53.801000
3.814548	379.404217	53.901000
3.812043	379.586671	54.001000
3.812351	379.551456	54.101000
3.816016	379.286424	54.201000
3.819155	379.026486	54.301000
3.818623	379.063236	54.401000
3.814209	379.408916	54.501000
3.811716	379.598417	54.601000
3.811672	379.592321	54.701000
3.814352	379.376388	54.801000
3.817668	379.098913	54.901000
3.818530	379.038215	55.001000
3.814985	379.316812	55.102000
3.811285	379.578915	55.201000
3.810967	379.585661	55.301000
3.814058	379.398872	55.401000
3.817289	379.131574	55.502000
3.817510	379.087979	55.601000
3.816103	379.194656	55.701000
3.812837	379.426803	55.801000
3.810428	379.608397	55.901000
3.812726	379.449245	56.001000
3.817143	379.130724	56.101000
3.818977	378.978166	56.201000
3.816526	379.191199	56.301000
3.813085	379.445597	56.401000
3.811761	379.550688	56.501000
3.812416	379.487383	56.601000
3.815876	379.228955	56.701000
3.818646	379.033308	56.801000
3.818538	379.014705	56.901000
3.814591	379.346898	57.001000
3.811576	379.624756	57.101000
3.812093	379.609907	57.201000
3.815288	379.334408	57.301000
3.818796	379.026064	57.401000
3.818741	379.066892	57.501000
3.816066	379.226138	57.601000
3.811864	379.589561	57.701000
3.812178	379.598636	57.801000
3.816195	379.344618	57.901000
3.819414	379.087284	58.001000
3.819297	379.134537	58.101000
3.817342	379.236760	58.201000
3.814364	379.465984	58.301000
3.812822	379.598082	58.401000
3.815063	379.460013	58.501000
3.819439	379.101770	58.601000
3.821046	379.017041	58.701000
3.818395	379.219231	58.801000
3.814500	379.529586	58.901000
3.813250	379.619795	59.002000
3.815372	379.453170	59.101000
3.818916	379.182432	59.201000
3.820836	379.008268	59.301000
3.819418	379.118540	59.401000
3.815557	379.409953	59.501000
3.812867	379.638715	59.601000
3.814514	379.506944	59.701000
3.818227	379.282152	59.801000
3.821101	379.035530	59.901000
3.819773	379.124095	60.001000
3.816708	379.357197	60.101000
3.813553	379.631162	60.201000
3.814258	379.601878	60.301000
3.817942	379.326373	60.401000
3.821573	379.098273	60.501000
3.820971	379.147540	60.601000
3.817423	379.401711	60.701000
3.815146	379.587016	60.801000
3.815363	379.594655	60.901000
3.817888	379.412343	61.001000
3.821808	379.084544	61.101000
3.823003	378.981867	61.201000
3.819711	379.262174	61.301000
3.815762	379.606699	61.401000
3.814896	379.706125	61.501000
3.818866	379.407786	61.601000
3.822032	379.158356	61.701000
3.822495	379.089683	61.801000
3.820555	379.220139	61.901000
3.817123	379.467125	62.001000
3.815101	379.652859	62.101000
3.817239	379.535444	62.201000
3.821704	379.183395	62.301000
3.823348	379.048873	62.401000
3.820953	379.268720	62.501000
3.817277	379.536779	62.601000
3.815570	379.689960	62.701000
3.817117	379.579864	62.801000
3.821025	379.240292	62.901000
3.823314	379.081043	63.001000
3.822146	379.155615	63.101000
3.817664	379.539413	63.201000
3.815689	379.691886	63.301000
3.817056	379.564047	63.401000
3.820601	379.300292	63.501000
3.822672	379.121316	63.601000
3.823177	379.050865	63.701000
3.820061	379.266228	63.801000
3.816024	379.619644	63.901000
3.815513	379.689070	64.001000
3.820120	379.338869	64.101000
3.823453	379.075982	64.201000
3.822429	379.166231	64.301000
3.819661	379.324076	64.401000
3.817187	379.514828	64.501000
3.816352	379.596098	64.601000
3.818247	379.445641	64.701000
3.821964	379.177737	64.801000
3.824212	378.979397	64.901000
3.820938	379.281701	65.001000
3.817003	379.558689	65.101000
3.815428	379.672702	65.201000
3.817576	379.519689	65.301000
3.821031	379.224825	65.401000
3.823338	379.013690	65.501000
3.821784	379.112801	65.602000
3.817515	379.454205	65.701000
3.814875	379.666110	65.801000
3.816747	379.509425	65.901000
3.820126	379.274792	66.002000
