$SPEC_ID:
No sample description was entered.
$SPEC_REM:
DET# 1
DETDESC# MCB 337
AP# Maestro Version 6.06
$DATE_MEA:
07/28/2020 16:43:53
$MEAS_TIM:
296 300
$DATA:
0 1023
       0
       0
       0
       0
       0
       0
       0
       0
       0
       0
       0
       0
       0
       0
       0
       0
       0
       0
       0
       0
       0
      12
     140
     182
     142
     106
      82
      57
      72
      64
      68
      46
      56
      54
      55
      57
      52
      60
      47
      53
      59
      50
      46
      52
      42
      56
      54
      72
      65
      53
      69
      55
      58
      81
      65
      68
      50
      72
      76
      66
      50
      66
      54
      68
      55
      74
      82
      87
      83
      69
      71
      57
      89
      72
      90
      98
      76
      84
      96
      84
     101
      94
     109
     132
     128
     175
     166
     153
     167
     191
     183
     165
     160
     161
     159
     155
     150
     120
     146
     116
     144
     116
     131
     115
     119
     143
     137
     109
     110
     107
     108
     113
     106
     104
     104
      93
      98
     125
      98
     106
     105
     101
     116
      84
      91
      91
     117
      86
     115
     115
      97
     103
     119
     114
     122
     125
     111
     108
     102
      99
     115
     119
     125
     113
     105
     119
     123
     115
     107
     111
     132
     107
      99
     133
      97
     116
     107
     109
     113
     135
     110
     117
     100
     106
     121
     115
      96
     112
     115
     131
     102
     116
     104
     112
     110
     110
      99
     102
     104
     113
     102
      98
      94
     108
      90
      93
      92
     103
     105
     100
     109
      93
     102
      99
     115
     114
      99
      97
     125
     110
      87
     107
      79
     122
     103
     120
     116
      99
     111
     106
     113
     106
     136
     109
     102
     104
      98
     101
     117
      88
     106
     112
     105
     107
     111
      89
      97
     120
     109
      94
     100
      97
     116
     120
     104
      98
     101
     108
     111
     107
     104
     104
      89
     108
     113
     116
      87
      95
      92
      95
     101
     116
     101
      92
      90
     104
      74
     102
      94
      96
      97
      93
     112
     100
     100
     101
      93
      89
     114
      93
      92
     103
      98
      84
      96
     105
     113
      84
      82
      88
      76
      96
     115
      88
     102
      87
      86
      89
      97
      82
      88
      80
      94
      93
      80
      81
      86
      78
      87
      89
      81
      78
      92
      82
      88
      81
      75
      72
      86
      73
      76
      77
      91
      79
      87
      75
      68
      72
      92
      85
      71
      80
      75
      66
      80
      74
      81
      86
      72
      66
      89
      72
      63
      86
      69
      78
      77
      88
      77
      59
      62
      67
      71
      81
      76
      83
      55
      57
      65
      68
      80
      65
      69
      77
      52
      81
      65
      59
      68
      61
      60
      61
      81
      67
      74
      60
      62
      63
      62
      64
      75
      54
      65
      60
      58
      76
      64
      65
      55
      76
      49
      73
      62
      60
      63
      64
      42
      64
      62
      60
      58
      59
      55
      70
      55
      53
      61
      53
      60
      46
      65
      56
      57
      56
      62
      70
      64
      48
      54
      53
      62
      44
      69
      57
      43
      46
      56
      60
      54
      55
      56
      57
      45
      50
      49
      45
      45
      46
      54
      63
      60
      54
      60
      38
      49
      57
      47
      49
      50
      31
      50
      48
      54
      54
      51
      46
      53
      33
      55
      51
      50
      38
      46
      51
      55
      49
      49
      47
      45
      49
      39
      44
      53
      45
      39
      49
      51
      37
      50
      43
      47
      42
      47
      43
      48
      45
      41
      49
      50
      38
      41
      36
      29
      45
      26
      41
      43
      57
      39
      45
      47
      43
      42
      42
      35
      36
      41
      36
      39
      33
      36
      36
      33
      33
      44
      43
      48
      35
      23
      41
      40
      33
      42
      33
      40
      30
      34
      33
      32
      30
      41
      24
      33
      17
      25
      27
      23
      31
      35
      34
      32
      30
      20
      27
      35
      24
      25
      25
      26
      34
      41
      30
      26
      26
      25
      24
      26
      20
      24
      31
      25
      25
      12
      16
      25
      23
      21
      28
      26
      17
      30
      20
      22
      35
      22
      26
      28
      28
      29
      24
      25
      27
      16
      25
      21
      23
      25
      35
      25
      28
      30
      29
      19
      22
      29
      20
      23
      26
      20
      23
      21
      34
      18
      17
      28
      19
      21
      23
      22
      25
      25
      21
      15
      16
      23
      16
      21
      30
      26
      22
      24
      24
      24
      21
      31
      25
      27
      23
      29
      30
      27
      36
      29
      32
      38
      36
      29
      32
      30
      53
      43
      46
      33
      33
      30
      40
      53
      43
      41
      49
      48
      41
      51
      48
      47
      56
      41
      48
      50
      48
      53
      73
      54
      61
      54
      57
      61
      57
      64
      50
      70
      53
      64
      72
      88
      73
      83
      85
      82
      84
     110
      72
      95
      86
      86
      93
      98
      99
     105
     117
     111
     119
     113
     112
     106
     124
     111
     129
     101
     131
     122
     125
     116
     122
     135
     128
     138
     130
     109
     140
     129
     152
      99
     150
     124
     131
     129
     138
     134
     135
     125
     150
     119
     139
     132
     136
     128
     131
     123
     108
     119
     119
     117
     100
     144
     117
     111
      99
     114
     110
      89
     102
     109
      86
      84
      95
      78
      85
      84
      88
      72
      67
      84
      67
      67
      63
      74
      58
      61
      64
      52
      59
      54
      51
      48
      53
      39
      43
      34
      34
      28
      26
      23
      33
      20
      28
      19
      17
      13
      14
      18
      17
      16
      20
      15
      10
      13
      11
       7
      13
      18
      10
       7
       7
       2
       8
      10
       8
       0
       7
       5
       2
       4
       2
       7
       3
       2
       4
       7
       4
       4
       4
       0
       3
       6
       3
       1
       6
       4
       5
       5
       5
       3
       4
       5
       4
       8
       5
       4
       0
       2
       4
       1
       2
       2
       6
       2
       5
       3
       3
       6
       4
       3
       6
       0
       0
       3
       3
       2
       2
       6
       6
       6
       5
       3
       7
       8
       3
       7
       6
       3
       7
       2
       3
       3
       2
       6
       5
       2
       2
       1
       5
       1
       2
       5
       5
       3
       5
       5
       4
       2
       3
       4
       2
       1
       5
       1
       2
       2
       4
       5
       1
       2
       1
      10
       4
       6
       1
       4
       1
       1
       1
       2
       2
       3
       2
       2
       3
       3
       2
       6
       5
       4
       1
       5
       4
       6
       3
       3
       3
       4
       4
       7
       4
       2
       3
       5
       5
       4
       2
       6
       2
       2
       4
       2
       2
       4
       3
       4
       3
       1
       3
       2
       2
       3
       5
       2
       2
       3
       4
       6
       4
       2
       4
       3
       6
       3
       0
       5
       3
       3
       2
       4
       1
       0
       1
       1
       5
       4
       7
       4
       3
       3
       7
       3
       5
       0
       2
       2
       3
       1
       3
       2
       2
       1
       5
       2
       2
       3
       3
       4
       0
       5
       4
       4
       1
       0
       3
       4
       4
       2
       3
       4
       4
       3
       2
       0
       1
       6
       4
       3
      13
       8
      13
      14
      16
       8
      16
      14
      16
      10
      22
      20
       7
      11
       9
      10
       8
      11
      13
      12
      13
       8
      16
$ROI:
0
$PRESETS:
Real Time
300
0
$ENER_FIT:
0.000000 0.000000
$MCA_CAL:
3
0.000000E+000 0.000000E+000 0.000000E+000 
$SHAPE_CAL:
3
0.000000E+000 0.000000E+000 0.000000E+000
