$SPEC_ID:
No sample description was entered.
$SPEC_REM:
DET# 1
DETDESC# MCB 337
AP# Maestro Version 6.06
$DATE_MEA:
07/28/2020 16:30:10
$MEAS_TIM:
32 120
$DATA:
0 1023
       0
       0
       0
       0
       0
       0
       0
       0
       0
       0
       1
       0
       0
       0
       0
       0
       0
       0
       3
       5
       9
      97
    9578
   11506
   11597
   11486
   11611
   11745
   11513
   11291
   11182
   10899
   10398
   10207
    9899
    9661
    9161
    8686
    8209
    7687
    7289
    6800
    6210
    5966
    5310
    4896
    4390
    4031
    3599
    3278
    2977
    2594
    2327
    1982
    1805
    1501
    1354
    1197
    1034
     893
     747
     699
     604
     521
     481
     416
     365
     367
     354
     296
     268
     259
     261
     274
     307
     273
     265
     270
     280
     297
     277
     287
     277
     242
     277
     273
     262
     289
     296
     302
     305
     312
     358
     316
     288
     322
     318
     351
     310
     339
     291
     312
     321
     362
     304
     313
     323
     328
     313
     290
     302
     305
     307
     313
     299
     292
     312
     314
     291
     303
     297
     293
     275
     321
     269
     268
     303
     260
     266
     277
     262
     302
     309
     289
     269
     270
     285
     289
     314
     308
     280
     275
     286
     321
     285
     309
     280
     277
     273
     299
     284
     284
     310
     280
     278
     281
     296
     287
     298
     291
     306
     299
     291
     299
     283
     273
     276
     291
     314
     283
     290
     287
     268
     297
     287
     303
     282
     294
     331
     316
     306
     304
     305
     294
     261
     290
     262
     316
     322
     318
     336
     359
     316
     317
     316
     301
     320
     322
     307
     353
     322
     324
     309
     319
     327
     301
     321
     319
     319
     314
     322
     351
     307
     325
     347
     352
     318
     330
     317
     368
     369
     369
     329
     359
     374
     379
     382
     371
     364
     381
     355
     390
     346
     355
     379
     390
     377
     377
     357
     327
     344
     367
     358
     361
     375
     362
     390
     357
     355
     378
     367
     338
     325
     370
     352
     363
     354
     365
     362
     385
     363
     332
     360
     362
     391
     358
     330
     321
     309
     368
     332
     355
     305
     368
     323
     354
     330
     370
     323
     350
     358
     326
     354
     317
     324
     308
     342
     314
     339
     316
     316
     327
     351
     289
     321
     329
     308
     322
     328
     333
     349
     312
     347
     298
     299
     317
     351
     292
     320
     324
     311
     337
     305
     311
     297
     290
     283
     312
     310
     307
     286
     337
     287
     263
     294
     309
     304
     313
     298
     308
     316
     298
     300
     327
     307
     287
     304
     307
     286
     308
     307
     308
     295
     284
     314
     302
     265
     297
     283
     312
     324
     311
     320
     292
     336
     299
     311
     303
     309
     303
     296
     313
     335
     323
     251
     343
     299
     323
     310
     300
     299
     307
     291
     308
     322
     305
     271
     266
     319
     284
     283
     324
     308
     291
     294
     313
     319
     328
     311
     290
     298
     309
     307
     292
     312
     311
     310
     277
     292
     290
     274
     294
     313
     316
     320
     253
     316
     277
     323
     304
     310
     300
     303
     310
     322
     312
     353
     291
     284
     255
     291
     302
     271
     288
     325
     303
     283
     295
     279
     283
     261
     312
     289
     295
     321
     292
     302
     330
     279
     316
     285
     316
     299
     327
     287
     340
     310
     302
     311
     316
     313
     307
     289
     310
     311
     303
     319
     297
     287
     315
     287
     301
     336
     295
     314
     285
     306
     330
     306
     314
     280
     327
     324
     332
     296
     316
     311
     313
     316
     296
     300
     312
     320
     320
     296
     305
     340
     332
     350
     303
     297
     300
     350
     342
     347
     309
     325
     324
     292
     317
     291
     312
     302
     309
     306
     290
     303
     312
     301
     313
     327
     302
     277
     268
     287
     281
     296
     291
     283
     282
     264
     254
     232
     246
     280
     271
     244
     265
     247
     260
     241
     252
     239
     197
     222
     220
     223
     202
     194
     193
     228
     196
     198
     182
     204
     187
     186
     187
     182
     183
     172
     147
     157
     182
     175
     170
     146
     166
     154
     144
     158
     164
     165
     151
     162
     152
     156
     143
     129
     127
     149
     131
     138
     131
     126
     145
     129
     124
     138
     146
     124
     105
     121
     122
     124
      98
     127
     119
     109
     111
     109
     106
     112
     127
     104
     130
     134
      93
     119
     114
     100
     113
     104
     108
     119
     108
     129
     105
      86
      96
     105
     118
     114
     107
     104
     110
     131
     102
      90
     110
     120
     103
     105
     108
     120
     101
     109
     116
      96
     111
     102
      91
     122
     120
     112
     105
     130
     109
     120
     114
     118
     127
     121
     111
      99
     137
     113
     134
     129
     117
     117
     111
     143
     115
     132
     148
     121
     152
     144
     145
     149
     136
     142
     143
     133
     145
     124
     154
     138
     141
     184
     169
     168
     176
     155
     195
     185
     192
     202
     183
     197
     200
     202
     191
     236
     232
     234
     231
     237
     252
     292
     255
     306
     269
     324
     310
     325
     366
     382
     381
     382
     429
     439
     508
     470
     470
     533
     578
     585
     609
     619
     669
     687
     768
     761
     827
     835
     898
     948
     928
    1044
    1021
    1113
    1110
    1175
    1151
    1279
    1320
    1322
    1342
    1434
    1493
    1496
    1529
    1500
    1510
    1626
    1740
    1739
    1774
    1729
    1782
    1792
    1748
    1814
    1792
    1837
    1864
    1921
    1950
    1951
    1864
    1872
    1847
    1815
    1817
    1785
    1740
    1810
    1739
    1678
    1663
    1641
    1534
    1572
    1486
    1407
    1454
    1349
    1347
    1290
    1332
    1202
    1166
    1214
    1105
    1026
     992
     978
     919
     886
     818
     805
     763
     735
     689
     607
     643
     599
     533
     515
     558
     489
     454
     399
     385
     361
     347
     311
     340
     289
     238
     273
     241
     233
     219
     170
     161
     159
     157
     156
     136
     116
     133
      92
      69
      84
      82
      53
      60
      70
      53
      54
      47
      47
      32
      35
      46
      34
      32
      31
      28
      18
      17
      11
      14
      12
      10
       8
       7
      16
      10
      14
       4
       8
      12
      10
      11
       8
      10
       4
      14
       7
       5
       9
       6
       4
       5
       8
       8
       3
       9
       5
      12
      12
       6
       5
       5
       8
       4
       9
       3
       5
       4
       4
       8
       5
       6
       5
       2
       6
       5
       6
       3
       3
       5
       2
       5
       6
       3
       2
       4
       4
       6
       8
       9
       2
       5
       2
      11
      10
       4
       6
       3
       5
       3
       3
       4
       5
       4
       2
       1
       6
       2
       1
       5
       1
       2
       4
       3
       2
       3
       5
       5
       6
       4
       5
       6
       6
       5
       3
       3
       3
       2
       4
       2
       7
       1
       7
       7
       4
       5
       5
       7
       5
       5
       2
       2
       2
       1
       5
       5
       2
       6
       3
       2
       5
       8
       8
       3
       7
       4
       4
       1
       4
       5
       5
       5
       1
       5
       3
       4
       6
       4
       5
       7
       2
       4
       1
       4
       2
       1
       5
       4
       3
       5
       2
       4
       5
       3
       1
       2
       6
       7
       5
       6
       4
       1
       5
       5
       4
      15
      23
      23
      16
       8
      15
      21
      10
      13
      14
      11
      15
      15
      15
      19
      13
      10
       8
      19
      24
      15
      13
      15
$ROI:
0
$PRESETS:
Real Time
120
0
$ENER_FIT:
0.000000 0.000000
$MCA_CAL:
3
0.000000E+000 0.000000E+000 0.000000E+000 
$SHAPE_CAL:
3
0.000000E+000 0.000000E+000 0.000000E+000
