$SPEC_ID:
No sample description was entered.
$SPEC_REM:
DET# 1
DETDESC# MCB 337
AP# Maestro Version 6.06
$DATE_MEA:
07/28/2020 18:01:49
$MEAS_TIM:
835 840
$DATA:
0 1023
       0
       0
       0
       0
       0
       0
       0
       0
       0
       0
       0
       0
       0
       0
       0
       0
       0
       0
       0
       0
       1
       5
     298
     323
     285
     200
     100
     123
     127
     101
     103
      97
      97
      70
      89
     103
      93
     105
     100
     104
      96
     101
      97
     120
      77
      96
     119
     129
     117
     131
     129
     142
     132
     108
     139
     134
     136
     133
      93
     123
     117
     134
     130
     116
     130
     139
     131
     120
     140
     158
     173
     150
     158
     174
     168
     183
     176
     210
     207
     203
     247
     244
     281
     268
     328
     347
     348
     356
     427
     467
     433
     410
     413
     409
     346
     345
     332
     299
     323
     318
     293
     308
     318
     324
     289
     336
     306
     311
     289
     326
     299
     284
     262
     236
     309
     275
     259
     291
     311
     264
     321
     246
     264
     275
     306
     243
     290
     277
     264
     252
     265
     233
     274
     268
     239
     251
     252
     261
     282
     268
     228
     226
     249
     268
     276
     249
     244
     244
     255
     240
     263
     267
     267
     240
     241
     272
     271
     236
     254
     256
     256
     244
     236
     249
     246
     255
     241
     237
     255
     247
     238
     239
     259
     290
     251
     226
     253
     263
     266
     230
     228
     234
     244
     259
     237
     235
     242
     209
     235
     217
     259
     224
     256
     240
     216
     246
     240
     227
     252
     234
     245
     224
     234
     253
     264
     230
     206
     219
     210
     228
     229
     205
     220
     206
     232
     226
     190
     245
     212
     223
     223
     204
     194
     218
     207
     235
     184
     207
     211
     235
     205
     202
     204
     232
     210
     188
     232
     231
     206
     241
     197
     205
     220
     197
     199
     215
     202
     193
     192
     202
     187
     216
     180
     173
     191
     217
     175
     227
     196
     177
     164
     183
     215
     193
     179
     168
     202
     196
     200
     201
     184
     178
     215
     187
     196
     168
     166
     172
     186
     195
     195
     192
     178
     150
     199
     172
     163
     161
     155
     170
     169
     191
     172
     165
     162
     146
     145
     149
     149
     150
     154
     178
     175
     155
     139
     183
     139
     155
     149
     151
     151
     166
     146
     145
     148
     144
     157
     145
     142
     164
     162
     157
     150
     146
     131
     158
     149
     140
     146
     144
     153
     166
     139
     144
     153
     140
     130
     138
     132
     131
     128
     141
     135
     129
     135
     143
     123
     156
     130
     132
     140
     130
     140
     137
     125
     138
     120
     141
     145
     146
     160
     123
     140
     150
     138
     120
     139
     145
     140
     133
     136
     134
     132
     114
     137
     103
     149
     142
     126
     143
     136
     132
     143
     131
     150
     165
     134
     144
     140
     142
     136
     121
     175
     155
     144
     150
     177
     135
     139
     161
     157
     137
     138
     163
     167
     148
     136
     147
     164
     149
     153
     145
     131
     145
     164
     148
     134
     156
     151
     143
     151
     162
     128
     121
     128
     148
     145
     142
     142
     129
     134
      94
     112
     126
     136
     123
     140
     114
      85
     122
     114
     111
     108
     102
     120
      98
     113
      96
     111
      94
     116
      81
     105
     103
     104
     100
     104
      85
     101
      93
      98
      79
      95
      88
      84
      93
      91
      86
      90
      93
      91
      71
      66
      82
      73
      66
      77
      88
      88
      81
      77
      83
      77
      87
      94
      92
      84
      97
      75
      84
      83
      84
      94
      67
     107
      99
      82
      84
      81
      92
      71
      86
      89
      74
      90
      94
      70
     109
      97
      88
     103
      91
      73
      89
      79
      85
      88
      82
      69
      86
      74
      87
      88
      83
      90
      60
      92
      80
      76
      76
      85
      61
      89
      75
      70
      78
      70
      84
      81
      76
      95
      80
      77
      79
      72
      71
      80
      80
      82
      85
      76
      65
      68
      57
      63
      66
      63
      54
      64
      76
      66
      82
      75
      55
      52
      67
      65
      49
      57
      56
      55
      67
      54
      61
      68
      59
      50
      52
      49
      55
      51
      68
      50
      37
      56
      39
      50
      44
      57
      57
      54
      47
      41
      52
      51
      47
      57
      43
      42
      45
      40
      39
      39
      48
      38
      42
      32
      33
      35
      34
      40
      47
      43
      49
      48
      31
      34
      34
      34
      28
      39
      42
      37
      39
      40
      37
      35
      41
      35
      31
      36
      32
      37
      32
      39
      37
      37
      20
      30
      25
      20
      29
      31
      30
      33
      37
      41
      28
      34
      28
      38
      37
      31
      45
      26
      47
      40
      34
      36
      37
      27
      33
      32
      30
      28
      28
      26
      24
      39
      33
      32
      20
      33
      26
      35
      33
      28
      36
      35
      29
      27
      26
      28
      27
      35
      30
      22
      24
      25
      30
      31
      27
      23
      34
      23
      20
      24
      22
      17
      18
      26
      38
      23
      28
      23
      33
      23
      27
      31
      23
      20
      28
      19
      24
      31
      26
      29
      25
      26
      28
      27
      30
      24
      28
      31
      19
      22
      22
      24
      15
      23
      28
      30
      16
      26
      22
      27
      28
      20
      25
      22
      29
      14
      24
      32
      19
      12
      21
      18
      21
      19
      14
      20
      18
      16
      31
      12
      14
      23
      21
      15
      17
      20
      16
      12
      19
      16
      11
      16
      11
      14
       6
      14
       7
      19
      19
       7
       6
      16
      15
      12
      17
      10
      15
      11
       9
      11
       8
       7
      21
       7
      13
      13
      10
      11
      10
      12
      10
       8
       8
      20
      13
      10
      11
       4
      16
       8
      13
       9
      15
       9
      12
      13
      11
      12
       7
      12
      14
      11
      12
      10
       9
      12
      11
      11
      10
       5
       8
      14
      13
       7
       7
      11
      16
      12
       7
       9
       9
       9
      17
      11
      11
      12
      10
      13
      13
      12
       9
       8
      11
       8
      11
      18
       9
       8
       8
      15
       9
       9
      10
       7
       8
      11
      10
       6
       9
      11
       8
       8
       8
      10
       8
      10
      17
       7
       8
       7
      10
       7
      10
      12
       9
       9
      10
       7
       6
       5
      17
       4
       7
       7
       8
       6
       8
      10
       6
      17
       7
       5
       6
      10
      12
      12
       8
      10
      13
       7
       8
      13
       8
      10
      12
       9
       9
       6
       9
      12
      15
       5
       8
       8
       8
       6
       9
       5
       5
      15
       8
       2
       6
      13
      10
      13
       3
       9
       8
       9
       9
      10
      11
       7
       9
       6
      11
       9
       9
      11
      12
      10
       7
      10
       8
       8
       9
       8
      11
       7
       6
      11
       9
       7
       4
      10
       1
       5
       9
       5
      10
       4
       9
       9
       8
      10
       8
      11
       6
      13
       9
       8
      14
       5
      10
       9
       7
       8
       7
       9
       7
      11
      12
       8
       9
      11
       6
      16
      12
       6
      15
       8
       9
      12
      50
      30
      48
      49
      30
      30
      30
      44
      42
      39
      38
      42
      30
      20
      24
      27
      25
      30
      33
      26
      19
      20
      26
$ROI:
0
$PRESETS:
Real Time
840
0
$ENER_FIT:
0.000000 0.000000
$MCA_CAL:
3
0.000000E+000 0.000000E+000 0.000000E+000 
$SHAPE_CAL:
3
0.000000E+000 0.000000E+000 0.000000E+000
