$SPEC_ID:
No sample description was entered.
$SPEC_REM:
DET# 1
DETDESC# MCB 337
AP# Maestro Version 6.06
$DATE_MEA:
07/28/2020 16:40:10
$MEAS_TIM:
118 120
$DATA:
0 1023
       0
       0
       0
       0
       0
       0
       0
       0
       0
       0
       0
       0
       0
       0
       0
       0
       0
       1
       1
       0
       0
       3
      76
      98
      82
      62
      50
      44
      43
      41
      30
      41
      32
      31
      15
      32
      33
      21
      31
      14
      32
      25
      35
      33
      30
      35
      23
      32
      30
      30
      39
      27
      32
      25
      39
      30
      27
      34
      29
      32
      42
      39
      32
      31
      36
      40
      25
      38
      39
      37
      33
      53
      43
      37
      45
      47
      38
      44
      58
      59
      46
      57
      67
      66
      82
      68
      81
      76
      95
      94
      92
      96
      78
      94
      74
      81
      71
      88
      60
      70
      62
      74
      58
      58
      57
      55
      59
      62
      64
      60
      57
      48
      69
      59
      52
      54
      46
      42
      53
      56
      44
      60
      47
      49
      57
      40
      42
      61
      55
      55
      48
      58
      75
      56
      49
      50
      57
      56
      43
      55
      50
      52
      47
      45
      50
      65
      47
      54
      59
      56
      60
      49
      57
      62
      64
      53
      49
      59
      72
      56
      56
      54
      61
      61
      64
      54
      75
      64
      53
      62
      68
      46
      73
      57
      53
      47
      52
      63
      74
      64
      68
      40
      63
      65
      52
      50
      53
      51
      51
      52
      56
      53
      54
      46
      51
      57
      43
      58
      51
      59
      55
      50
      46
      59
      58
      50
      73
      57
      44
      38
      76
      50
      66
      65
      75
      64
      74
      68
      71
      74
      54
      57
      63
      60
      59
      54
      63
      74
      64
      56
      60
      63
      63
      61
      71
      55
      54
      65
      77
      58
      63
      76
      58
      62
      68
      44
      59
      44
      55
      53
      58
      48
      49
      61
      55
      56
      66
      58
      53
      58
      63
      53
      44
      56
      69
      40
      58
      64
      38
      52
      60
      48
      40
      54
      54
      51
      58
      41
      55
      45
      49
      45
      52
      39
      63
      59
      50
      48
      52
      69
      49
      34
      34
      53
      50
      48
      62
      63
      53
      74
      51
      44
      55
      52
      53
      66
      54
      58
      42
      44
      43
      48
      43
      55
      40
      44
      42
      37
      39
      47
      47
      43
      37
      47
      53
      49
      45
      47
      45
      56
      57
      42
      39
      50
      49
      38
      49
      45
      31
      48
      33
      46
      50
      45
      54
      43
      41
      36
      46
      35
      32
      46
      43
      32
      46
      37
      37
      52
      30
      34
      27
      38
      44
      42
      30
      34
      33
      46
      36
      39
      36
      38
      50
      41
      27
      45
      42
      37
      29
      39
      39
      28
      32
      31
      36
      31
      33
      34
      35
      34
      29
      35
      31
      39
      26
      32
      31
      37
      46
      34
      29
      26
      30
      40
      43
      29
      36
      35
      31
      34
      38
      36
      27
      34
      33
      37
      40
      33
      25
      39
      22
      38
      28
      25
      32
      33
      26
      25
      43
      28
      31
      28
      24
      24
      32
      38
      28
      31
      23
      22
      31
      21
      25
      29
      28
      32
      21
      30
      36
      39
      31
      31
      31
      42
      26
      28
      30
      27
      27
      43
      30
      35
      39
      36
      35
      33
      28
      30
      23
      26
      21
      38
      28
      25
      28
      26
      22
      30
      27
      32
      27
      22
      30
      26
      16
      31
      29
      26
      30
      20
      24
      29
      31
      19
      16
      26
      22
      20
      26
      29
      20
      21
      21
      27
      26
      23
      20
      21
      20
      18
      28
      26
      14
      14
      13
      22
      18
       9
      15
      17
      17
      10
      18
      17
      15
      13
      22
      14
      12
      23
      14
      12
      17
      11
      13
      18
      15
      18
      13
      18
       8
      11
      19
      16
      10
      11
      14
      13
      19
       7
       5
      11
      14
      12
       8
      11
      13
      10
      18
      14
      13
      12
       4
      12
      17
      14
      14
      12
      13
      11
      19
       9
      12
       9
      10
      11
      15
      12
       8
      10
      14
       8
       9
      15
      13
      12
      13
      16
      18
       9
      15
       9
      11
       9
      15
      14
      18
      12
       4
      12
      11
      13
      13
      11
      11
      10
      13
      10
      14
      15
      11
      11
      10
      13
       7
      13
       8
      12
      11
       7
      12
      14
      14
      12
      12
       7
      19
      17
      16
      20
      18
       7
      18
      14
      16
      13
      20
      15
      16
      13
      12
      15
      21
      15
      10
      11
      14
      20
      20
      11
      14
      15
      22
      21
      18
      18
      11
      24
      18
      14
      22
      20
      17
      25
      33
      23
      24
      27
      31
      37
      23
      29
      26
      21
      31
      34
      42
      42
      45
      36
      29
      44
      46
      33
      55
      33
      51
      38
      52
      47
      54
      66
      51
      54
      57
      58
      56
      73
      81
      71
      75
      63
      68
      65
      58
      72
      75
      80
      82
      85
      84
      82
      86
      73
      83
      85
      88
      91
      82
      83
      87
      88
      88
      79
      76
      88
     105
      79
      80
      83
      71
     101
      78
      81
      88
      73
      86
      80
      65
      51
      74
      72
      55
      68
      68
      63
      53
      47
      59
      44
      39
      52
      52
      51
      44
      48
      37
      31
      22
      42
      36
      31
      30
      30
      29
      21
      15
      22
      22
       8
      17
      14
      16
      22
      13
      13
       6
      14
       8
       5
       6
       7
       4
       5
       7
       6
       7
       1
       2
       8
       3
       6
       2
       1
       4
       0
       1
       6
       2
       3
       1
       3
       1
       3
       0
       2
       3
       1
       1
       2
       2
       1
       1
       1
       1
       0
       0
       2
       2
       2
       2
       0
       1
       2
       0
       0
       1
       2
       0
       0
       1
       1
       1
       2
       0
       0
       0
       1
       2
       3
       1
       3
       1
       1
       2
       1
       1
       1
       0
       1
       2
       6
       2
       2
       0
       1
       0
       1
       0
       2
       1
       2
       3
       0
       1
       1
       1
       0
       1
       2
       2
       0
       2
       1
       2
       2
       2
       0
       1
       1
       2
       1
       2
       1
       2
       1
       3
       0
       1
       1
       2
       0
       0
       1
       0
       1
       0
       1
       4
       1
       1
       2
       0
       1
       1
       3
       3
       2
       3
       1
       0
       4
       2
       1
       3
       1
       1
       2
       0
       2
       3
       1
       1
       1
       0
       2
       0
       1
       2
       3
       1
       0
       1
       1
       2
       0
       1
       1
       0
       0
       0
       0
       1
       1
       0
       0
       1
       0
       0
       2
       1
       1
       3
       1
       2
       2
       3
       1
       1
       2
       4
       4
       1
       2
       2
       3
       2
       0
       1
       2
       2
       3
       2
       0
       1
       0
       1
       2
       1
       2
       1
       0
       1
       0
       1
       2
       1
       3
       2
       2
       1
       0
       2
       2
       0
       0
       1
       3
       2
       2
       2
       5
       2
       4
       9
       7
       3
       9
       5
       8
       2
       4
       6
       4
       2
       2
       5
       6
       5
       1
       4
       7
       2
       3
$ROI:
0
$PRESETS:
Real Time
120
0
$ENER_FIT:
0.000000 0.000000
$MCA_CAL:
3
0.000000E+000 0.000000E+000 0.000000E+000 
$SHAPE_CAL:
3
0.000000E+000 0.000000E+000 0.000000E+000
