$SPEC_ID:
No sample description was entered.
$SPEC_REM:
DET# 1
DETDESC# MCB 337
AP# Maestro Version 6.06
$DATE_MEA:
07/28/2020 16:33:39
$MEAS_TIM:
110 120
$DATA:
0 1023
       0
       0
       0
       0
       0
       0
       0
       0
       0
       0
       0
       0
       0
       0
       0
       0
       0
       1
       2
       1
       0
      22
     988
     983
     919
     779
     629
     542
     445
     380
     315
     275
     243
     202
     201
     201
     195
     180
     166
     171
     155
     131
     122
     165
     168
     186
     169
     182
     174
     193
     160
     210
     191
     185
     193
     188
     188
     169
     168
     152
     179
     173
     157
     176
     166
     186
     177
     163
     165
     182
     185
     191
     189
     162
     190
     224
     207
     184
     223
     264
     268
     292
     295
     378
     334
     390
     370
     408
     415
     384
     414
     435
     417
     384
     338
     345
     294
     328
     286
     319
     322
     303
     319
     325
     270
     294
     271
     256
     281
     248
     223
     202
     218
     207
     197
     206
     200
     199
     202
     198
     202
     187
     185
     218
     181
     199
     204
     188
     218
     197
     206
     203
     217
     193
     235
     204
     210
     219
     208
     216
     237
     226
     217
     212
     247
     238
     236
     211
     246
     209
     217
     221
     226
     243
     235
     256
     223
     249
     234
     268
     241
     251
     203
     237
     235
     253
     251
     281
     234
     250
     246
     234
     251
     270
     245
     229
     292
     286
     248
     276
     244
     240
     252
     270
     254
     278
     233
     242
     272
     267
     254
     248
     280
     278
     256
     276
     269
     262
     246
     265
     288
     274
     272
     274
     292
     286
     306
     306
     321
     328
     327
     294
     330
     374
     335
     368
     359
     376
     379
     365
     353
     384
     365
     376
     378
     339
     353
     382
     386
     383
     410
     388
     393
     381
     399
     380
     371
     387
     373
     386
     400
     370
     365
     384
     376
     375
     365
     342
     335
     354
     337
     339
     339
     304
     333
     360
     316
     386
     325
     319
     300
     299
     288
     328
     315
     300
     296
     274
     286
     354
     291
     286
     301
     304
     306
     294
     269
     298
     289
     248
     318
     275
     279
     298
     277
     281
     266
     285
     258
     267
     260
     256
     227
     278
     250
     268
     268
     254
     240
     260
     241
     260
     226
     260
     251
     267
     243
     270
     246
     243
     253
     253
     254
     244
     237
     236
     228
     243
     246
     199
     236
     258
     253
     237
     226
     265
     236
     250
     233
     224
     212
     212
     218
     210
     228
     234
     230
     215
     233
     247
     218
     202
     226
     204
     220
     213
     223
     225
     197
     216
     220
     204
     199
     205
     203
     213
     192
     241
     216
     187
     185
     187
     186
     195
     189
     199
     171
     189
     208
     191
     177
     207
     190
     172
     197
     189
     178
     181
     210
     178
     188
     196
     226
     165
     210
     163
     205
     175
     187
     185
     213
     177
     201
     179
     172
     170
     182
     155
     203
     199
     162
     187
     179
     166
     162
     182
     182
     169
     192
     190
     179
     161
     179
     174
     186
     165
     172
     153
     169
     176
     166
     185
     201
     182
     170
     170
     151
     161
     196
     166
     187
     161
     159
     164
     192
     162
     142
     175
     151
     155
     157
     168
     167
     153
     190
     183
     152
     166
     182
     164
     155
     152
     182
     174
     183
     160
     134
     144
     164
     168
     170
     157
     165
     145
     174
     180
     161
     176
     152
     178
     166
     176
     147
     155
     156
     173
     149
     154
     156
     158
     174
     155
     173
     171
     132
     167
     150
     178
     176
     149
     152
     141
     138
     150
     151
     153
     168
     140
     168
     155
     141
     159
     129
     141
     138
     144
     140
     133
     118
     134
     146
     152
     134
     130
     128
     135
     138
     134
     117
     130
     121
     116
     115
     119
     109
     102
     110
     107
     118
     109
     123
     112
      99
      98
      93
      95
     101
     102
     116
      85
     104
     106
     114
      90
      92
      95
      90
      65
      80
      82
      80
      88
      64
      67
      74
      78
      92
      82
      99
      81
      81
      93
      79
      84
      76
      84
      83
      79
      86
      71
      66
      73
      71
      68
      61
      68
      84
      84
      72
      68
      76
      82
      72
      81
      83
      69
      69
      71
      67
      66
      68
      54
      52
      60
      80
      62
      75
      61
      69
      70
      74
      77
      83
      65
      59
      57
      77
      69
      58
      63
      63
      62
      70
      74
      66
      71
      52
      55
      55
      65
      67
      64
      62
      66
      78
      64
      53
      72
      46
      63
      64
      60
      58
      56
      65
      68
      75
      52
      70
      56
      58
      69
      68
      50
      52
      63
      58
      76
      63
      53
      69
      74
      71
      53
      70
      71
      67
      85
      74
      62
      64
      69
      52
      69
      54
      73
      75
      73
      75
      81
      89
      75
      95
      83
      88
      92
      86
      79
      84
      90
      93
     104
     112
     109
      92
     120
     106
     131
     114
     137
     118
     133
     138
     147
     129
     173
     183
     178
     177
     189
     180
     172
     204
     240
     217
     225
     230
     246
     253
     294
     275
     301
     254
     313
     325
     331
     325
     354
     346
     359
     349
     393
     391
     399
     399
     412
     402
     404
     410
     407
     451
     388
     431
     468
     418
     435
     400
     427
     417
     442
     443
     426
     423
     427
     388
     389
     403
     372
     384
     385
     365
     322
     339
     315
     304
     291
     272
     260
     277
     214
     253
     225
     227
     199
     194
     197
     155
     148
     171
     151
     132
     108
     144
     109
      82
      88
      73
      70
      69
      63
      60
      54
      59
      52
      38
      57
      28
      35
      22
      26
      20
      26
      20
      20
       9
      13
       8
      13
      10
      11
       9
       5
       3
       8
       4
       5
       6
       2
       1
       5
       1
       2
       4
       0
       5
       1
       3
       3
       1
       1
       0
       2
       2
       1
       0
       1
       4
       1
       1
       2
       0
       2
       1
       3
       2
       3
       1
       1
       2
       0
       2
       3
       3
       1
       3
       0
       2
       1
       0
       1
       4
       2
       2
       2
       1
       2
       6
       2
       0
       0
       1
       2
       4
       4
       2
       0
       0
       4
       1
       3
       3
       0
       4
       2
       1
       2
       1
       4
       2
       4
       3
       1
       5
       1
       2
       2
       4
       1
       1
       1
       1
       2
       4
       3
       2
       3
       3
       0
       1
       2
       1
       3
       0
       0
       0
       3
       2
       0
       0
       2
       2
       3
       0
       0
       3
       1
       1
       0
       1
       3
       1
       1
       1
       2
       1
       3
       4
       0
       1
       1
       1
       3
       0
       0
       2
       2
       3
       2
       3
       1
       2
       2
       3
       2
       2
       1
       3
       1
       2
       1
       0
       2
       1
       3
       1
       0
       0
       2
       0
       0
       4
       3
       0
       3
       1
       1
       4
       4
       2
       3
       0
       0
       3
       2
       2
       1
       0
       3
       2
       0
       1
       0
       3
       1
       2
       0
       1
       2
       2
       1
       2
       1
       2
       1
       2
       0
       2
       1
       3
       0
       6
      15
       8
       4
       8
       4
       5
       7
       9
       7
       9
       5
       4
       7
       6
       6
       3
       1
       7
       0
       9
       3
       9
       2
$ROI:
0
$PRESETS:
Real Time
120
0
$ENER_FIT:
0.000000 0.000000
$MCA_CAL:
3
0.000000E+000 0.000000E+000 0.000000E+000 
$SHAPE_CAL:
3
0.000000E+000 0.000000E+000 0.000000E+000
