-0.002100	-3.385259	11.866000
0.002649	-85.183874	12.866000
0.002017	-144.959619	13.866000
0.002780	-156.343399	14.866000
0.002886	-165.657191	15.866000
0.002186	-174.832860	16.866000
0.002231	-183.983419	17.866000
0.003131	-193.088518	18.866000
0.002503	-202.365506	19.866000
0.001838	-211.644470	20.866000
0.002843	-220.649625	21.866000
0.002663	-229.824728	22.866000
0.001791	-239.006913	23.866000
0.002278	-248.103507	24.866000
0.002756	-257.201562	25.866000
0.002096	-266.440939	26.866000
0.001674	-275.660725	27.866000
0.002540	-284.740739	28.866000
0.002412	-293.882325	29.866000
0.001446	-303.104718	30.866000
0.002075	-312.176670	31.866000
0.002457	-321.278067	32.866000
0.001505	-330.574845	33.866000
0.001550	-339.717367	34.866000
0.002247	-348.832377	35.866000
0.001630	-357.983167	36.866000
0.001116	-367.155349	37.866000
0.001976	-376.230362	38.866000
0.001778	-385.452728	39.866000
0.000904	-394.690815	40.866000
0.001306	-403.799208	41.866000
0.001850	-412.877100	42.866000
0.000946	-422.100174	43.866000
0.000648	-431.235043	44.866000
0.001588	-440.292137	45.866000
0.000875	-449.590546	46.866000
0.000265	-458.777395	47.866000
0.001082	-467.881386	48.866000
0.001080	-477.008174	49.866000
0.000071	-486.255492	50.866000
0.000267	-495.365996	51.866000
0.000923	-504.422520	52.866000
-0.000035	-513.733128	53.866000
0.007926	-521.593058	54.866000
0.069776	-520.824940	55.866000
0.078923	-528.537097	56.866000
0.087339	-536.226172	57.866000
0.097026	-543.815905	58.866000
0.107896	-551.390266	59.866000
0.117242	-559.034213	60.866000
0.126862	-566.616925	61.866000
0.137801	-574.049173	62.866000
0.148189	-581.492160	63.866000
0.158152	-588.967357	64.866000
0.169728	-596.249472	65.866000
0.181917	-603.561872	66.866000
0.192715	-610.936921	67.866000
0.204117	-618.198582	68.866000
0.217453	-625.290512	69.866000
0.229290	-632.497676	70.866000
0.241170	-639.661544	71.866000
0.254909	-646.659624	72.866000
0.268000	-653.751366	73.866000
0.280624	-660.851539	74.866000
0.294145	-667.798839	75.866000
0.308611	-674.676396	76.866000
0.322341	-681.587788	77.866000
0.335908	-688.446854	78.866000
0.351694	-695.201371	79.866000
0.366770	-702.000350	80.866000
0.380680	-708.780168	81.866000
0.396469	-715.374118	82.866000
0.412735	-721.966483	83.866000
0.428096	-728.590711	84.866000
0.443520	-735.204170	85.866000
0.460927	-741.650327	86.866000
0.477897	-748.136281	87.866000
0.493732	-754.684158	88.866000
0.511119	-760.988050	89.866000
0.529309	-767.292002	90.866000
0.546359	-773.652398	91.866000
0.563393	-779.996477	92.866000
0.582589	-786.199890	93.866000
0.600937	-792.432281	94.866000
0.618337	-798.685028	95.866000
0.637606	-804.796978	96.866000
0.657112	-810.808875	97.866000
0.675267	-816.965034	98.866000
0.694417	-823.075580	99.866000
0.714792	-829.067487	100.866000
0.734400	-835.024478	101.866000
0.753773	-841.020532	102.866000
0.774320	-846.930795	103.866000
0.795033	-852.780890	104.866000
0.814449	-858.688122	105.866000
0.835392	-864.563296	106.866000
0.857141	-870.337030	107.866000
0.877167	-876.160555	108.866000
0.898465	-881.874339	109.866000
0.920671	-887.492500	110.866000
0.941696	-893.224886	111.866000
0.937382	-891.975374	112.866000
0.918445	-886.337804	113.866000
0.898122	-880.550311	114.866000
0.876569	-874.808408	115.866000
0.856586	-868.933904	116.866000
0.837364	-862.911685	117.866000
0.816121	-857.057489	118.866000
0.796044	-851.155454	119.866000
0.777410	-845.102470	120.866000
0.757493	-839.109280	121.866000
0.737049	-833.190008	122.866000
0.718384	-827.091756	123.866000
0.699857	-820.930783	124.866000
0.680125	-814.843539	125.866000
0.661193	-808.744732	126.866000
0.643761	-802.530839	127.866000
0.624505	-796.414256	128.866000
0.606190	-790.213117	129.866000
0.588851	-783.859980	130.866000
0.570878	-777.552502	131.866000
0.552480	-771.303755	132.866000
0.535463	-764.932719	133.866000
0.518612	-758.536973	134.866000
0.501297	-752.188409	135.866000
0.484090	-745.760207	136.866000
0.468411	-739.169505	137.866000
0.451555	-732.676916	138.866000
0.434719	-726.174066	139.866000
0.419888	-719.504867	140.866000
0.404509	-712.893607	141.866000
0.388129	-706.292437	142.866000
0.373192	-699.608986	143.866000
0.358964	-692.737961	144.866000
0.343686	-686.000789	145.866000
0.328388	-679.262755	146.866000
0.315152	-672.298234	147.866000
0.301503	-665.422926	148.866000
0.286866	-658.549611	149.866000
0.273679	-651.489470	150.866000
0.261244	-644.373315	151.866000
0.247421	-637.418568	152.866000
0.234417	-630.331283	153.866000
0.222891	-623.114335	154.866000
0.210373	-615.966763	155.866000
0.197631	-608.833274	156.866000
0.186533	-601.441363	157.866000
0.175645	-594.068530	158.866000
0.163750	-586.797352	159.866000
0.152668	-579.393860	160.866000
0.143337	-571.884509	161.866000
0.133036	-564.369916	162.866000
0.122331	-556.897517	163.866000
0.112850	-549.219459	164.866000
0.103432	-541.566834	165.866000
0.093677	-533.939234	166.866000
0.084848	-526.239954	167.866000
0.076808	-518.448009	168.866000
0.068083	-510.706449	169.866000
0.059538	-502.817670	170.866000
0.052155	-494.878176	171.866000
0.044501	-487.009414	172.866000
0.035777	-479.189196	173.866000
0.026301	-471.620060	174.866000
0.005109	-465.954841	175.866000
0.000787	-457.433955	176.866000
0.000379	-448.253703	177.866000
0.001412	-438.994966	178.866000
0.001465	-429.860719	179.866000
0.000697	-420.787724	180.866000
0.001306	-411.573301	181.866000
0.001760	-402.453733	182.866000
0.001485	-393.334289	183.866000
0.001002	-384.141877	184.866000
0.001788	-374.924805	185.866000
0.002161	-365.723427	186.866000
0.001180	-356.709628	187.866000
0.001424	-347.541559	188.866000
0.002382	-338.329714	189.866000
0.001955	-329.168927	190.866000
0.001482	-320.006528	191.866000
0.002005	-310.845780	192.866000
0.002551	-301.682402	193.866000
0.001734	-292.607112	194.866000
0.001641	-283.466987	195.866000
0.002743	-274.254548	196.866000
0.002256	-265.065102	197.866000
0.001670	-255.947672	198.866000
0.002427	-246.727475	199.866000
0.002754	-237.607797	200.866000
0.002064	-228.513288	201.866000
0.002055	-219.367375	202.866000
0.002979	-210.199090	203.866000
0.002578	-200.995377	204.866000
0.001774	-191.857133	205.866000
0.002734	-182.605492	206.866000
0.002958	-173.446048	207.866000
0.001976	-164.431757	208.866000
0.002444	-155.248014	209.866000
0.003131	-145.981583	210.866000
0.002408	-136.879808	211.866000
