0.002704	-3.013880	20.328000
0.002463	-63.203382	21.328000
0.002515	-78.043491	22.328000
0.002409	-86.027415	23.328000
0.002399	-93.283105	24.328000
0.002328	-100.468373	25.328000
0.002418	-107.673586	26.328000
0.002595	-114.840630	27.328000
0.002875	-121.979066	28.328000
0.002802	-129.163558	29.328000
0.002595	-136.373069	30.328000
0.002645	-143.598563	31.328000
0.002654	-150.750276	32.328000
0.002546	-157.963321	33.328000
0.002405	-165.165357	34.328000
0.002268	-172.326438	35.328000
0.002215	-179.511927	36.328000
0.002437	-186.705839	37.328000
0.002556	-193.882538	38.328000
0.002483	-201.114005	39.328000
0.002453	-208.282723	40.328000
0.002517	-215.474824	41.328000
0.002588	-222.691288	42.328000
0.002387	-229.894131	43.328000
0.002239	-237.108971	44.328000
0.002171	-244.237875	45.328000
0.001955	-251.484941	46.328000
0.002102	-258.637874	47.328000
0.002078	-265.820348	48.328000
0.002017	-273.002461	49.328000
0.001967	-280.204370	50.328000
0.002152	-287.349160	51.328000
0.002138	-294.560816	52.328000
0.002143	-301.808534	53.328000
0.002097	-308.977270	54.328000
0.001865	-316.183132	55.328000
0.001743	-323.368675	56.328000
0.001706	-330.577797	57.328000
0.201415	-305.521810	58.329000
0.555340	-255.961672	59.328000
0.599004	-256.168372	60.328000
0.638312	-257.080006	61.328000
0.676161	-258.154469	62.328000
0.712624	-259.473199	63.328000
0.748222	-261.045955	64.328000
0.782563	-262.724917	65.328000
0.817024	-264.334552	66.328000
0.851748	-265.929255	67.328000
0.886884	-267.494027	68.328000
0.922178	-268.964313	69.328000
0.958135	-270.362323	70.328000
0.993968	-271.797526	71.328000
1.030149	-273.188554	72.328000
1.066076	-274.535568	73.328000
1.103123	-275.837321	74.328000
1.139999	-277.170106	75.328000
1.176284	-278.486060	76.328000
1.212850	-279.810773	77.328000
1.249158	-281.157733	78.328000
1.285890	-282.467622	79.328000
1.322290	-283.777622	80.328000
1.358825	-285.111626	81.328000
1.395023	-286.454901	82.328000
1.431737	-287.743118	83.328000
1.468892	-289.028253	84.328000
1.505426	-290.342273	85.328000
1.542373	-291.619150	86.328000
1.578761	-292.898461	87.328000
1.615825	-294.170146	88.328000
1.652592	-295.442239	89.328000
1.689321	-296.731823	90.328000
1.725725	-298.013815	91.328000
1.762725	-299.277964	92.328000
1.799912	-300.504728	93.328000
1.837125	-301.752482	94.328000
1.874508	-303.005747	95.328000
1.911601	-304.228849	96.328000
1.948790	-305.465225	97.328000
1.985760	-306.671537	98.328000
2.023293	-307.866688	99.328000
2.060788	-309.043669	100.328000
2.097670	-310.258120	101.328000
2.134954	-311.444224	102.329000
2.172440	-312.615591	103.329000
2.209484	-313.806689	104.328000
2.247028	-314.978767	105.328000
2.284954	-316.150457	106.328000
2.322813	-317.280580	107.328000
2.360341	-318.439995	108.328000
2.397876	-319.601826	109.328000
2.435598	-320.736936	110.328000
2.472871	-321.898280	111.328000
2.510480	-323.031301	112.328000
2.548193	-324.145872	113.330000
2.618524	-320.066849	114.328000
2.662190	-320.182644	115.328000
2.700738	-321.214092	116.328000
2.740365	-322.128548	117.328000
2.779498	-323.017630	118.328000
2.818652	-323.896795	119.328000
2.857927	-324.755204	120.328000
2.849494	-324.639695	121.328000
2.810950	-323.901251	122.328000
2.771535	-323.139972	123.328000
2.731684	-322.342119	124.328000
2.691585	-321.552902	125.328000
2.651890	-320.778889	126.328000
2.612687	-319.920134	127.328000
2.574377	-318.925966	128.328000
2.535768	-317.893769	129.328000
2.497377	-316.907669	130.328000
2.458498	-315.939309	131.328000
2.419953	-314.962184	132.328000
2.381311	-313.975753	133.328000
2.343191	-312.970139	134.328000
2.304522	-311.995646	135.328000
2.264779	-311.095755	136.328000
2.224306	-310.437061	137.328000
2.174808	-311.196287	138.328000
2.131264	-310.995998	139.328000
2.093441	-309.860923	140.328000
2.056369	-308.691563	141.328000
2.018873	-307.511982	142.328000
1.981434	-306.341054	143.328000
1.944568	-305.117772	144.328000
1.907620	-303.904515	145.328000
1.870233	-302.692844	146.328000
1.832347	-301.496122	147.328000
1.794992	-300.288980	148.328000
1.757603	-299.070574	149.328000
1.720309	-297.872774	150.328000
1.683554	-296.620490	151.328000
1.646840	-295.354339	152.328000
1.610018	-294.076000	153.328000
1.573205	-292.821113	154.328000
1.536577	-291.554623	155.328000
1.499892	-290.280591	156.328000
1.462666	-289.017509	157.328000
1.425556	-287.726382	158.328000
1.388931	-286.449144	159.328000
1.352134	-285.149888	160.328000
1.315573	-283.837486	161.328000
1.279272	-282.508615	162.328000
1.243029	-281.172278	163.329000
1.206429	-279.829072	164.328000
1.170106	-278.506069	165.328000
1.133713	-277.160056	166.328000
1.096770	-275.835452	167.328000
1.060197	-274.497444	168.328000
1.024251	-273.136721	169.328000
0.987964	-271.778138	170.328000
0.951529	-270.391729	171.332000
0.916011	-269.016555	172.328000
0.879825	-267.639856	173.328000
0.843515	-266.292929	174.328000
0.807035	-264.925864	175.328000
0.770742	-263.624419	176.328000
0.733684	-262.354356	177.328000
0.693976	-261.445337	178.328000
0.652351	-261.015933	179.328000
0.605848	-261.296912	180.328000
0.561116	-261.296120	181.328000
0.522759	-260.254562	182.328000
0.485226	-259.165694	183.328000
0.446666	-258.163839	184.328000
0.407285	-257.291870	185.328000
0.367443	-256.483918	186.328000
0.327570	-255.720441	187.328000
0.287363	-254.982077	188.328000
0.246403	-254.307762	189.328000
0.205131	-253.801109	190.328000
0.164171	-253.183729	191.328000
0.124547	-252.364601	192.328000
0.018034	-262.323729	193.328000
0.002380	-257.619235	194.328000
0.002230	-250.421892	195.328000
0.002071	-243.246445	196.328000
0.002288	-236.066965	197.328000
0.002415	-228.880184	198.328000
0.002518	-221.655944	199.328000
0.002756	-214.418170	200.328000
0.002812	-207.241055	201.328000
0.002654	-200.047515	202.328000
0.002517	-192.873393	203.328000
0.002541	-185.649863	204.328000
0.002420	-178.474377	205.328000
0.002347	-171.280418	206.328000
0.002528	-164.131818	207.329000
0.002755	-156.907015	208.328000
0.002723	-149.722948	209.328000
0.002789	-142.556349	210.328000
0.002744	-135.315345	211.328000
0.002648	-128.146080	212.328000
0.002450	-120.975054	213.328000
0.002511	-113.808056	214.328000
0.002489	-106.613495	215.328000
0.002363	-99.453751	216.328000
0.002640	-92.236289	217.328000
0.002847	-85.060318	218.328000
0.002872	-77.844039	219.328000
0.002615	-70.730741	220.328000
