-0.004065	-3.544900	14.933000
0.002044	-44.816302	15.933000
0.002574	-77.729853	16.933000
0.003093	-85.977736	17.933000
0.002871	-93.266216	18.933000
0.002286	-100.488797	19.933000
0.002316	-107.714178	20.933000
0.002818	-114.852117	21.933000
0.003157	-121.986900	22.933000
0.002840	-129.180629	23.933000
0.002368	-136.424132	24.933000
0.002380	-143.657310	25.933000
0.002993	-150.741764	26.933000
0.003017	-157.948118	27.933000
0.002448	-165.194631	28.933000
0.002239	-172.366674	29.933000
0.002714	-179.503310	30.933000
0.003167	-186.680851	31.933000
0.002777	-193.901025	32.933000
0.002291	-201.164868	33.933000
0.002364	-208.344735	34.933000
0.002824	-215.495043	35.933000
0.002856	-222.713153	36.933000
0.002425	-229.932985	37.933000
0.002139	-237.175551	38.933000
0.002450	-244.270027	39.933000
0.002857	-251.457775	40.933000
0.002651	-258.641885	41.933000
0.002059	-265.862219	42.933000
0.002078	-273.051927	43.933000
0.002486	-280.218255	44.933000
0.002634	-287.361330	45.933000
0.002169	-294.608464	46.933000
0.001883	-301.885693	47.933000
0.002157	-309.035003	48.933000
0.002473	-316.189796	49.933000
0.002118	-323.394381	50.933000
0.001655	-330.627637	51.933000
0.001800	-337.753875	52.933000
0.002279	-344.932321	53.933000
0.002256	-352.118350	54.933000
0.001569	-359.340482	55.933000
0.001414	-366.517436	56.933000
0.001894	-373.694851	57.933000
0.002073	-380.930395	58.933000
0.001561	-388.120767	59.933000
0.001085	-395.372155	60.933000
0.001479	-402.529539	61.933000
0.001958	-409.658301	62.933000
0.162792	-390.844831	63.933000
0.837153	-289.751356	64.933000
0.871456	-291.555721	65.933000
0.906965	-293.075847	66.933000
0.942019	-294.576492	67.933000
0.977049	-296.136743	68.933000
1.012969	-297.641413	69.934000
1.048927	-299.046024	70.933000
1.084576	-300.516586	71.933000
1.119678	-302.004616	72.933000
1.155584	-303.448860	73.933000
1.191758	-304.839040	74.933000
1.227793	-306.278834	75.933000
1.263200	-307.711902	76.933000
1.299157	-309.112484	77.933000
1.336476	-310.449956	78.933000
1.372747	-311.797067	79.933000
1.408380	-313.212541	80.933000
1.444115	-314.595881	81.933000
1.481329	-315.888740	82.933000
1.517976	-317.198033	83.933000
1.553535	-318.593517	84.933000
1.589766	-319.942328	85.933000
1.627012	-321.222010	86.933000
1.664018	-322.486426	87.933000
1.700471	-323.809715	88.933000
1.737308	-325.126735	89.934000
1.774448	-326.392963	90.933000
1.811314	-327.673723	91.933000
1.847499	-328.993932	92.933000
1.884098	-330.298851	93.933000
1.921283	-331.529639	94.933000
1.958454	-332.753559	95.933000
1.995097	-334.024448	96.933000
2.031652	-335.322273	97.933000
2.068773	-336.530805	98.933000
2.106672	-337.712218	99.933000
2.143747	-338.973368	100.933000
2.180256	-340.256958	101.933000
2.217498	-341.475644	102.933000
2.255011	-342.683173	103.933000
2.292103	-343.920723	104.933000
2.328571	-345.158727	105.933000
2.366036	-346.358055	106.933000
2.403839	-347.498397	107.933000
2.441311	-348.686596	108.933000
2.477764	-349.913573	109.933000
2.515305	-351.105633	110.933000
2.553766	-352.251883	111.933000
2.591161	-353.389407	112.933000
2.628121	-354.603193	113.933000
2.665472	-355.769584	114.933000
2.658712	-355.414917	115.933000
2.623614	-354.164876	116.933000
2.586594	-352.965155	117.933000
2.549228	-351.756186	118.933000
2.512319	-350.461396	119.933000
2.475982	-349.165304	120.933000
2.439001	-347.922646	121.934000
2.401580	-346.713133	122.933000
2.364643	-345.446328	123.933000
2.328548	-344.141133	124.933000
2.291622	-342.872624	125.933000
2.254325	-341.655106	126.933000
2.217377	-340.379712	127.933000
2.181330	-339.071654	128.933000
2.144362	-337.802656	129.933000
2.106614	-336.552063	130.934000
2.070337	-335.213363	131.933000
2.034122	-333.884784	132.933000
1.997608	-332.603075	133.933000
1.960181	-331.345793	134.933000
1.923539	-330.075477	135.933000
1.887305	-328.736037	136.933000
1.851194	-327.394417	137.933000
1.814243	-326.106977	138.933000
1.777357	-324.846388	139.933000
1.741048	-323.499516	140.933000
1.704653	-322.117029	141.933000
1.667745	-320.820253	142.933000
1.630477	-319.544363	143.933000
1.594302	-318.195602	144.933000
1.558465	-316.814178	145.933000
1.522019	-315.496585	146.933000
1.484914	-314.185251	147.933000
1.448739	-312.829261	148.933000
1.413200	-311.439013	149.933000
1.376740	-310.101092	150.933000
1.339710	-308.786749	151.933000
1.303404	-307.385830	152.933000
1.268147	-305.957049	153.933000
1.231858	-304.566919	154.933000
1.195154	-303.214366	155.933000
1.159397	-301.787561	156.933000
1.124187	-300.316406	157.933000
1.088074	-298.901746	158.933000
1.051670	-297.540569	159.933000
1.016100	-296.083983	160.933000
0.980703	-294.569561	161.933000
0.944688	-293.137379	162.933000
0.908200	-291.784570	163.933000
0.872372	-290.383780	164.933000
0.836437	-288.993628	165.933000
0.800064	-287.669415	166.933000
0.763112	-286.366895	167.933000
0.727302	-284.957449	168.933000
0.691580	-283.527179	169.933000
0.655742	-282.139946	170.933000
0.619609	-280.667359	171.933000
0.584501	-279.080346	172.933000
0.550055	-277.502806	173.933000
0.514611	-275.988722	174.933000
0.478566	-274.546654	175.933000
0.443150	-273.051692	176.933000
0.408330	-271.565245	177.933000
0.371583	-270.226082	178.933000
0.334051	-269.044047	179.933000
0.296198	-267.961119	180.933000
0.257088	-267.130302	181.933000
0.214056	-266.817690	182.933000
0.164017	-267.542236	183.933000
0.036851	-280.875747	184.933000
0.002822	-279.106294	185.933000
0.002767	-271.920718	186.933000
0.002127	-264.771935	187.933000
0.002261	-257.631508	188.933000
0.002866	-250.393301	189.933000
0.002766	-243.193904	190.933000
0.002123	-236.081031	191.933000
0.002396	-228.894366	192.933000
0.003064	-221.618475	193.933000
0.002734	-214.430314	194.933000
0.002173	-207.296781	195.933000
0.002628	-200.055701	196.933000
0.003263	-192.815413	197.933000
0.002745	-185.638050	198.933000
0.002155	-178.507722	199.933000
0.002694	-171.248464	200.933000
0.003137	-164.089229	201.933000
0.002650	-156.905265	202.933000
0.002337	-149.744571	203.933000
0.002919	-142.548659	204.933000
0.003046	-135.293829	205.933000
0.002462	-128.167579	206.933000
0.002253	-120.988840	207.933000
0.002906	-113.779910	208.933000
0.003107	-106.559563	209.933000
0.002453	-99.413318	210.933000
0.002200	-92.216818	211.933000
0.002791	-85.019766	212.933000
0.003032	-77.807307	213.933000
0.002424	-70.720853	214.933000
