-0.001310	-3.348119	10.187000
0.001964	-44.846798	11.187000
0.002297	-77.802593	12.187000
0.003072	-86.039178	13.188000
0.002989	-93.301048	14.187000
0.002347	-100.546764	15.187000
0.002316	-107.771993	16.187000
0.002888	-114.899949	17.187000
0.003084	-122.043000	18.187000
0.002595	-129.267898	19.192000
0.002406	-136.461225	20.187000
0.002816	-143.676508	21.187000
0.003056	-150.805048	22.187000
0.002564	-158.040534	23.187000
0.002413	-165.241778	24.187000
0.002957	-172.361823	25.187000
0.003081	-179.526086	26.187000
0.002473	-186.789040	27.187000
0.002146	-194.004339	28.187000
0.002769	-201.177315	29.187000
0.003211	-208.316864	30.187000
0.002640	-215.555298	31.187000
0.002143	-222.828611	32.187000
0.002522	-229.976889	33.187000
0.002957	-237.154168	34.187000
0.002698	-244.301303	35.187000
0.002148	-251.562006	36.187000
0.002248	-258.727565	37.187000
0.002757	-265.868830	38.187000
0.002624	-273.055486	39.187000
0.002080	-280.289319	40.187000
0.002100	-287.463496	41.187000
0.002649	-294.633599	42.187000
0.002556	-301.883395	43.187000
0.001877	-309.107329	44.187000
0.001932	-316.281348	45.187000
0.002581	-323.411598	46.187000
0.002561	-330.621589	47.187000
0.001819	-337.811365	48.187000
0.001515	-345.050078	49.187000
0.002196	-352.175193	50.187000
0.002384	-359.336642	51.187000
0.001713	-366.554774	52.187000
0.001385	-373.802402	53.187000
0.001813	-381.021543	54.187000
0.342657	-333.302006	55.187000
0.696560	-283.766627	56.187000
0.731917	-285.290241	57.187000
0.768105	-286.750995	58.187000
0.803420	-288.220001	59.187000
0.838441	-289.763569	60.187000
0.873291	-291.323570	61.187000
0.908917	-292.827000	62.187000
0.944211	-294.327074	63.187000
0.979355	-295.887080	64.187000
1.014446	-297.452688	65.187000
1.049983	-298.907072	66.187000
1.086364	-300.341214	67.187000
1.121769	-301.810881	68.187000
1.156827	-303.331144	69.187000
1.192304	-304.781443	70.187000
1.229019	-306.167017	71.187000
1.265059	-307.560678	72.187000
1.300212	-309.041667	73.187000
1.336302	-310.488745	74.187000
1.372809	-311.838460	75.187000
1.409423	-313.191631	76.187000
1.444919	-314.600950	77.187000
1.480630	-316.031057	78.187000
1.517367	-317.357464	79.187000
1.553836	-318.696907	80.187000
1.589665	-320.083722	81.187000
1.625699	-321.478808	82.187000
1.662437	-322.807057	83.187000
1.699586	-324.110306	84.187000
1.736023	-325.478685	85.187000
1.771852	-326.867783	86.187000
1.808373	-328.186103	87.187000
1.845383	-329.470002	88.187000
1.881953	-330.799835	89.187000
1.917541	-332.196909	90.187000
1.954161	-333.479040	91.187000
1.991640	-334.709281	92.187000
2.028868	-335.964162	93.187000
2.064842	-337.278922	94.187000
2.101495	-338.583802	95.187000
2.138903	-339.845907	96.187000
2.176283	-341.064729	97.187000
2.213143	-342.322140	98.187000
2.249530	-343.627267	99.187000
2.286486	-344.886332	100.187000
2.323646	-346.087333	101.187000
2.361365	-347.280656	102.187000
2.398234	-348.516528	103.187000
2.434777	-349.797676	104.187000
2.471629	-351.022867	105.187000
2.509790	-352.140863	106.187000
2.547972	-353.310945	107.187000
2.584555	-354.546261	108.187000
2.621373	-355.785913	109.187000
2.658757	-356.966598	110.187000
2.652024	-356.623025	111.187000
2.616810	-355.376489	112.187000
2.579904	-354.161766	113.187000
2.542620	-352.938607	114.187000
2.505683	-351.634566	115.187000
2.469443	-350.321565	116.187000
2.432759	-349.055701	117.187000
2.395511	-347.819906	118.187000
2.358292	-346.573638	119.187000
2.322086	-345.273869	120.187000
2.285546	-343.991332	121.187000
2.248538	-342.739503	122.187000
2.211033	-341.496650	123.187000
2.174820	-340.186774	124.187000
2.138678	-338.818537	125.189000
2.101589	-337.521510	126.187000
2.064583	-336.262213	127.187000
2.027825	-334.971267	128.187000
1.991689	-333.654832	129.187000
1.954978	-332.324028	130.187000
1.918350	-331.032110	131.187000
1.881731	-329.686140	132.187000
1.845769	-328.318141	133.187000
1.809808	-326.938404	134.187000
1.773478	-325.607555	135.187000
1.736531	-324.291888	136.187000
1.699944	-322.924362	137.187000
1.664011	-321.543126	138.187000
1.627355	-320.197638	139.187000
1.590759	-318.848526	140.187000
1.554606	-317.464137	141.187000
1.519177	-316.054880	142.187000
1.483113	-314.652788	143.187000
1.446368	-313.328857	144.187000
1.409899	-311.986497	145.187000
1.374136	-310.576053	146.187000
1.338549	-309.135948	147.187000
1.302065	-307.735271	148.187000
1.265646	-306.370922	149.187000
1.229821	-304.924651	150.187000
1.194700	-303.436516	151.187000
1.159063	-301.980987	152.187000
1.122612	-300.598967	153.187000
1.086478	-299.177096	154.187000
1.051347	-297.692328	155.187000
1.016155	-296.181504	156.187000
0.980054	-294.709365	157.187000
0.943951	-293.274503	158.187000
0.908915	-291.758139	159.187000
0.874003	-290.228519	160.187000
0.838241	-288.752420	161.187000
0.802356	-287.322863	162.187000
0.766279	-285.945104	163.187000
0.730605	-284.535103	164.187000
0.694338	-283.138006	165.187000
0.658193	-281.777780	166.187000
0.621880	-280.373215	167.188000
0.586216	-278.882849	168.187000
0.550958	-277.420618	169.187000
0.515771	-275.865818	170.187000
0.480474	-274.308661	171.187000
0.445778	-272.687004	172.187000
0.411655	-271.091382	173.187000
0.375920	-269.606976	174.187000
0.339124	-268.284365	175.187000
0.302087	-267.046937	176.187000
0.264471	-265.990420	177.187000
0.223857	-265.320402	178.187000
0.177846	-265.403774	179.187000
0.072979	-275.110614	180.187000
0.002314	-279.211737	181.187000
0.002884	-271.978764	182.187000
0.002824	-264.788348	183.187000
0.002260	-257.673397	184.187000
0.002082	-250.488672	185.187000
0.002664	-243.252198	186.187000
0.003039	-236.056241	187.187000
0.002747	-228.908946	188.187000
0.002216	-221.731558	189.187000
0.002207	-214.510074	190.187000
0.002832	-207.279185	191.187000
0.003128	-200.059405	192.187000
0.002682	-192.895960	193.187000
0.002212	-185.710567	194.187000
0.002586	-178.508191	195.187000
0.003147	-171.238129	196.187000
0.003007	-164.129845	197.187000
0.002345	-156.962596	198.187000
0.002276	-149.789248	199.187000
0.002865	-142.583737	200.187000
0.003048	-135.313563	201.187000
0.002665	-128.167049	202.187000
0.002319	-121.008896	203.187000
0.002731	-113.830733	204.187000
0.003072	-106.586752	205.187000
0.002615	-99.442659	206.187000
0.002260	-92.287811	207.187000
0.002602	-85.104376	208.187000
0.003025	-77.842091	209.189000
0.002621	-70.751491	210.187000
