-0.002489	-3.485349	10.382000
0.002931	-50.839424	11.382000
0.002324	-86.048793	12.382000
0.002445	-99.551314	13.382000
0.003211	-111.992635	14.382000
0.002862	-124.438171	15.382000
0.002297	-136.914272	16.382000
0.002785	-149.286669	17.382000
0.003271	-161.678049	18.382000
0.002562	-174.141462	19.382000
0.002425	-186.585260	20.382000
0.003298	-198.997545	21.382000
0.002857	-211.474224	22.382000
0.002123	-223.934803	23.382000
0.002870	-236.303776	24.382000
0.003046	-248.714546	25.382000
0.001988	-261.206124	26.382000
0.002592	-273.584726	27.382000
0.003058	-285.976434	28.382000
0.002094	-298.490990	29.382000
0.002086	-310.914280	30.382000
0.002876	-323.291471	31.382000
0.002300	-335.729552	32.382000
0.001661	-348.246896	33.382000
0.002370	-360.563098	34.382000
0.002396	-373.029104	35.382000
0.001434	-385.483240	36.382000
0.001786	-397.935538	37.382000
0.002257	-410.286256	38.382000
0.001341	-422.828857	39.382000
0.001205	-435.225180	40.382000
0.001933	-447.642166	41.382000
0.001325	-460.070865	42.382000
0.000700	-472.583067	43.382000
0.001291	-484.964208	44.382000
0.242334	-458.566425	45.382000
1.114554	-330.893128	46.382000
1.183943	-332.336005	47.382000
1.250280	-334.167049	48.382000
1.313634	-336.356254	49.382000
1.376425	-338.684300	50.382000
1.439412	-341.043838	51.382000
1.501443	-343.530403	52.382000
1.563011	-346.043387	53.382000
1.625675	-348.473770	54.382000
1.687919	-350.918486	55.382000
1.749574	-353.411289	56.382000
1.811387	-355.855661	57.382000
1.874915	-358.164360	58.382000
1.937617	-360.506119	59.382000
1.999921	-362.859285	60.382000
2.063649	-365.121697	61.382000
2.127316	-367.354440	62.382000
2.189299	-369.685413	63.382000
2.252962	-371.908868	64.382000
2.316809	-374.103579	65.382000
2.380379	-376.326944	66.382000
2.443281	-378.564184	67.382000
2.508048	-380.660833	68.382000
2.572469	-382.731276	69.382000
2.636404	-384.861386	70.382000
2.805712	-370.046403	71.382000
2.904085	-366.781696	72.382000
2.970050	-368.539080	73.382000
3.037805	-370.082182	74.382000
3.107286	-371.373084	75.382000
3.177185	-372.606852	76.382000
3.251422	-373.022037	77.382000
3.331318	-372.686803	78.382000
3.403210	-373.581235	79.382000
3.473816	-374.642269	80.382000
3.544838	-375.611649	81.382000
3.617195	-376.505570	82.382000
3.689159	-377.336650	83.382000
3.761083	-378.181937	84.382000
3.832652	-379.149832	85.382000
3.904319	-380.196957	86.382000
3.974083	-381.364185	87.382000
4.043957	-382.526679	88.382000
4.114705	-383.664155	89.382000
4.184652	-384.855652	90.382000
4.253705	-386.150969	91.382000
4.323460	-387.379182	92.382000
4.393789	-388.592021	93.382000
4.462922	-389.881526	94.382000
4.532099	-391.173566	95.382000
4.602171	-392.390274	96.382000
4.671968	-393.641393	97.382000
4.740780	-394.948683	98.382000
4.810454	-396.193706	99.382000
4.880542	-397.445873	100.382000
4.949187	-398.769685	101.382000
5.018550	-400.046603	102.382000
5.088936	-401.239559	103.382000
5.158011	-402.554428	104.382000
5.226883	-403.858139	105.382000
5.296874	-405.077810	106.382000
5.367167	-406.274334	107.382000
5.435985	-407.592755	108.382000
5.505420	-408.855617	109.386000
5.575797	-410.050895	110.382000
5.562211	-409.725362	111.382000
5.495694	-408.434474	112.382000
5.427628	-407.028011	113.382000
5.359547	-405.630056	114.382000
5.289768	-404.346231	115.382000
5.221172	-402.966873	116.382000
5.153161	-401.521365	117.382000
5.084419	-400.165466	118.382000
5.014568	-398.871486	119.382000
4.946733	-397.432343	120.382000
4.878191	-396.028641	121.382000
4.808692	-394.746527	122.382000
4.739597	-393.395457	123.382000
4.671615	-391.992052	124.382000
4.601895	-390.680254	125.382000
4.532776	-389.383141	126.382000
4.464370	-387.963060	127.382000
4.395544	-386.638591	128.382000
4.325291	-385.361405	129.382000
4.256773	-384.047035	130.382000
4.187586	-382.707650	131.382000
4.117326	-381.543995	132.382000
4.047701	-380.269258	133.382000
3.978998	-378.991514	134.382000
3.908415	-377.824976	135.382000
3.837495	-376.730197	136.382000
3.766111	-375.784739	137.382000
3.692962	-375.157422	138.382000
3.615251	-375.109537	139.382000
3.539819	-374.868188	140.382000
3.466866	-374.188265	141.382000
3.395041	-373.250225	142.382000
3.324876	-372.081845	143.382000
3.256172	-370.770758	144.382000
3.185778	-369.571869	145.382000
3.116502	-368.259442	146.382000
3.048216	-366.846595	147.382000
2.979629	-365.446893	148.382000
2.910472	-364.078671	149.382000
2.842722	-362.559310	150.382000
2.775396	-361.003650	151.382000
2.706568	-359.568751	152.382000
2.638237	-358.102251	153.382000
2.571228	-356.537417	154.382000
2.502971	-355.015469	155.382000
2.434582	-353.534735	156.382000
2.367325	-351.971679	157.382000
2.299312	-350.491213	158.382000
2.230811	-349.066813	159.382000
2.162364	-347.640071	160.382000
2.090969	-346.740283	161.382000
2.011661	-346.952425	162.382000
1.935740	-346.728008	163.382000
1.862309	-346.140413	164.382000
1.764376	-349.454584	165.382000
1.692410	-348.480660	166.382000
1.631498	-345.955178	167.382000
1.569338	-343.475494	168.382000
1.506399	-341.044395	169.382000
1.445332	-338.432689	170.382000
1.384524	-335.861813	171.382000
1.321995	-333.360262	172.382000
1.261102	-330.764061	173.382000
1.200916	-328.028875	174.382000
1.139750	-325.404047	175.382000
1.078521	-322.741641	176.382000
1.019323	-319.923080	177.382000
0.958985	-317.124665	178.382000
0.898360	-314.408125	179.382000
0.839276	-311.490955	180.382000
0.780180	-308.633808	181.382000
0.719662	-305.787144	182.382000
0.661411	-302.794320	183.382000
0.602861	-299.778973	184.382000
0.543819	-296.823422	185.382000
0.485139	-293.756954	186.382000
0.427835	-290.663509	187.382000
0.368297	-287.728466	188.382000
0.308259	-284.914376	189.382000
0.247055	-282.366158	190.382000
0.176244	-281.372597	191.382000
0.019357	-294.099759	192.382000
0.002715	-284.285323	193.382000
0.003462	-271.766160	194.382000
0.002707	-259.431452	195.382000
0.002460	-246.989435	196.382000
0.003314	-234.530268	197.382000
0.003222	-222.074949	198.382000
0.002495	-209.748330	199.382000
0.002962	-197.239917	200.382000
0.003494	-184.754450	201.382000
0.002586	-172.347322	202.382000
0.002556	-159.970937	203.382000
0.003469	-147.437366	204.382000
0.002988	-135.104629	205.382000
0.002343	-122.689539	206.382000
0.003131	-110.244678	207.382000
0.003134	-97.778633	208.382000
0.002283	-85.425052	209.382000
0.002534	-73.056995	210.382000
