-0.000415	-3.273433	34.344000
0.001904	-15.132749	35.344000
0.002777	-31.309080	36.344000
0.001946	-41.922265	37.344000
0.002718	-52.171830	38.344000
0.002030	-62.542760	39.344000
0.002944	-72.769157	40.344000
0.002450	-83.052659	41.344000
0.002890	-93.308689	42.344000
0.002509	-103.662606	43.344000
0.002686	-113.996985	44.344000
0.002549	-124.296991	45.344000
0.002581	-134.631101	46.344000
0.002923	-144.909808	47.344000
0.002552	-155.252598	48.344000
0.003052	-165.558677	49.344000
0.002327	-175.921527	50.344000
0.003009	-186.225918	51.344000
0.002111	-196.657743	52.344000
0.003112	-206.841499	53.344000
0.002393	-217.155326	54.344000
0.003023	-227.438451	55.344000
0.002355	-237.823984	56.344000
0.002747	-248.122898	57.344000
0.002289	-258.491113	58.344000
0.002490	-268.781917	59.344000
0.002460	-279.127435	60.344000
0.002387	-289.457835	61.344000
0.002631	-299.767851	62.344000
0.002140	-310.139239	63.344000
0.246844	-281.003743	64.344000
0.275547	-286.754555	65.344000
0.307531	-291.975130	66.344000
0.338387	-297.285902	67.344000
0.371358	-302.391907	68.345000
0.402511	-307.625458	69.344000
0.436216	-312.647672	70.344000
0.467650	-317.831132	71.344000
0.500586	-322.927616	72.344000
0.532303	-328.092577	73.344000
0.565399	-333.149808	74.345000
0.600013	-337.905287	75.344000
0.636239	-342.336194	76.344000
0.670893	-347.074487	77.344000
0.703520	-352.085011	78.344000
0.738170	-356.899646	79.344000
0.773029	-361.595692	80.344000
0.810159	-366.044882	81.344000
0.847068	-370.389565	82.344000
0.886942	-374.356911	83.344000
0.926703	-378.243062	84.344000
0.968870	-381.825999	85.344000
1.010781	-385.359136	86.344000
1.054179	-388.722007	87.344000
1.096345	-392.152763	88.344000
1.140045	-395.524371	89.344000
1.182700	-399.017504	90.344000
1.224796	-402.610042	91.344000
1.266443	-406.244075	92.344000
1.307451	-409.958369	93.344000
1.349191	-413.652752	94.344000
1.389519	-417.409816	95.344000
1.432589	-420.909796	96.344000
1.473023	-424.647107	97.344000
1.514796	-428.257411	98.344000
1.555347	-431.969367	99.345000
1.597513	-435.583661	100.345000
1.638072	-439.365797	101.344000
1.680333	-442.947626	102.345000
1.721207	-446.650425	103.344000
1.763397	-450.257744	104.344000
1.804847	-453.882277	105.344000
1.847637	-457.388166	106.344000
1.889501	-460.944668	107.344000
1.931803	-464.490645	108.344000
1.974017	-468.036954	109.344000
2.015532	-471.596996	110.344000
2.058133	-475.071103	111.344000
2.100083	-478.595957	112.344000
2.143469	-482.021949	113.344000
2.185356	-485.540297	114.345000
2.229188	-488.891879	115.344000
2.271660	-492.341386	116.344000
2.315787	-495.651986	117.344000
2.358547	-499.063239	118.344000
2.403271	-502.284396	119.344000
2.446301	-505.647973	120.344000
2.490483	-508.846658	121.344000
2.533470	-512.143191	122.344000
2.578784	-515.296541	123.345000
2.622316	-518.552832	124.344000
2.667126	-521.735201	125.345000
2.711695	-524.870576	126.344000
2.756421	-528.014913	127.344000
2.801539	-531.133217	128.344000
2.846389	-534.285787	129.344000
2.892353	-537.306940	130.344000
2.936479	-540.463375	131.344000
2.982527	-543.466535	132.344000
3.026567	-546.567327	133.344000
3.073023	-549.449846	134.344000
3.063723	-548.735484	135.344000
3.022907	-545.596969	136.344000
2.978404	-542.433852	137.344000
2.935344	-539.115443	138.344000
2.890478	-535.942100	139.344000
2.847051	-532.648379	140.344000
2.802294	-529.422249	141.344000
2.758524	-526.132144	142.350000
2.714536	-522.907469	143.344000
2.670401	-519.660621	144.344000
2.626800	-516.331208	145.344000
2.582844	-513.071131	146.344000
2.539629	-509.702183	147.344000
2.495996	-506.423917	148.344000
2.453715	-503.012185	149.344000
2.409310	-499.745037	150.344000
2.366890	-496.299849	151.344000
2.322799	-492.949748	152.344000
2.280994	-489.457620	153.344000
2.237163	-486.079654	154.344000
2.195339	-482.527751	155.344000
2.152475	-479.065015	156.344000
2.110078	-475.548869	157.344000
2.067790	-472.033635	158.344000
2.025626	-468.521435	159.344000
1.984316	-464.937369	160.344000
1.941489	-461.424008	161.345000
1.899285	-457.955736	162.345000
1.856384	-454.468753	163.344000
1.815003	-450.832062	164.344000
1.772379	-447.302046	165.344000
1.731345	-443.622508	166.347000
1.688961	-440.061452	167.344000
1.647790	-436.379899	168.344000
1.606414	-432.688747	169.344000
1.564249	-429.101353	170.344000
1.523415	-425.451290	171.344000
1.480514	-421.991230	172.344000
1.439911	-418.271993	173.344000
1.397506	-414.636657	174.345000
1.357482	-410.847510	175.349000
1.315318	-407.242844	176.345000
1.273870	-403.617406	177.344000
1.231234	-400.106883	178.345000
1.187935	-396.696457	179.344000
1.145004	-393.263967	180.344000
1.100747	-389.956662	181.344000
1.058937	-386.542396	182.345000
1.014797	-383.265920	183.344000
0.972416	-379.777704	184.344000
0.930804	-376.153048	185.345000
0.889403	-372.416229	186.344000
0.850514	-368.412521	187.344000
0.811190	-364.316097	188.347000
0.774869	-359.909308	189.344000
0.737262	-355.515423	190.344000
0.702574	-350.832549	191.344000
0.665802	-346.350298	192.344000
0.629343	-342.000089	193.344000
0.590950	-337.878933	194.344000
0.554893	-333.344366	195.344000
0.520331	-328.586002	196.344000
0.485664	-323.790890	197.344000
0.452621	-318.808870	198.344000
0.418366	-313.950070	199.344000
0.385647	-308.924255	200.344000
0.352244	-303.908293	201.344000
0.320804	-298.689867	202.344000
0.288923	-293.431615	203.344000
0.258322	-288.067238	204.344000
0.227715	-282.705065	205.344000
0.197484	-277.261977	206.351000
0.168114	-271.723218	207.347000
0.137329	-266.288363	208.344000
0.106906	-260.903016	209.344000
0.071945	-256.083975	210.344000
0.025894	-253.275080	211.344000
0.002259	-246.630225	212.344000
0.002891	-236.276568	213.345000
0.002567	-225.952113	214.344000
0.002552	-215.637800	215.344000
0.002945	-205.353023	216.344000
0.002359	-195.102306	217.344000
0.003171	-184.666534	218.344000
0.002284	-174.382788	219.344000
0.003132	-164.012351	220.344000
0.002246	-153.744509	221.344000
0.002878	-143.401347	222.344000
0.002702	-133.081411	223.344000
0.002627	-122.755173	224.344000
0.002897	-112.428864	225.344000
0.002325	-102.131898	226.344000
0.002975	-91.746514	227.344000
0.001994	-81.564415	228.344000
0.003052	-71.232428	229.344000
0.002253	-60.972608	230.344000
0.002691	-50.624192	231.344000
0.002372	-40.327942	232.344000
0.002132	-30.562985	233.344000
0.002465	-20.777385	234.344000
