0.003716	-2.905822	14.035000
0.001863	-15.122219	15.035000
0.002829	-31.253053	16.035000
0.002202	-41.856937	17.035000
0.002521	-52.144415	18.035000
0.002868	-62.433825	19.035000
0.002124	-72.808146	20.035000
0.002990	-82.976922	21.035000
0.002495	-93.286124	22.035000
0.002395	-103.611709	23.035000
0.002929	-113.914072	24.035000
0.002072	-124.269557	25.035000
0.002861	-134.541851	26.035000
0.002543	-144.865479	27.035000
0.002286	-155.204992	28.035000
0.002937	-165.496048	29.035000
0.002194	-175.843453	30.035000
0.002662	-186.154766	31.035000
0.002735	-196.508109	32.035000
0.002065	-206.829803	33.035000
0.002944	-217.009042	34.035000
0.002218	-227.386633	35.035000
0.002443	-237.706695	36.035000
0.002664	-248.010359	37.035000
0.001820	-258.407636	38.035000
0.002664	-268.641100	39.035000
0.002063	-279.034330	40.035000
0.002075	-289.352981	41.035000
0.002458	-299.651475	42.035000
0.001570	-310.047392	43.035000
0.002386	-320.233431	44.035000
0.001706	-330.572457	45.035000
0.001605	-340.884923	46.035000
0.111551	-333.486842	47.035000
0.186666	-331.749196	48.035000
0.206131	-339.029101	49.035000
0.224155	-346.440217	50.035000
0.242545	-353.776447	51.035000
0.264717	-360.613436	52.035000
0.287080	-367.230474	53.035000
0.312013	-373.644398	54.035000
0.332850	-380.558964	55.035000
0.352389	-387.667860	56.035000
0.372779	-394.716130	57.035000
0.391678	-401.916522	58.035000
0.412785	-408.936519	59.035000
0.432305	-416.075233	60.035000
0.452515	-423.164928	61.035000
0.473731	-430.115883	62.035000
0.493787	-437.152457	63.035000
0.515914	-443.989497	64.035000
0.537194	-450.843692	65.039000
0.559614	-457.557834	66.035000
0.581663	-464.292954	67.035000
0.597675	-471.929056	68.035000
0.621101	-478.594935	69.035000
0.652522	-483.860681	70.035000
0.682743	-489.353334	71.035000
0.710879	-495.166378	72.035000
0.737607	-501.141973	73.035000
0.765544	-507.040925	74.035000
0.792064	-513.048816	75.035000
0.819289	-518.992936	76.035000
0.847474	-524.847229	77.035000
0.874281	-530.727662	78.035000
0.902798	-536.491827	79.035000
0.930139	-542.391419	80.035000
0.958548	-548.143620	81.035000
0.987414	-553.870362	82.035000
1.015295	-559.653308	83.035000
1.044742	-565.304972	84.035000
1.072865	-571.071610	85.035000
1.102228	-576.684336	86.035000
1.131660	-582.296514	87.035000
1.160594	-587.917388	88.035000
1.191054	-593.401949	89.035000
1.220427	-598.872975	90.035000
1.251054	-604.269808	91.035000
1.281148	-609.738928	92.035000
1.311531	-615.146760	93.035000
1.343246	-620.433806	94.038000
1.375778	-625.469205	95.035000
1.408221	-630.646710	96.035000
1.439093	-635.975262	97.035000
1.471099	-641.179854	98.035000
1.503652	-646.317261	99.035000
1.534858	-651.552671	100.035000
1.567913	-656.555508	101.035000
1.599806	-661.677026	102.035000
1.632911	-666.667152	103.035000
1.666527	-671.637295	104.035000
1.698896	-676.678607	105.035000
1.733481	-681.527540	106.035000
1.766547	-686.479652	107.035000
1.801757	-691.258170	108.035000
1.836057	-696.088840	109.035000
1.869780	-700.939489	110.035000
1.905372	-705.630760	111.035000
1.939100	-710.434707	112.035000
1.974845	-715.002773	113.035000
2.009837	-719.676783	114.035000
2.004658	-718.360074	115.035000
1.974810	-713.372455	116.035000
1.942223	-708.335310	117.035000
1.910766	-703.149347	118.035000
1.878301	-698.024973	119.035000
1.845734	-692.923632	120.035000
1.813866	-687.789151	121.035000
1.780539	-682.713891	122.035000
1.748551	-677.557765	123.035000
1.716282	-672.399205	124.040000
1.683749	-667.310099	125.035000
1.652310	-662.074379	126.035000
1.619922	-656.938039	127.035000
1.588402	-651.752825	128.035000
1.557445	-646.508903	129.035000
1.524991	-641.331770	130.035000
1.494317	-636.008683	131.035000
1.462193	-630.783283	132.035000
1.431191	-625.420811	133.035000
1.400676	-620.075417	134.035000
1.368777	-614.796720	135.035000
1.339120	-609.318062	136.035000
1.307982	-603.959794	137.035000
1.277699	-598.492132	138.035000
1.247878	-593.096267	139.035000
1.217136	-587.677363	140.035000
1.188440	-582.078663	141.035000
1.158114	-576.575999	142.035000
1.128741	-570.975630	143.035000
1.100002	-565.319606	144.035000
1.070059	-559.719279	145.035000
1.042137	-553.965943	146.035000
1.012439	-548.350475	147.035000
0.984015	-542.623368	148.035000
0.955972	-536.848163	149.035000
0.923948	-531.594761	150.035000
0.895270	-526.023088	151.035000
0.865286	-520.476171	152.035000
0.838260	-514.567567	153.035000
0.810083	-508.725019	154.035000
0.782684	-502.824468	155.035000
0.755237	-496.948548	156.035000
0.726363	-491.175925	157.035000
0.697874	-485.533130	158.038000
0.664949	-480.419937	159.035000
0.646009	-473.128114	160.035000
0.623966	-466.330984	161.035000
0.599467	-459.984295	162.035000
0.574344	-453.810190	163.035000
0.547432	-447.715610	164.035000
0.523007	-441.403681	165.035000
0.497996	-435.067212	166.035000
0.473136	-428.711585	167.035000
0.449557	-422.246651	168.035000
0.424728	-415.826309	169.035000
0.401955	-409.220733	170.035000
0.377513	-402.766024	171.035000
0.354647	-396.153556	172.035000
0.332264	-389.513987	173.035000
0.309112	-382.925491	174.035000
0.285732	-376.423315	175.035000
0.259299	-370.272288	176.035000
0.238668	-363.337047	177.035000
0.218808	-356.157733	178.035000
0.200983	-348.711702	179.035000
0.183943	-341.159718	180.035000
0.165693	-333.716585	181.035000
0.149259	-326.106694	182.035000
0.131272	-318.598736	183.035000
0.114905	-310.946340	184.035000
0.098928	-303.279202	185.035000
0.082216	-295.662686	186.035000
0.065988	-288.011968	187.035000
0.047226	-280.625017	188.035000
0.010428	-276.282266	189.035000
0.002254	-267.192704	190.035000
0.002410	-256.864367	191.035000
0.002172	-246.558373	192.035000
0.002608	-236.227661	193.035000
0.002079	-225.932134	194.035000
0.002841	-215.542009	195.035000
0.002137	-205.339301	196.035000
0.003103	-194.974296	197.035000
0.002072	-184.700591	198.035000
0.002949	-174.307398	199.035000
0.002123	-164.100593	200.035000
0.002973	-153.697354	201.035000
0.002280	-143.447433	202.035000
0.002943	-133.109633	203.035000
0.002564	-122.797508	204.035000
0.002603	-112.432629	205.035000
0.002553	-102.079705	206.035000
0.002412	-91.761189	207.035000
0.002691	-81.482065	208.035000
0.002316	-71.262925	209.035000
0.002886	-60.895445	210.035000
0.002137	-50.647515	211.035000
0.002754	-40.286583	212.035000
0.001853	-30.575271	213.035000
0.002645	-20.765097	214.035000
