0.002991	-3.062419	9.015000
0.001782	-16.741738	10.015000
0.002392	-35.493931	11.015000
0.002830	-48.576688	12.015000
0.002018	-61.588579	13.015000
0.002733	-74.439196	14.015000
0.002702	-87.320032	15.018000
0.002123	-100.294118	16.015000
0.003084	-113.169742	17.015000
0.002626	-126.132085	18.015000
0.002103	-139.111248	19.015000
0.003142	-151.877327	20.015000
0.002446	-164.884953	21.015000
0.002236	-177.803163	22.015000
0.002987	-190.669993	23.015000
0.002300	-203.690999	24.015000
0.002411	-216.610552	25.015000
0.002910	-229.536725	26.016000
0.001999	-242.511224	27.015000
0.002392	-255.374252	28.015000
0.002622	-268.297681	29.015000
0.001796	-281.300964	30.015000
0.002395	-294.225778	31.015000
0.002142	-307.173412	32.015000
0.001508	-320.117591	33.019000
0.002401	-332.969783	34.019000
0.022097	-342.632886	35.015000
0.270738	-315.497034	36.015000
0.306355	-322.879520	37.015000
0.339323	-330.481848	38.015000
0.371935	-338.164355	39.015000
0.405419	-345.765261	40.015000
0.437889	-353.395392	41.015000
0.472580	-360.745666	42.015000
0.510029	-367.732527	43.015000
0.550522	-374.102109	44.015000
0.596816	-379.620612	45.015000
0.646225	-384.602071	46.015000
0.689013	-390.652677	47.016000
0.729447	-397.102564	48.015000
0.769543	-403.561168	49.015000
0.809494	-410.015222	50.015000
0.851117	-416.355192	51.015000
0.892055	-422.691610	52.015000
0.933278	-428.967944	53.015000
0.976446	-435.033484	54.015000
1.018812	-441.179182	55.015000
1.060860	-447.263343	56.015000
1.105403	-453.152515	57.015000
1.149057	-459.036060	58.015000
1.192343	-464.906734	59.015000
1.237835	-470.631202	60.015000
1.282762	-476.334525	61.015000
1.327590	-481.984166	62.015000
1.374078	-487.524689	63.015000
1.419969	-493.062443	64.015000
1.466056	-498.561913	65.015000
1.514178	-503.840431	66.015000
1.560489	-509.219374	67.015000
1.608422	-514.492581	68.015000
1.656574	-519.672692	69.015000
1.704513	-524.899987	70.015000
1.753857	-529.938902	71.015000
1.803057	-534.941220	72.015000
1.851312	-540.051997	73.015000
1.901862	-544.947689	74.015000
1.951848	-549.760459	75.015000
2.001840	-554.667551	76.015000
2.053301	-559.395276	77.015000
2.104068	-564.182403	78.015000
2.154721	-568.910017	79.015000
2.207173	-573.474546	80.019000
2.258404	-578.103215	81.015000
2.310608	-582.646961	82.015000
2.363871	-587.111919	83.015000
2.416397	-591.582585	84.015000
2.470186	-595.884230	85.015000
2.524211	-600.193703	86.016000
2.576924	-604.583050	87.015000
2.631276	-608.776703	88.015000
2.685442	-613.057641	89.015000
2.738609	-617.362415	90.015000
2.794297	-621.485146	91.015000
2.848359	-625.717318	92.016000
2.901609	-630.017112	93.015000
2.957309	-634.091434	94.015000
3.011659	-638.252751	95.015000
3.066723	-642.340503	96.015000
3.122961	-646.332561	97.019000
3.177033	-650.410294	98.015000
3.232710	-654.462166	99.015000
3.288764	-658.422238	100.015000
3.343496	-662.457458	101.015000
3.400019	-666.375419	102.015000
3.456082	-670.311113	103.015000
3.511221	-674.321945	104.015000
3.568424	-678.160799	105.015000
3.624289	-682.027101	106.015000
3.680363	-685.965446	107.015000
3.738023	-689.714399	108.016000
3.794435	-693.577798	109.015000
3.784796	-692.475320	110.015000
3.733860	-688.319559	111.015000
3.679191	-684.152573	112.015000
3.625155	-679.906863	113.015000
3.572063	-675.666985	114.015000
3.516879	-671.481282	115.015000
3.463336	-667.233419	116.015000
3.409295	-662.986988	117.015000
3.354368	-658.820644	118.016000
3.301173	-654.560477	119.015000
3.247410	-650.271628	120.015000
3.192509	-646.080466	121.015000
3.139569	-641.807484	122.015000
3.085216	-637.549171	123.015000
3.031191	-633.287756	124.015000
2.977942	-628.952996	125.015000
2.923823	-624.684467	126.015000
2.870178	-620.405370	127.015000
2.816531	-616.112090	128.015000
2.761359	-611.962591	129.015000
2.711681	-607.023816	130.015000
2.660855	-602.321249	131.015000
2.607088	-597.992409	132.018000
2.554287	-593.573050	133.015000
2.501985	-589.075417	134.015000
2.448573	-584.660436	135.015000
2.396503	-580.082908	136.015000
2.344908	-575.488219	137.015000
2.291904	-570.959550	138.015000
2.241349	-566.234761	139.015000
2.190255	-561.533528	140.015000
2.138545	-556.859762	141.015000
2.088430	-552.017611	142.015000
2.037309	-547.252963	143.015000
1.986197	-542.461577	144.015000
1.937551	-537.501655	145.015000
1.887113	-532.593293	146.015000
1.837218	-527.658583	147.015000
1.788783	-522.627243	148.015000
1.739335	-517.587432	149.015000
1.690011	-512.543857	150.015000
1.642660	-507.306444	151.015000
1.593809	-502.157180	152.015000
1.545772	-496.996566	153.015000
1.498962	-491.633987	154.015000
1.450818	-486.368612	155.015000
1.404035	-480.938386	156.015000
1.357863	-475.466777	157.015000
1.310832	-470.066948	158.015000
1.265133	-464.483184	159.015000
1.219722	-458.866144	160.015000
1.173672	-453.299804	161.015000
1.129679	-447.516294	162.015000
1.084585	-441.779805	163.015000
1.039927	-435.969670	164.015000
0.996862	-430.001722	165.015000
0.952811	-424.121793	166.015000
0.909121	-418.107029	167.016000
0.867730	-411.931541	168.015000
0.824487	-405.847931	169.015000
0.782446	-399.693222	170.015000
0.741753	-393.398929	171.015000
0.698978	-387.258008	172.015000
0.647826	-382.554415	173.015000
0.601704	-377.107540	174.015000
0.551955	-372.058093	175.015000
0.508184	-366.248325	176.015000
0.469734	-359.450394	177.015000
0.432902	-352.355276	178.015000
0.400306	-344.817401	179.015000
0.366349	-337.271838	180.015000
0.332603	-329.732387	181.015000
0.299699	-322.117932	182.015000
0.264640	-314.795004	183.015000
0.230983	-307.301477	184.015000
0.199093	-299.536619	185.015000
0.166328	-291.797745	186.015000
0.135394	-283.939963	187.015000
0.103525	-276.098083	188.015000
0.068524	-268.727473	189.015000
0.015853	-264.315271	190.015000
0.002694	-253.467599	191.015000
0.002113	-240.623702	192.015000
0.003201	-227.575534	193.015000
0.002555	-214.705143	194.015000
0.002388	-201.752536	195.015000
0.003174	-188.727465	196.015000
0.002328	-175.862743	197.015000
0.002964	-162.879051	198.015000
0.002901	-149.948332	199.015000
0.002200	-137.155037	200.015000
0.003176	-124.109873	201.015000
0.002630	-111.250124	202.015000
0.002300	-98.304956	203.015000
0.003193	-85.292485	204.015000
0.002189	-72.503282	205.015000
0.002601	-59.521740	206.015000
0.002833	-46.614206	207.015000
0.001864	-34.959570	208.015000
0.002656	-23.623209	209.015000
