-0.000000	-3.328636	14.739000
0.002947	-156.616174	15.740000
0.001723	-262.188385	16.739000
0.002207	-277.036176	17.739000
0.001859	-287.935367	18.740000
0.001565	-298.610753	19.739000
0.002204	-309.184638	20.739000
0.001279	-319.863429	21.739000
0.002360	-330.322042	22.739000
0.001016	-340.948385	23.739000
0.002061	-351.493279	24.739000
0.000897	-362.156622	25.739000
0.001633	-372.711650	26.739000
0.001191	-383.324911	27.739000
0.000970	-393.943674	28.739000
0.001392	-404.436195	29.739000
0.000331	-415.041008	30.739000
0.001448	-425.593817	31.739000
0.000243	-436.247783	32.739000
0.001242	-446.787707	33.739000
0.000276	-457.425563	34.739000
0.000744	-468.005732	35.739000
0.000415	-478.553720	36.739000
0.000207	-489.126203	37.739000
0.000582	-499.687320	38.739000
-0.000468	-510.357172	39.739000
0.000361	-520.919395	40.739000
-0.000899	-531.586406	41.739000
0.000232	-542.128413	42.739000
0.004432	-551.842638	43.739000
0.007760	-561.936333	44.739000
0.008421	-572.419892	45.739000
0.009412	-582.870860	46.739000
0.011005	-593.249725	47.740000
0.011410	-603.683699	48.739000
0.013658	-614.031551	49.739000
0.013766	-624.392647	50.739000
0.016233	-634.645582	51.739000
0.016604	-645.048459	52.739000
0.019142	-655.339225	53.740000
0.020029	-665.736458	54.739000
0.021635	-676.085018	55.739000
0.023348	-686.416451	56.739000
0.024492	-696.699659	57.740000
0.026792	-706.938460	58.739000
0.027435	-717.320180	59.739000
0.030134	-727.612433	60.740000
0.030302	-738.019691	61.739000
0.033086	-748.282349	62.739000
0.033434	-758.696671	63.739000
0.035994	-768.934735	64.739000
0.037281	-779.204493	65.741000
0.039150	-789.436443	66.739000
0.041318	-799.718670	67.739000
0.042624	-810.023241	68.739000
0.045720	-820.243620	69.739000
0.046267	-830.599319	70.739000
0.049704	-840.754367	71.740000
0.050437	-851.038291	72.739000
0.053879	-861.135000	73.739000
0.055297	-871.413531	74.739000
0.058300	-881.560793	75.739000
0.060733	-891.760744	76.739000
0.062905	-901.964990	77.739000
0.066157	-912.089682	78.739000
0.067946	-922.226176	79.740000
0.072154	-932.208660	80.739000
0.073858	-942.445470	81.739000
0.078008	-952.501010	82.739000
0.079734	-962.697731	83.739000
0.083980	-972.698803	84.739000
0.086634	-982.804063	85.739000
0.090220	-992.743788	86.739000
0.094222	-1002.687548	87.739000
0.097126	-1012.734929	88.739000
0.102112	-1022.625581	89.739000
0.104824	-1032.679878	90.739000
0.110020	-1042.563462	91.739000
0.112889	-1052.571971	92.739000
0.117757	-1062.373027	93.739000
0.121691	-1072.234255	94.739000
0.126369	-1082.099293	95.739000
0.131221	-1091.939809	96.739000
0.135192	-1101.808240	97.739000
0.140972	-1111.572055	98.739000
0.144762	-1121.406267	99.739000
0.151023	-1131.047842	100.739000
0.154981	-1140.849029	101.739000
0.161305	-1150.511475	102.739000
0.165789	-1160.314187	103.739000
0.171770	-1169.969397	104.739000
0.177593	-1179.668790	105.739000
0.182795	-1189.347523	106.739000
0.189545	-1198.870779	107.739000
0.194202	-1208.557952	108.739000
0.201826	-1218.045010	109.739000
0.206617	-1227.754700	110.739000
0.213855	-1237.250079	111.739000
0.219952	-1246.847842	112.739000
0.226482	-1256.372973	113.739000
0.233988	-1265.823094	114.739000
0.231954	-1263.895365	115.740000
0.226768	-1254.664364	116.739000
0.219769	-1245.171849	117.739000
0.214914	-1235.468365	118.739000
0.208270	-1225.889817	119.739000
0.203144	-1216.175193	120.739000
0.197080	-1206.570303	121.739000
0.191297	-1196.954783	122.739000
0.186468	-1187.252053	123.739000
0.179935	-1177.641841	124.739000
0.175804	-1167.795664	125.739000
0.169546	-1158.153695	126.739000
0.165250	-1148.321283	127.739000
0.159815	-1138.595824	128.739000
0.154715	-1128.902149	129.739000
0.150452	-1119.106144	130.739000
0.144531	-1109.385934	131.739000
0.140821	-1099.487189	132.739000
0.134919	-1089.763500	133.739000
0.131419	-1079.820335	134.739000
0.126080	-1070.046053	135.739000
0.122036	-1060.217089	136.739000
0.117907	-1050.343575	137.739000
0.113198	-1040.465082	138.739000
0.110120	-1030.440845	139.740000
0.104801	-1020.597316	140.740000
0.101936	-1010.557131	141.739000
0.097056	-1000.664010	142.739000
0.094077	-990.699803	143.739000
0.090058	-980.780156	144.739000
0.086570	-970.752171	145.739000
0.083480	-960.704187	146.739000
0.079661	-950.674785	147.739000
0.077147	-940.523886	148.739000
0.072857	-930.497330	149.739000
0.070782	-920.405636	150.739000
0.067026	-910.399127	151.739000
0.064651	-900.250272	152.739000
0.061695	-890.125514	153.739000
0.058784	-879.983513	154.739000
0.056522	-869.808333	155.739000
0.053358	-859.667374	156.739000
0.051730	-849.496073	157.739000
0.048089	-839.416980	158.739000
0.046549	-829.142128	159.739000
0.043291	-819.023056	160.739000
0.041831	-808.734004	161.739000
0.038909	-798.573838	162.739000
0.037216	-788.272754	163.739000
0.035109	-778.121396	164.739000
0.032691	-767.917659	165.739000
0.031342	-757.631795	166.740000
0.028485	-747.437332	167.739000
0.027578	-737.072148	168.739000
0.024702	-726.870860	169.739000
0.023576	-716.503875	170.739000
0.021346	-706.249148	171.739000
0.019683	-696.001985	172.739000
0.018524	-685.704714	173.739000
0.016233	-675.414072	174.739000
0.015723	-664.983461	175.739000
0.013227	-654.684683	176.739000
0.013151	-644.182245	177.739000
0.011207	-633.836524	178.739000
0.010615	-623.457779	179.739000
0.009546	-613.118926	180.739000
0.008176	-602.695719	181.739000
0.007990	-592.218036	182.739000
0.006065	-581.845261	183.739000
0.006436	-571.277439	184.739000
0.004355	-560.870321	185.739000
0.004256	-550.443890	186.739000
0.001361	-540.347846	187.739000
-0.000388	-530.012651	188.739000
0.000229	-519.401371	189.739000
-0.000602	-508.839129	190.739000
0.000745	-498.155691	191.739000
-0.000308	-487.634352	192.739000
0.000789	-477.020932	193.740000
0.000435	-466.493106	194.739000
0.000506	-455.872965	195.739000
0.001021	-445.251854	196.739000
0.000162	-434.700887	197.739000
0.001461	-424.037671	198.739000
0.000397	-413.491326	199.739000
0.001477	-402.929137	200.739000
0.000985	-392.407130	201.739000
0.000935	-381.825924	202.739000
0.001662	-371.156375	203.739000
0.000753	-360.631169	204.739000
0.002145	-349.939575	205.739000
0.001070	-339.407826	206.739000
0.002074	-328.828540	207.739000
0.001623	-318.319058	208.739000
0.001662	-307.734629	209.739000
0.002320	-297.081638	210.739000
0.001359	-286.558487	211.739000
0.002639	-275.863236	212.739000
0.001420	-265.349164	213.739000
0.002269	-254.789377	214.739000
