-0.000401	-3.322365	11.753000
0.002065	-16.630882	12.753000
0.002435	-35.420154	13.753000
0.002799	-48.532012	14.753000
0.002110	-61.529094	15.753000
0.003114	-74.362793	16.753000
0.002196	-87.314244	17.753000
0.002840	-100.219289	18.753000
0.002669	-113.182319	19.753000
0.002313	-126.142132	20.753000
0.003177	-139.005729	21.753000
0.002236	-151.935039	22.753000
0.003009	-164.831929	23.753000
0.002670	-177.765150	24.753000
0.002582	-190.692841	25.753000
0.003211	-203.626472	26.753000
0.002170	-216.631556	27.753000
0.003080	-229.535387	28.753000
0.002446	-242.492370	29.753000
0.002565	-255.380699	30.753000
0.002935	-268.299672	31.754000
0.001986	-281.308889	32.753000
0.002880	-294.216289	33.753000
0.002113	-307.204925	34.753000
0.002292	-320.066838	35.753000
0.038483	-327.185135	36.753000
0.423008	-278.218297	37.753000
0.476284	-282.763959	38.753000
0.526264	-287.588443	39.753000
0.575984	-292.585576	40.753000
0.623773	-297.863434	41.753000
0.670051	-303.308624	42.754000
0.717069	-308.697799	43.753000
0.762924	-314.227949	44.753000
0.810141	-319.613988	45.753000
0.857568	-324.944431	46.753000
0.904829	-330.228232	47.753000
0.954406	-335.245816	48.753000
1.003224	-340.312076	49.753000
1.054124	-345.090829	50.753000
1.105399	-349.750159	51.753000
1.157377	-354.297032	52.754000
1.211983	-358.543455	53.753000
1.265617	-362.809704	54.753000
1.321009	-366.879195	55.753000
1.376785	-370.862375	56.754000
1.432848	-374.791215	57.754000
1.490860	-378.443957	58.753000
1.547939	-382.206270	59.753000
1.606451	-385.742801	60.753000
1.664740	-389.298493	61.753000
1.722096	-392.966782	62.753000
1.781500	-396.454597	63.753000
1.839189	-400.024225	64.753000
1.898424	-403.475903	65.754000
1.958523	-406.780864	66.753000
2.017596	-410.188735	67.753000
2.078185	-413.434860	68.753000
2.137607	-416.766755	69.754000
2.198023	-419.971447	70.753000
2.259975	-423.004656	71.753000
2.320538	-426.160488	72.753000
2.382853	-429.124639	73.753000
2.444608	-432.092942	74.753000
2.506144	-435.105088	75.753000
2.569220	-437.977768	76.753000
2.630666	-440.921735	77.753000
2.694081	-443.722288	78.753000
2.757530	-446.498053	79.753000
2.820316	-449.324383	80.753000
2.884991	-451.930254	81.755000
2.948472	-454.581113	82.753000
3.013204	-457.126297	83.753000
3.079739	-459.438515	84.753000
3.588744	-390.524833	85.753000
3.730850	-380.747636	86.753000
3.796895	-383.037623	87.753000
3.864608	-385.143879	88.753000
3.933739	-387.041524	89.753000
4.001450	-389.000339	90.758000
4.070884	-390.798160	91.753000
4.140202	-392.619251	92.753000
4.209095	-394.467791	93.753000
4.279434	-396.179509	94.754000
4.348116	-397.990228	95.753000
4.418201	-399.710018	96.753000
4.488533	-401.392856	97.753000
4.558537	-403.040264	98.753000
4.630480	-404.473247	99.753000
4.700255	-406.139500	100.753000
4.770437	-407.785841	101.753000
4.841716	-409.353800	102.753000
4.911016	-411.029156	103.753000
4.982296	-412.586208	104.753000
5.053037	-414.163956	105.753000
5.123334	-415.777685	106.753000
5.195305	-417.221555	107.753000
5.268047	-418.384465	108.753000
5.341223	-419.575924	109.753000
5.411727	-421.260588	110.753000
5.480853	-423.053868	111.754000
5.467398	-422.644946	112.753000
5.400279	-421.010033	113.753000
5.330163	-419.334835	114.753000
5.257264	-418.221533	115.753000
5.183133	-417.196770	116.753000
5.112223	-415.693509	117.753000
5.041489	-414.155696	118.753000
4.969710	-412.667885	119.753000
4.899860	-411.037411	120.753000
4.828998	-409.501745	121.753000
4.758155	-407.919707	122.753000
4.688401	-406.266242	123.753000
4.617262	-404.746629	124.753000
4.547015	-403.107988	125.754000
4.476855	-401.490859	126.753000
4.405308	-399.945645	127.753000
4.335995	-398.228899	128.753000
4.265112	-396.668220	129.753000
4.194484	-395.055930	130.753000
4.125057	-393.318137	131.753000
4.054145	-391.702787	132.753000
3.984638	-389.974210	133.753000
3.915025	-388.292048	134.753000
3.844244	-386.632779	135.753000
3.774843	-384.869831	136.753000
3.704326	-383.250620	137.753000
3.634046	-381.584708	138.753000
3.564422	-379.878833	139.753000
3.493599	-378.248645	140.753000
3.424347	-376.463689	141.753000
3.354980	-374.749522	142.753000
3.284518	-373.041092	143.753000
3.215663	-371.242731	144.753000
3.144970	-369.560812	145.753000
3.075781	-367.779352	146.753000
3.007003	-365.962213	147.753000
2.936926	-364.215513	148.753000
2.869072	-362.228371	149.753000
2.800376	-360.394208	150.753000
2.730749	-358.563804	151.753000
2.662791	-356.652509	152.753000
2.592910	-354.830847	153.753000
2.524637	-352.922277	154.753000
2.455980	-351.069956	155.753000
2.385902	-349.330593	156.753000
2.313457	-348.098223	157.753000
2.243171	-346.386807	158.753000
2.173683	-344.589352	159.753000
2.104358	-342.897175	160.753000
2.032745	-341.348759	161.753000
1.962199	-339.814117	162.753000
1.890712	-338.414565	163.753000
1.818067	-337.073304	164.753000
1.746566	-335.702338	165.753000
1.673674	-334.362011	166.753000
1.602330	-332.878708	167.753000
1.531855	-331.312804	168.753000
1.459626	-329.899995	169.753000
1.390233	-328.167857	170.753000
1.318426	-326.724661	171.753000
1.245990	-325.402275	172.753000
1.108191	-334.726624	173.753000
1.000110	-339.039041	174.753000
0.945348	-334.935005	175.753000
0.890169	-330.900849	176.753000
0.837052	-326.441703	177.753000
0.785120	-321.896679	178.753000
0.732276	-317.404404	179.753000
0.680065	-312.825585	180.753000
0.629247	-308.170766	181.755000
0.577353	-303.470512	182.753000
0.527621	-298.597584	183.753000
0.477403	-293.670766	184.753000
0.427106	-288.810157	185.753000
0.379072	-283.685244	186.753000
0.330631	-278.480176	187.753000
0.283329	-273.144146	188.753000
0.237224	-267.726027	189.753000
0.189140	-262.409373	190.753000
0.142410	-257.053206	191.753000
0.089172	-252.611668	192.753000
0.018462	-251.046175	193.753000
0.003164	-240.631921	194.753000
0.002347	-227.723608	195.753000
0.002951	-214.744014	196.753000
0.003022	-201.779131	197.753000
0.002443	-188.835188	198.756000
0.003322	-175.863287	199.753000
0.002501	-162.981866	200.753000
0.002959	-149.997599	201.753000
0.002996	-137.145481	202.753000
0.002343	-124.236852	203.753000
0.003219	-111.254742	204.753000
0.002461	-98.328467	205.753000
0.002722	-85.370551	206.753000
0.002991	-72.484862	207.753000
0.002163	-59.590797	208.753000
0.002950	-46.642783	209.753000
0.002201	-34.962212	210.753000
0.002344	-23.654478	211.753000
