-0.001543	-3.385722	10.355000
0.002462	-16.609519	11.355000
0.002431	-35.397365	12.355000
0.002060	-48.555251	13.355000
0.002840	-61.430424	14.355000
0.002040	-74.393198	15.355000
0.002618	-87.220409	16.356000
0.002834	-100.144896	17.355000
0.001978	-113.147442	18.355000
0.002870	-126.018340	19.355000
0.002379	-138.976701	20.356000
0.002230	-151.820352	21.355000
0.002859	-164.732813	22.355000
0.001949	-177.702447	23.355000
0.002523	-190.573187	24.355000
0.002407	-203.556921	25.355000
0.001890	-216.512827	26.355000
0.002732	-229.412588	27.355000
0.001689	-242.394841	28.355000
0.002027	-255.265673	29.355000
0.002382	-268.159676	30.355000
0.001449	-281.169065	31.355000
0.002189	-294.079751	32.355000
0.001608	-307.054196	33.356000
0.001424	-319.927221	34.355000
0.001939	-332.824515	35.355000
0.001059	-345.818970	36.355000
0.001573	-358.658679	37.355000
0.001179	-371.644834	38.356000
0.000619	-384.596039	39.355000
0.001531	-397.505981	40.355000
0.420753	-342.813461	41.355000
0.514790	-340.774243	42.355000
0.544651	-348.969969	43.356000
0.570489	-357.681702	44.355000
0.599358	-366.059750	45.355000
0.632684	-373.581192	46.355000
0.670225	-380.412577	47.355000
0.704579	-387.943018	48.355000
0.734237	-395.994195	49.355000
0.766585	-403.737747	50.355000
0.799903	-411.322640	51.355000
0.833525	-418.808973	52.355000
0.869422	-426.024673	53.356000
0.905699	-433.095872	54.355000
0.943049	-440.024539	55.355000
0.981407	-446.863366	56.355000
1.018907	-453.661613	57.355000
1.059039	-460.256610	58.355000
1.098237	-466.830573	59.355000
1.137918	-473.298535	60.355000
1.179963	-479.582316	61.355000
1.220826	-485.868544	62.355000
1.263915	-491.869375	63.355000
1.307481	-497.822393	64.355000
1.351232	-503.680333	65.355000
1.396828	-509.362848	66.355000
1.441904	-515.000806	67.355000
1.487460	-520.526655	68.355000
1.535605	-525.844791	69.355000
1.581505	-531.271270	70.355000
1.629384	-536.571897	71.355000
1.677854	-541.736039	72.355000
1.725359	-546.908836	73.355000
1.774996	-551.937464	74.355000
1.823888	-557.001416	75.355000
1.872670	-561.991406	76.355000
1.923471	-566.859023	77.355000
1.972708	-571.797831	78.355000
2.024097	-576.555879	79.355000
2.075221	-581.265691	80.355000
2.125783	-585.958364	81.355000
2.178755	-590.476588	82.355000
2.230890	-594.978476	83.355000
2.283525	-599.461544	84.355000
2.337382	-603.850357	85.355000
2.389386	-608.317814	86.355000
2.446417	-612.143403	87.355000
2.502971	-616.015946	88.355000
2.557032	-620.120575	89.355000
2.612544	-624.243648	90.355000
2.666203	-628.506382	91.355000
2.720287	-632.756342	92.355000
2.775564	-636.879005	93.355000
2.829351	-641.087623	94.355000
2.884389	-645.191777	95.356000
2.940131	-649.210620	96.355000
2.994408	-653.368406	97.355000
3.050680	-657.321999	98.355000
3.105910	-661.289513	99.355000
3.161747	-665.249557	100.355000
3.219023	-669.030741	101.355000
3.274821	-672.890966	102.355000
3.331428	-676.741020	103.355000
3.389450	-680.416293	104.355000
3.445650	-684.251679	105.355000
3.503500	-687.931284	106.355000
3.561512	-691.506951	107.355000
3.618644	-695.241902	108.355000
3.677202	-698.835201	109.355000
3.735168	-702.461313	110.355000
3.726874	-701.128092	111.355000
3.678179	-696.639887	112.355000
3.625047	-692.207447	113.355000
3.572296	-687.777777	114.355000
3.520551	-683.333326	115.355000
3.466244	-679.000382	116.355000
3.414239	-674.545588	117.355000
3.360971	-670.131724	118.355000
3.307486	-665.791655	119.355000
3.255217	-661.369442	120.355000
3.201550	-657.013645	121.355000
3.148649	-652.620956	122.355000
3.096541	-648.161993	123.355000
3.042618	-643.803062	124.355000
2.990427	-639.363649	125.356000
2.937232	-634.930272	126.355000
2.883744	-630.564815	127.356000
2.832103	-626.064166	128.355000
2.778193	-621.696243	129.355000
2.724786	-617.375788	130.355000
2.670751	-613.124318	131.355000
2.616545	-608.850751	132.355000
2.569487	-603.627906	133.355000
2.516350	-599.177160	134.356000
2.462993	-594.786016	135.355000
2.411748	-590.190811	136.355000
2.358698	-585.645209	137.355000
2.307643	-580.983731	138.355000
2.256556	-576.250994	139.355000
2.204861	-571.597758	140.355000
2.154958	-566.769990	141.355000
2.104454	-561.946160	142.356000
2.053696	-557.125968	143.355000
2.004592	-552.134176	144.355000
1.953402	-547.323245	145.356000
1.904603	-542.345966	146.355000
1.855861	-537.244860	147.355000
1.806110	-532.269053	148.355000
1.758223	-527.135192	149.355000
1.709431	-522.025637	150.355000
1.660799	-516.875870	151.355000
1.613656	-511.587078	152.355000
1.565342	-506.359013	153.355000
1.518408	-501.058416	154.355000
1.471380	-495.688952	155.355000
1.423842	-490.338265	156.355000
1.378401	-484.765375	157.355000
1.331779	-479.289335	158.355000
1.285591	-473.802499	159.355000
1.240844	-468.092415	160.355000
1.194930	-462.470383	161.355000
1.150548	-456.744147	162.355000
1.106359	-450.960482	163.355000
1.061271	-445.177014	164.355000
1.018513	-439.197589	165.355000
0.974969	-433.216360	166.355000
0.931070	-427.306733	167.355000
0.889121	-421.125848	168.355000
0.846857	-414.989462	169.355000
0.804592	-408.777746	170.355000
0.763786	-402.510773	171.355000
0.721669	-396.318206	172.355000
0.680041	-390.082990	173.355000
0.633093	-384.728162	174.355000
0.581817	-380.026390	175.355000
0.534730	-374.669336	176.355000
0.494349	-368.251275	177.355000
0.456854	-361.258408	178.355000
0.422324	-353.952592	179.355000
0.388818	-346.448066	180.355000
0.355216	-338.832981	181.355000
0.323419	-331.117444	182.355000
0.289315	-323.573973	183.355000
0.255112	-316.155682	184.355000
0.222605	-308.538607	185.355000
0.189807	-300.822983	186.355000
0.158332	-292.967595	187.355000
0.127503	-285.101528	188.355000
0.094497	-277.369590	189.355000
0.060906	-269.866729	190.361000
0.008967	-265.313096	191.355000
0.001949	-253.444292	192.355000
0.002655	-240.499207	193.355000
0.002372	-227.562192	194.355000
0.002024	-214.666827	195.355000
0.003045	-201.615068	196.355000
0.002324	-188.719395	197.355000
0.002158	-175.818936	198.355000
0.003000	-162.820505	199.355000
0.002211	-149.933767	200.355000
0.002514	-137.072656	201.355000
0.002933	-124.082180	202.355000
0.002113	-111.217878	203.361000
0.002858	-98.238308	204.355000
0.002634	-85.304425	205.355000
0.002131	-72.474827	206.355000
0.002952	-59.466656	207.355000
0.002116	-46.645275	208.355000
0.002140	-34.919463	209.355000
0.002887	-23.596487	210.355000
