$SPEC_ID:
No sample description was entered.
$SPEC_REM:
DET# 1
DETDESC# MCB 337
AP# Maestro Version 6.06
$DATE_MEA:
08/13/2020 17:54:10
$MEAS_TIM:
98 120
$DATA:
0 1023
       0
       0
       0
       0
       0
       0
       0
       0
       1
       0
       0
       0
       0
       0
       0
       0
       2
       2
       3
       5
      23
    1184
    7975
   14556
   15347
   15179
   14697
   14094
   13131
   13095
   13168
   13781
   14543
   15997
   17008
   18136
   18974
   19570
   19244
   19356
   18087
   16482
   14346
   11692
    9331
    7243
    5375
    3779
    2858
    2274
    2048
    1998
    2145
    2416
    2753
    3260
    3923
    4570
    5447
    6649
    7780
    9145
   10789
   12012
   14079
   16022
   18398
   21350
   24995
   29458
   34810
   41629
   50055
   59716
   70320
   81640
   91122
   99682
  105629
  106172
  103461
   96837
   86137
   73779
   61211
   47958
   36376
   26400
   18502
   12818
    8622
    5751
    3772
    2695
    2001
    1587
    1333
    1254
    1166
    1234
    1202
    1153
    1140
    1178
    1210
    1253
    1202
    1165
    1208
    1184
    1180
    1177
    1138
    1109
    1057
     997
    1052
    1021
    1026
     966
     956
     945
     851
     828
     867
     780
     828
     839
     788
     796
     800
     785
     796
     753
     734
     807
     787
     823
     737
     766
     791
     767
     797
     820
     774
     818
     837
     885
     834
     845
     862
     880
     909
     882
     896
     812
     826
     792
     768
     737
     673
     591
     550
     515
     421
     392
     326
     305
     212
     179
     157
     134
     106
      99
      76
      57
      52
      51
      51
      52
      50
      48
      42
      36
      42
      37
      57
      42
      55
      34
      37
      40
      34
      43
      31
      34
      43
      39
      35
      30
      29
      30
      27
      31
      28
      35
      28
      31
      23
      45
      21
      34
      47
      32
      33
      30
      31
      30
      21
      20
      26
      21
      27
      21
      26
      25
      19
      18
      29
      16
      26
      18
      21
      33
      18
      26
      19
      15
      28
      17
      20
      11
      17
      19
      23
      13
      15
      13
      13
      17
      15
      24
      13
      13
      15
      21
      15
      16
      13
       9
      13
      12
      11
      18
       8
      10
      13
      12
      15
      10
      16
      14
      16
      12
       8
      14
       6
      10
      12
       8
      12
      11
      10
      12
      11
      10
      13
       5
       9
      19
      16
      12
       8
      11
      15
       7
       6
      11
      10
       7
      14
       7
       9
      11
      10
      12
       4
       6
       8
       5
       7
       3
       5
      10
      15
       6
      11
       7
      12
       6
       7
      14
       7
       8
      13
      12
      10
       6
       9
       7
       7
       6
       7
       3
       4
      11
       8
      14
       7
      10
       5
       9
       7
       4
       4
       9
      13
       9
       8
       6
       6
       7
      10
       9
       7
      11
      12
       9
       9
       5
       7
       8
       7
      11
       4
       7
       9
       3
      10
       5
       8
      11
       8
       3
      13
       5
       6
      10
       0
       9
       9
      10
       4
       5
       6
       5
       7
       2
       4
       7
      10
       4
       6
       5
       4
       5
       5
       8
       3
       8
       3
       7
       5
       7
       7
       9
       4
       3
       4
       4
       4
       7
       8
       6
       5
       6
       3
       3
       4
       9
       6
       8
      11
       9
       2
       6
       4
       6
       7
       4
       4
       6
       4
       5
       5
       4
       3
       6
       4
       3
       4
       8
       2
       4
       2
       3
       0
       6
       3
       4
       3
       6
       3
       3
       5
       6
       3
       7
       6
       4
       3
       5
       4
       7
       4
       4
       0
       4
       2
       1
       2
       4
       5
       2
       2
       5
       2
       2
       1
       5
       2
       5
       2
       3
       6
       5
       2
       2
       2
       6
       4
       0
       3
       3
       3
       2
       1
       4
       3
       5
       2
       7
       4
       3
       0
       7
       2
       4
       2
       4
       7
       3
       6
       3
       1
       2
       2
       4
       1
       6
       1
       3
       4
       3
       2
       2
       7
       2
       2
       2
       5
       3
       2
       2
       1
       3
       1
       1
       1
       2
       4
       3
       2
       1
       2
       4
       7
       3
       0
       0
       1
       3
       2
       2
       1
       2
       3
       5
       3
       2
       2
       1
       1
       2
       1
       6
       1
       3
       0
       4
       3
       6
       5
       3
       2
       5
       1
       1
       2
       2
       3
       1
       1
       1
       6
       0
       2
       3
       4
       6
       2
       2
       1
       1
       6
       1
       2
       1
       5
       2
       3
       2
       2
       4
       4
       4
       3
       1
       4
       1
       2
       3
       4
       4
       5
       1
       1
       3
       6
       1
       5
       3
       2
       1
       2
       4
       2
       0
       2
       0
       2
       2
       0
       2
       1
       0
       1
       6
       2
       1
       3
       1
       3
       2
       2
       2
       1
       4
       1
       0
       3
       3
       0
       4
       0
       1
       4
       2
       0
       3
       1
       4
       3
       3
       0
       3
       5
       1
       0
       2
       2
       0
       0
       1
       4
       6
       7
       4
       4
       2
       1
       1
       2
       7
       2
       2
       2
       1
       3
       0
       4
       2
       4
       0
       0
       2
       0
       3
       0
       1
       3
       4
       5
       4
       1
       1
       1
       4
       1
       7
       2
       5
       2
       0
       3
       0
       3
       4
       4
       1
       1
       1
       3
       4
       2
       2
       2
       2
       2
       2
       0
       2
       0
       1
       0
       1
       2
       2
       2
       3
       3
       1
       1
       2
       5
       3
       4
       3
       3
       1
       1
       0
       0
       1
       7
       1
       0
       4
       3
       0
       1
       0
       2
       1
       1
       2
       0
       1
       1
       1
       0
       1
       3
       4
       4
       2
       2
       2
       1
       1
       3
       0
       0
       0
       2
       1
       2
       4
       1
       3
       1
       1
       2
       1
       1
       0
       1
       1
       3
       1
       3
       4
       3
       2
       3
       0
       0
       0
       1
       0
       0
       3
       2
       2
       1
       1
       0
       2
       0
       1
       1
       2
       3
       2
       1
       1
       0
       2
       2
       0
       0
       0
       1
       4
       1
       3
       3
       1
       3
       1
       2
       0
       2
       4
       1
       2
       3
       4
       1
       0
       1
       2
       2
       0
       1
       2
       4
       0
       2
       1
       1
       0
       1
       3
       1
       2
       1
       5
       3
       0
       0
       0
       0
       0
       1
       2
       0
       2
       3
       0
       0
       1
       3
       0
       2
       3
       1
       0
       2
       3
       1
       1
       0
       1
       0
       2
       2
       1
       0
       3
       1
       2
       1
       3
       1
       2
       0
       1
       1
       0
       1
       1
       1
       0
       0
       1
       2
       0
       3
       1
       3
       2
       1
       0
       1
       0
       0
       1
       1
       0
       0
       1
       1
       1
       2
       1
       0
       0
       0
       0
       2
       0
       2
       0
       0
       1
       4
       2
       1
       0
       2
       1
       0
       0
       4
       1
       0
       0
       0
       0
       0
       1
       2
       1
       2
       1
       3
       0
       0
       1
       0
       1
       0
       0
       0
       0
       1
       0
       1
       1
       1
       0
       1
       0
       1
       2
       0
       3
       1
       3
       0
       0
       0
       0
       1
       0
       2
       2
       1
       1
       1
       5
      10
       3
       6
       5
       4
       8
       5
       2
       4
       4
       6
       3
       6
       4
       2
       5
       3
       2
       1
       7
       4
       2
$ROI:
0
$PRESETS:
Real Time
120
0
$ENER_FIT:
0.000000 0.000000
$MCA_CAL:
3
0.000000E+000 0.000000E+000 0.000000E+000 
$SHAPE_CAL:
3
0.000000E+000 0.000000E+000 0.000000E+000
