$SPEC_ID:
No sample description was entered.
$SPEC_REM:
DET# 1
DETDESC# MCB 337
AP# Maestro Version 6.06
$DATE_MEA:
08/13/2020 17:39:25
$MEAS_TIM:
415 420
$DATA:
0 1023
       0
       0
       0
       0
       0
       0
       0
       0
       0
       0
       0
       0
       0
       0
       0
       0
       0
       0
       0
       0
       0
       6
     245
     252
     267
     198
     156
     117
     122
      92
     116
      84
      80
      73
      74
      71
      78
      90
      88
      91
      88
      86
      72
      76
      71
      83
      81
      84
      86
      88
      78
     109
      90
     107
      88
     102
     108
     104
     103
      99
      94
      86
      94
     109
      89
      99
     106
      89
     109
     105
     111
     109
     108
     108
      90
     125
     108
     111
     138
     116
     122
     143
     122
     145
     153
     141
     163
     166
     195
     226
     220
     248
     246
     254
     273
     260
     258
     278
     228
     255
     228
     200
     194
     199
     182
     193
     178
     211
     190
     202
     190
     182
     173
     181
     180
     154
     174
     156
     143
     176
     166
     157
     149
     164
     156
     168
     153
     160
     142
     176
     140
     157
     160
     166
     167
     178
     154
     171
     157
     157
     163
     165
     180
     154
     181
     159
     160
     146
     170
     137
     166
     157
     165
     182
     176
     161
     174
     164
     177
     167
     183
     157
     175
     172
     159
     168
     169
     195
     192
     153
     180
     151
     145
     171
     167
     142
     161
     162
     168
     143
     174
     170
     165
     169
     151
     166
     163
     159
     166
     153
     144
     144
     161
     135
     145
     170
     155
     169
     150
     160
     145
     151
     138
     132
     148
     172
     150
     196
     174
     189
     157
     168
     160
     158
     177
     163
     153
     158
     190
     160
     176
     152
     149
     168
     168
     160
     174
     171
     173
     140
     141
     158
     176
     172
     170
     153
     185
     157
     164
     173
     148
     190
     167
     166
     169
     168
     170
     166
     167
     154
     143
     136
     188
     177
     144
     164
     179
     156
     192
     153
     151
     159
     156
     172
     149
     154
     163
     154
     170
     149
     141
     140
     166
     131
     148
     139
     153
     142
     157
     156
     159
     164
     164
     174
     144
     148
     145
     150
     143
     172
     156
     133
     166
     146
     126
     142
     142
     146
     171
     132
     137
     156
     138
     153
     166
     144
     141
     148
     146
     189
     157
     132
     148
     145
     149
     170
     152
     151
     137
     148
     156
     153
     150
     138
     149
     167
     165
     148
     147
     151
     157
     156
     149
     131
     148
     151
     140
     139
     143
     134
     117
     122
     138
     161
     125
     142
     133
     128
     141
     120
     139
     127
     152
     136
     125
     113
     124
     129
     109
     101
     124
     136
     123
     106
     142
     148
     117
     113
     128
     131
     118
     105
     124
     101
     105
     107
      94
     113
     119
      97
     103
     113
     107
     107
      93
     100
      98
      92
     105
     119
     105
      89
     111
      92
     113
      98
     110
      84
     105
      98
      92
      92
      94
      95
     115
     111
      98
     100
     101
      93
      97
     108
      81
      74
      91
      94
      89
     103
      97
      80
      82
     100
     100
      84
      95
      82
     103
      83
     100
      72
      86
      84
      96
      86
      78
      76
      93
      80
      94
      81
      84
      72
      70
      79
      96
      73
      85
      75
      81
      76
      78
      75
      89
      68
      76
      74
      70
      78
      69
      88
      75
      84
      79
      92
      78
      76
      93
      80
      60
      71
      82
      77
      85
      60
      72
      72
      79
      72
      74
      75
      86
      70
      73
      81
      74
      61
      81
      65
      77
      78
      77
      75
      56
      72
      70
      73
      61
      85
      75
      68
      68
      64
      59
      70
      74
      58
      73
      68
      81
      67
      78
      73
      72
      63
      56
      57
      63
      50
      46
      61
      73
      68
      53
      68
      54
      51
      71
      52
      77
      61
      73
      39
      58
      50
      60
      59
      51
      42
      55
      58
      57
      50
      36
      62
      47
      48
      40
      56
      53
      46
      62
      44
      40
      36
      44
      48
      48
      47
      46
      53
      42
      40
      42
      36
      45
      45
      47
      37
      41
      41
      41
      33
      34
      35
      37
      40
      38
      33
      34
      40
      32
      40
      41
      42
      34
      41
      33
      25
      37
      32
      37
      28
      41
      37
      28
      40
      23
      40
      37
      27
      37
      38
      23
      39
      25
      43
      35
      38
      38
      26
      35
      27
      31
      31
      28
      27
      25
      25
      22
      27
      33
      39
      25
      29
      34
      31
      37
      29
      29
      29
      22
      38
      29
      38
      26
      22
      37
      21
      32
      34
      35
      28
      30
      21
      32
      26
      29
      21
      23
      24
      33
      34
      33
      24
      27
      24
      35
      35
      24
      30
      32
      32
      34
      39
      21
      47
      31
      37
      32
      21
      34
      31
      35
      33
      28
      41
      33
      35
      35
      26
      39
      37
      29
      42
      37
      36
      40
      39
      37
      57
      41
      46
      33
      50
      50
      46
      49
      45
      51
      50
      48
      52
      48
      46
      69
      53
      62
      53
      61
      53
      68
      63
      81
      68
      82
      86
      75
      62
      82
      89
      83
      79
      98
      88
      83
      95
     115
      88
      92
     110
     105
     122
     115
     135
     122
     117
     146
     131
     152
     147
     145
     146
     163
     163
     162
     170
     159
     135
     149
     166
     152
     178
     176
     204
     201
     190
     203
     202
     176
     205
     215
     194
     204
     193
     226
     190
     196
     187
     207
     225
     215
     182
     190
     168
     209
     169
     182
     204
     187
     182
     178
     172
     158
     187
     143
     162
     158
     159
     158
     157
     133
     164
     119
     128
     111
     129
     113
     113
     111
      83
      98
      97
      93
      74
      72
      66
      59
      68
      65
      52
      48
      54
      56
      43
      36
      36
      34
      35
      36
      28
      23
      20
      14
      21
      19
      24
      15
      17
      15
      19
      11
      13
      18
       8
       4
      11
      10
       4
      11
       6
       2
       9
       3
       3
       7
       8
       6
       4
       7
       5
       4
       2
      12
       5
       7
       4
       2
       2
       3
       4
       9
       7
       5
       5
       6
       4
       6
       9
       9
       5
       5
       4
       6
       5
       6
       5
       2
       8
       4
       7
       2
       4
       4
       4
       8
       4
       6
       4
       3
       7
       5
       4
       3
       7
       3
       3
       3
       2
       2
       7
       5
       6
       6
       3
       3
       7
       9
       7
       2
       6
       7
       9
       9
       3
       7
       5
       4
       2
       2
       3
       2
       3
       9
       2
       1
       6
       5
       3
       5
       4
       6
       5
       3
       7
       3
       4
       3
       3
       7
       6
       6
       9
       5
       5
       6
       3
       5
      10
       5
       7
       4
       1
       4
       0
       1
       3
       0
       2
       1
       6
       2
       2
       1
       2
       2
       3
       6
       3
       4
       4
       5
       2
       3
       4
       5
       2
       4
       4
       4
       6
       4
       1
       6
       3
       6
       3
       1
       5
       4
       2
       3
       3
       5
       3
       5
       5
       4
       0
       8
       3
       5
      25
      19
      23
      12
      23
      23
      23
      19
      13
      15
      19
      14
      12
      11
      19
      15
      10
       7
       6
      14
      14
      13
       6
$ROI:
0
$PRESETS:
Real Time
420
0
$ENER_FIT:
0.000000 0.000000
$MCA_CAL:
3
0.000000E+000 0.000000E+000 0.000000E+000 
$SHAPE_CAL:
3
0.000000E+000 0.000000E+000 0.000000E+000
