$SPEC_ID:
No sample description was entered.
$SPEC_REM:
DET# 1
DETDESC# MCB 337
AP# Maestro Version 6.06
$DATE_MEA:
08/13/2020 14:41:58
$MEAS_TIM:
417 420
$DATA:
0 1023
       0
       0
       0
       0
       0
       0
       0
       0
       0
       0
       0
       0
       0
       0
       0
       0
       0
       0
       0
       0
       0
       6
     182
     176
     153
     126
      79
      55
      55
      53
      51
      40
      35
      40
      38
      41
      45
      43
      40
      36
      55
      35
      39
      40
      42
      42
      39
      39
      42
      62
      44
      55
      54
      61
      41
      52
      63
      59
      53
      46
      44
      56
      40
      63
      55
      63
      32
      62
      50
      48
      65
      53
      53
      69
      72
      57
      70
      60
      79
      70
      86
      67
      88
      79
      95
     111
      96
     115
     119
     152
     135
     132
     138
     135
     166
     169
     172
     174
     163
     155
     161
     156
     130
     149
     136
     153
     136
     120
     156
     160
     109
     130
     144
     154
     108
     117
     119
     127
     134
     120
     121
     120
     117
     108
     135
     134
     133
     114
     130
     112
     106
     119
     118
     118
     129
     130
     122
     117
     148
     119
     113
     122
      92
     111
     120
     104
     109
     104
     116
     119
     117
     120
      88
     118
     134
     110
     142
     119
     112
     116
     124
     114
     127
     109
     114
     113
      99
     109
     108
     133
     141
     103
     120
     140
      87
     124
     109
     109
     101
     113
      93
     110
     100
     114
     115
     104
     113
     101
      93
     114
      85
     108
     105
      88
     101
      93
      97
     107
     108
     109
     104
     102
     106
      95
      97
      75
      92
      89
      90
      92
     103
      96
     105
     101
      98
     117
      92
     101
     115
      93
     115
      98
      93
      84
      97
     111
      96
     101
     102
      87
      95
     100
      81
      99
      88
      78
     115
      82
      90
      83
      91
     101
      95
      89
     106
      90
      81
     103
      95
     106
     104
      74
      77
     109
      77
      92
     102
      78
      94
      93
      79
      95
      73
      96
      96
      95
      76
      91
     107
      97
      89
      90
      88
      81
      90
     101
      92
      80
      87
      89
     104
      86
      76
      77
      83
     105
      94
      82
      93
      84
      90
      80
      84
      88
      88
     103
      80
      95
      84
      74
      58
      74
      94
      78
      87
      84
      82
      67
      72
      81
      72
      95
      66
      73
      75
      66
      60
      67
      64
      79
      76
      70
      66
      70
      57
      62
      75
      69
      50
      55
      63
      53
      69
      71
      54
      62
      70
      60
      76
      66
      54
      66
      62
      72
      64
      65
      67
      50
      65
      64
      59
      52
      81
      65
      76
      55
      67
      54
      74
      54
      52
      60
      45
      53
      50
      71
      55
      67
      59
      44
      51
      51
      45
      41
      55
      50
      54
      57
      46
      37
      49
      52
      56
      63
      47
      57
      65
      47
      64
      55
      47
      42
      47
      57
      45
      42
      52
      34
      43
      53
      32
      50
      42
      38
      44
      53
      56
      51
      50
      40
      54
      48
      48
      48
      47
      34
      49
      46
      47
      43
      53
      39
      52
      47
      39
      50
      43
      33
      47
      51
      41
      35
      39
      36
      44
      35
      39
      47
      39
      22
      42
      42
      40
      38
      40
      43
      32
      44
      38
      36
      41
      33
      26
      30
      46
      28
      39
      34
      36
      32
      31
      35
      26
      42
      26
      26
      27
      26
      33
      30
      23
      30
      25
      32
      24
      24
      24
      25
      23
      37
      35
      34
      27
      22
      29
      38
      26
      26
      27
      22
      29
      22
      20
      22
      19
      26
      22
      27
      29
      28
      19
      26
      19
      26
      30
      26
      20
      24
      24
      24
      20
      20
      36
      23
      19
      28
      27
      20
      20
      22
      18
      25
      23
      29
      29
      22
      22
      18
      27
      26
      22
      16
      20
      23
      18
      19
      24
      18
      22
      19
      25
      21
      14
      18
      25
      16
      17
      23
      16
      17
      21
      16
      23
      28
      18
      19
      22
      20
      24
      22
      15
      20
      30
      20
      17
      20
      16
      14
      21
      22
      20
      21
      19
      24
      17
      19
      19
      25
      21
      19
      29
      19
      15
      13
      21
      18
      23
      19
      25
      24
      23
      23
      23
      20
      30
      25
      19
      33
      37
      34
      21
      27
      23
      29
      25
      38
      22
      20
      28
      29
      37
      24
      36
      18
      36
      37
      38
      28
      24
      36
      35
      31
      45
      43
      30
      49
      45
      36
      45
      35
      39
      40
      27
      40
      47
      38
      27
      47
      50
      56
      42
      32
      41
      29
      41
      40
      42
      41
      28
      32
      57
      36
      39
      29
      39
      30
      33
      36
      39
      47
      54
      30
      36
      36
      42
      33
      34
      30
      36
      36
      27
      44
      30
      40
      29
      36
      34
      26
      27
      35
      35
      33
      22
      28
      23
      28
      36
      28
      24
      16
      19
      24
      27
      18
      25
      23
      21
      27
      28
      23
      28
      12
      19
      20
      21
      19
      30
      12
      14
      17
      16
      12
      18
      17
      17
      20
      14
      11
      16
      17
      16
      19
      12
      17
      12
      14
      16
      15
       9
      12
      10
      15
      12
      16
      12
      14
      10
       8
       9
      18
      12
      12
      13
      15
       8
      10
      10
      14
       6
       7
      15
       8
      13
       8
      11
      14
       6
       8
       8
      10
      13
       8
      11
      12
       6
      12
      13
      12
      11
       7
       9
      13
      13
       6
      12
       5
       9
       7
       9
       5
      11
      11
      13
       6
       8
      11
       3
       5
       8
       4
       6
      10
      11
      10
       7
       5
      14
      14
       7
       6
      10
       6
       6
       5
       6
       4
      11
       9
       5
       7
       7
       5
       7
       5
       6
       3
       4
       6
       5
       8
       3
       5
       4
       3
       9
       5
       5
       9
       6
       7
       6
       5
       4
       3
       7
       1
       3
       6
       6
       7
       6
       5
       6
       2
       5
       4
       2
       3
       8
       4
       4
       3
       5
      10
       7
       9
       5
       3
       2
       7
       7
       3
       3
       7
       8
       4
       4
       2
       4
       6
       8
       1
       2
       5
       7
       3
       8
       1
       5
       5
      10
       5
       2
       2
       4
       6
      11
       4
       8
       3
       2
       6
       5
       6
       3
       5
      10
       2
       6
       3
       1
       3
       4
       4
       3
       5
       7
       2
       1
       5
       4
       3
       4
       2
       3
       4
       5
       8
       3
       8
       4
       4
       5
       2
       4
       2
       4
       5
       5
       5
       6
       7
       3
       6
       3
       4
       2
       4
       7
       3
       8
       0
       6
       6
       4
       5
       7
       4
       6
       3
       5
       7
       3
       4
       7
       5
       4
       1
       6
       4
       4
       2
       3
       1
       6
       3
       5
       4
       4
       5
       3
       6
       4
       8
       3
       3
       5
       4
       3
       4
       7
       6
       5
       3
       4
       6
       4
       5
       4
       4
       5
       3
       6
       4
       1
       5
       5
       2
       5
       5
       8
      24
      15
      26
      31
      11
      20
      20
      10
      11
      23
      13
      20
      20
      12
      16
      16
      18
      16
      16
      12
      17
      17
       9
$ROI:
0
$PRESETS:
Real Time
420
0
$ENER_FIT:
0.000000 0.000000
$MCA_CAL:
3
0.000000E+000 0.000000E+000 0.000000E+000 
$SHAPE_CAL:
3
0.000000E+000 0.000000E+000 0.000000E+000
