$SPEC_ID:
No sample description was entered.
$SPEC_REM:
DET# 1
DETDESC# MCB 337
AP# Maestro Version 6.06
$DATE_MEA:
08/13/2020 17:08:56
$MEAS_TIM:
377 420
$DATA:
0 1023
       0
       0
       0
       0
       0
       0
       0
       0
       0
       0
       0
       0
       0
       0
       0
       0
       0
       0
       0
       2
       6
      98
    5205
    5497
    4725
    3951
    3255
    2823
    2378
    1907
    1670
    1435
    1283
    1169
     989
     970
     866
     799
     824
     815
     723
     768
     770
     776
     748
     752
     797
     795
     838
     786
     826
     861
     870
     938
     928
     944
     898
     891
     922
     878
     905
     895
     889
     867
     852
     915
     841
     855
     848
     872
     891
     912
     917
     935
     949
     936
     906
    1000
     960
    1058
    1036
    1095
    1252
    1271
    1427
    1532
    1658
    1828
    2014
    2231
    2356
    2522
    2637
    2715
    2870
    2725
    2794
    2663
    2542
    2372
    2302
    2243
    2195
    2029
    2109
    1978
    2055
    1945
    1892
    1858
    1769
    1651
    1552
    1507
    1389
    1312
    1255
    1243
    1202
    1131
    1036
    1044
    1113
    1004
    1008
    1041
     941
     987
    1003
    1026
    1010
     968
    1048
    1027
     971
    1036
    1028
    1035
    1069
    1088
    1077
    1071
    1151
    1079
    1176
    1119
    1149
    1228
    1190
    1187
    1103
    1201
    1178
    1210
    1202
    1217
    1188
    1260
    1185
    1228
    1223
    1241
    1210
    1232
    1306
    1321
    1191
    1292
    1315
    1335
    1282
    1335
    1287
    1246
    1287
    1325
    1296
    1323
    1363
    1242
    1324
    1275
    1319
    1280
    1348
    1284
    1321
    1360
    1284
    1364
    1366
    1310
    1389
    1359
    1378
    1308
    1399
    1317
    1407
    1381
    1416
    1378
    1416
    1360
    1367
    1345
    1431
    1358
    1417
    1358
    1334
    1484
    1419
    1448
    1453
    1417
    1479
    1540
    1523
    1523
    1604
    1503
    1520
    1544
    1602
    1627
    1664
    1676
    1678
    1691
    1721
    1623
    1710
    1688
    1737
    1711
    1828
    1821
    1763
    1771
    1815
    1799
    1670
    1730
    1772
    1785
    1764
    1769
    1710
    1794
    1799
    1762
    1754
    1776
    1787
    1772
    1795
    1779
    1747
    1678
    1776
    1779
    1734
    1737
    1716
    1648
    1774
    1706
    1742
    1683
    1710
    1712
    1617
    1610
    1723
    1584
    1616
    1625
    1639
    1620
    1592
    1606
    1647
    1600
    1602
    1489
    1635
    1582
    1547
    1665
    1597
    1591
    1652
    1599
    1537
    1546
    1559
    1554
    1632
    1490
    1533
    1515
    1530
    1551
    1527
    1464
    1613
    1517
    1597
    1560
    1496
    1525
    1503
    1503
    1492
    1536
    1580
    1471
    1472
    1546
    1521
    1512
    1496
    1504
    1517
    1503
    1539
    1470
    1452
    1526
    1545
    1509
    1445
    1541
    1483
    1449
    1440
    1381
    1456
    1491
    1460
    1446
    1433
    1386
    1393
    1442
    1465
    1450
    1388
    1433
    1382
    1349
    1446
    1371
    1381
    1345
    1363
    1365
    1361
    1365
    1332
    1321
    1329
    1289
    1331
    1348
    1339
    1284
    1315
    1321
    1269
    1291
    1206
    1275
    1304
    1225
    1210
    1266
    1266
    1224
    1216
    1215
    1196
    1207
    1192
    1168
    1111
    1164
    1170
    1155
    1112
    1209
    1109
    1158
    1205
    1159
    1147
    1129
    1095
    1082
    1091
    1106
    1139
    1101
    1117
    1088
    1092
    1059
    1084
    1065
    1057
    1065
    1077
    1080
    1015
     994
    1005
    1089
     995
    1006
     989
    1027
     972
    1003
    1015
    1010
     989
     892
    1003
     957
     961
    1002
     942
     968
     921
     927
     951
     970
     951
     923
     934
     910
     904
     926
     889
     959
     834
     929
     861
     876
     863
     924
     861
     874
     917
     914
     834
     855
     870
     906
     823
     824
     855
     836
     847
     872
     867
     832
     817
     849
     854
     811
     789
     853
     790
     809
     825
     853
     792
     736
     797
     775
     824
     828
     804
     751
     770
     761
     725
     774
     786
     743
     724
     744
     740
     748
     775
     708
     744
     752
     795
     738
     722
     753
     758
     704
     723
     741
     690
     707
     717
     714
     729
     752
     700
     653
     694
     687
     701
     664
     661
     686
     673
     641
     725
     652
     637
     681
     665
     645
     660
     655
     585
     650
     639
     619
     567
     573
     617
     601
     549
     589
     588
     609
     568
     536
     545
     516
     522
     578
     529
     510
     496
     551
     523
     482
     480
     507
     492
     506
     485
     470
     466
     450
     476
     436
     445
     420
     440
     429
     436
     415
     401
     431
     386
     407
     391
     365
     385
     404
     387
     429
     365
     395
     398
     407
     363
     380
     349
     363
     379
     381
     329
     329
     338
     333
     369
     325
     340
     315
     300
     321
     354
     306
     317
     323
     296
     353
     294
     340
     307
     283
     287
     287
     298
     281
     280
     257
     307
     285
     271
     293
     265
     252
     277
     274
     271
     260
     286
     265
     257
     268
     235
     223
     268
     240
     250
     251
     224
     261
     262
     223
     247
     197
     252
     244
     216
     236
     238
     246
     226
     223
     231
     223
     199
     204
     233
     188
     214
     221
     191
     212
     211
     218
     203
     181
     206
     206
     206
     200
     211
     199
     188
     198
     190
     199
     188
     202
     192
     175
     189
     203
     194
     176
     200
     197
     180
     203
     194
     195
     205
     178
     182
     197
     182
     208
     222
     207
     185
     213
     207
     197
     217
     195
     201
     208
     232
     196
     219
     232
     231
     217
     205
     210
     266
     224
     239
     226
     219
     257
     271
     287
     239
     283
     292
     310
     286
     324
     325
     340
     320
     391
     359
     395
     379
     392
     402
     434
     436
     493
     511
     465
     518
     543
     537
     538
     554
     597
     656
     623
     701
     666
     719
     717
     745
     762
     763
     801
     809
     796
     814
     825
     834
     904
     873
     931
     897
    1035
    1003
     968
     905
     998
    1032
     972
    1027
     986
     987
    1017
    1007
    1007
    1068
    1051
     918
     989
    1005
     945
     882
     970
     969
     882
     874
     830
     875
     820
     767
     798
     723
     721
     624
     608
     655
     630
     583
     555
     503
     471
     455
     482
     423
     443
     360
     355
     328
     332
     302
     300
     270
     243
     222
     207
     202
     158
     180
     151
     133
     129
     133
     101
     103
      93
      73
      57
      66
      63
      47
      49
      43
      58
      29
      46
      30
      34
      21
      26
      26
      21
      16
      13
      16
      10
      15
      11
      16
      10
       5
       7
       9
      11
      16
       6
       6
       6
      14
       5
       7
       7
       7
       5
       4
       7
       5
       6
       8
       8
       6
       6
       6
       6
       7
       0
       4
       8
       8
       6
       8
       5
       4
       8
       9
       6
       6
       4
       6
       6
      10
       9
       6
       6
       6
       4
       5
       8
       6
       4
       8
       3
       2
       6
       3
       9
       5
       4
       4
       9
       3
       2
       7
      10
       6
       4
      11
       4
       5
       6
       6
       7
       6
       4
       6
       6
       6
       7
       6
       9
       7
       9
       0
       6
       7
       4
       6
       5
       5
       7
       7
       3
       9
       7
       8
       8
       6
       9
       6
       3
       7
       6
       9
       4
       3
       5
       6
       7
       6
      15
       4
       2
       4
       4
       3
       5
       5
       8
       8
       4
       5
       4
       9
       4
       6
       3
       9
       4
       3
       4
       9
      10
       8
       4
      11
       4
       5
       4
       4
       7
       6
       5
       3
       7
       2
       3
       7
      25
      20
      27
      21
      22
      26
      27
      12
      14
      21
      27
      18
      20
      22
      19
      17
      29
      11
      22
      18
      18
      13
      12
$ROI:
0
$PRESETS:
Real Time
420
0
$ENER_FIT:
0.000000 0.000000
$MCA_CAL:
3
0.000000E+000 0.000000E+000 0.000000E+000 
$SHAPE_CAL:
3
0.000000E+000 0.000000E+000 0.000000E+000
