$SPEC_ID:
No sample description was entered.
$SPEC_REM:
DET# 1
DETDESC# MCB 337
AP# Maestro Version 6.06
$DATE_MEA:
08/13/2020 18:03:37
$MEAS_TIM:
119 120
$DATA:
0 1023
       0
       0
       0
       0
       0
       0
       0
       0
       0
       0
       0
       0
       0
       0
       0
       0
       0
       0
       0
       0
       0
       2
      15
      33
      22
      27
      28
      33
      31
      32
      39
      45
      42
      44
      57
      42
      69
      61
      62
      66
      65
      66
      62
      62
      58
      50
      51
      63
      59
      62
      62
      76
      42
      52
      57
      61
      60
      51
      58
      60
      49
      60
      60
      65
      54
      51
      53
      43
      54
      66
      56
      57
      62
      58
      57
      52
      30
      55
      40
      59
      49
      48
      38
      41
      40
      39
      49
      35
      38
      43
      46
      45
      42
      38
      34
      36
      43
      39
      37
      31
      37
      25
      30
      35
      45
      31
      28
      33
      33
      39
      19
      28
      26
      43
      36
      29
      37
      30
      32
      31
      35
      26
      26
      34
      22
      26
      23
      16
      21
      27
      34
      26
      25
      23
      20
      18
      23
      22
      21
      27
      19
      23
      24
      21
      19
      21
      19
      18
      25
      18
      18
      14
      16
      11
      15
      19
      13
      12
      19
      15
      20
      15
      16
      15
      13
       9
      16
      10
      10
      15
      15
       8
      15
      12
      13
      12
      14
       5
      13
       9
      17
      16
      14
       8
       5
      10
      14
       6
      14
       9
      10
       9
       8
       5
      13
      12
       8
       9
      11
       7
       9
       7
       9
       8
      13
      10
      11
       3
      12
       7
       8
       7
       9
       9
       6
       6
       5
       8
       3
       9
       7
       6
       8
       3
       6
       5
      12
       8
       8
       5
       6
       6
       8
       4
       5
       6
       7
       8
       9
       3
       4
       5
       5
       6
      10
       7
       8
       8
       8
      12
       5
       5
       6
       8
       2
       4
       4
       5
       9
       2
       7
      10
       7
       4
       5
       5
       6
       5
       8
       0
       4
       4
       4
       2
      11
       3
       2
       5
       4
       6
       8
      10
       5
       5
       3
       5
       8
       9
       5
       7
       5
       8
       3
       6
       5
       8
       4
       8
       5
       6
       7
       5
       4
       6
       8
       0
       6
       2
       8
       2
       7
       4
       1
       1
       3
       7
       7
       5
       3
      10
       4
       2
       5
       3
       3
       3
       4
       6
       7
       3
       5
       2
       5
       6
       1
       3
       4
       4
       2
       5
       4
       6
       6
       5
       5
       2
       5
       1
       3
       4
       3
       2
       4
       5
       0
       5
       3
       4
       3
       3
       3
       1
       1
       6
       2
       2
       1
       5
       4
       3
       3
       4
       9
       2
       3
       1
       1
       3
       3
       4
       9
       4
       4
       1
       3
       6
       2
       2
       2
       3
       5
       2
       2
       4
       2
       3
       5
       1
       1
       2
       3
       5
       5
       6
       2
       2
       3
       2
       7
       3
       1
       3
       4
       3
       6
       2
       4
       3
       3
       3
       3
       2
       2
       3
       2
       3
       4
       3
       2
       2
       0
       5
       5
       3
       2
       5
       0
       2
       1
       3
       3
       3
       5
       2
       2
       1
       2
       2
       6
       3
       4
       3
       1
       1
       4
       2
       2
       5
       3
       1
       1
       1
       1
       0
       3
       7
       3
       2
       0
       1
       1
       1
       1
       3
       2
       7
       3
       2
       2
       4
       4
       2
       2
       1
       0
       2
       3
       3
       2
       1
       1
       4
       0
       1
       3
       2
       1
       2
       0
       0
       3
       2
       2
       1
       0
       4
       0
       1
       1
       3
       1
       0
       1
       1
       2
       0
       2
       1
       4
       0
       3
       1
       1
       2
       3
       3
       3
       2
       1
       5
       2
       3
       3
       6
       2
       1
       2
       2
       1
       1
       3
       2
       0
       1
       1
       1
       3
       1
       0
       2
       1
       2
       3
       3
       2
       3
       2
       1
       1
       2
       2
       0
       2
       2
       1
       1
       2
       2
       5
       1
       1
       1
       0
       3
       1
       0
       0
       0
       1
       2
       1
       2
       2
       3
       1
       3
       3
       1
       4
       0
       3
       3
       1
       3
       1
       1
       3
       1
       0
       1
       1
       3
       2
       0
       1
       2
       0
       1
       0
       1
       0
       2
       3
       4
       1
       1
       0
       1
       1
       0
       2
       0
       1
       1
       1
       2
       1
       0
       0
       1
       2
       1
       0
       1
       1
       0
       1
       0
       0
       1
       0
       2
       2
       2
       2
       2
       0
       1
       1
       3
       1
       0
       3
       4
       1
       1
       1
       3
       0
       1
       0
       0
       3
       0
       2
       1
       2
       1
       1
       1
       4
       0
       1
       1
       2
       0
       0
       1
       2
       1
       0
       2
       2
       4
       2
       2
       3
       0
       2
       2
       5
       5
       3
       5
       6
       0
       1
       1
       2
       5
       4
       2
       2
       2
       1
       4
       1
       4
       3
       2
       1
       1
       2
       1
       2
       1
       0
       1
       1
       0
       1
       1
       2
       1
       0
       0
       0
       0
       2
       0
       0
       0
       1
       1
       0
       0
       0
       0
       0
       0
       0
       1
       0
       0
       4
       0
       0
       1
       0
       1
       0
       1
       0
       0
       0
       1
       0
       1
       1
       1
       0
       0
       0
       0
       1
       1
       0
       0
       1
       1
       0
       0
       0
       1
       1
       0
       1
       0
       0
       0
       0
       0
       0
       0
       0
       0
       1
       0
       0
       1
       1
       0
       0
       0
       0
       0
       0
       0
       2
       2
       0
       0
       1
       0
       0
       0
       0
       0
       0
       1
       0
       1
       0
       0
       0
       1
       2
       1
       0
       0
       0
       1
       0
       0
       0
       2
       1
       1
       2
       0
       0
       0
       0
       0
       1
       0
       2
       1
       0
       1
       0
       0
       1
       1
       0
       2
       2
       0
       0
       0
       0
       0
       0
       0
       0
       0
       1
       1
       0
       0
       0
       0
       0
       1
       0
       0
       0
       2
       0
       1
       1
       1
       2
       0
       1
       0
       2
       1
       0
       0
       0
       0
       1
       1
       0
       1
       0
       0
       0
       1
       0
       0
       1
       1
       0
       0
       0
       1
       0
       0
       0
       1
       1
       1
       0
       0
       0
       0
       0
       0
       1
       0
       0
       1
       2
       0
       0
       1
       0
       0
       0
       0
       1
       1
       0
       0
       0
       0
       0
       1
       0
       0
       0
       0
       0
       0
       0
       1
       0
       0
       0
       0
       0
       0
       0
       1
       0
       1
       0
       0
       0
       0
       0
       0
       1
       0
       0
       1
       0
       0
       1
       0
       0
       0
       1
       0
       0
       0
       0
       0
       0
       0
       0
       0
       1
       0
       0
       0
       1
       0
       0
       0
       0
       0
       0
       0
       0
       1
       0
       1
       1
       1
       0
       0
       0
       1
       0
       0
       0
       0
       0
       1
       3
       2
       1
       2
       1
       4
       0
       1
       1
       0
       2
       5
       0
       0
       0
       0
       1
       1
       1
       0
       3
       0
$ROI:
0
$PRESETS:
Real Time
120
0
$ENER_FIT:
0.000000 0.000000
$MCA_CAL:
3
0.000000E+000 0.000000E+000 0.000000E+000 
$SHAPE_CAL:
3
0.000000E+000 0.000000E+000 0.000000E+000
