$SPEC_ID:
No sample description was entered.
$SPEC_REM:
DET# 1
DETDESC# MCB 337
AP# Maestro Version 6.06
$DATE_MEA:
07/23/2020 16:12:20
$MEAS_TIM:
119 120
$DATA:
0 1023
       0
       0
       0
       0
       0
       0
       0
       0
       0
       0
       0
       0
       0
       0
       0
       0
       0
       0
       0
       0
       0
       5
      36
      57
      66
      75
      85
      81
     108
     101
      80
      80
      80
      79
     107
      84
     109
      94
      83
     101
      87
     106
      94
     102
      94
      84
      90
      80
      75
      87
      77
      75
      87
      87
      84
      87
      76
      84
      82
      78
      80
      97
      91
     100
      84
      84
      92
      86
      82
      76
      87
      72
      81
      61
      84
      77
      75
      69
      86
      82
      83
      71
      56
      69
      78
      69
      80
      60
      65
      82
      65
      71
      69
      59
      72
      51
      77
      81
      74
      67
      65
      78
      54
      70
      75
      61
      76
      62
      71
      61
      90
      70
      75
      65
      71
      61
      59
      64
      60
      57
      60
      60
      70
      48
      52
      49
      55
      44
      50
      65
      56
      50
      47
      58
      33
      51
      50
      59
      43
      56
      38
      37
      37
      49
      48
      42
      44
      45
      52
      42
      33
      43
      42
      33
      32
      35
      38
      42
      45
      35
      42
      27
      32
      31
      37
      37
      30
      38
      37
      35
      40
      31
      43
      30
      22
      38
      24
      24
      37
      29
      27
      21
      44
      38
      36
      36
      29
      30
      34
      26
      20
      36
      17
      27
      20
      28
      25
      26
      32
      17
      29
      20
      32
      25
      23
      21
      31
      20
      25
      23
      16
      22
      17
      19
      25
      17
      32
      21
      25
      26
      21
      21
      23
      22
      24
      24
      25
      25
      24
      20
      25
      18
      27
      30
      23
      24
      21
      26
      30
      23
      35
      25
      14
      24
      26
      23
      15
      18
      25
      16
      32
      29
      18
      19
      26
      10
      24
      27
      22
      21
      17
      17
      32
      11
      24
      21
      17
      20
      16
      15
      17
      19
      16
      19
      14
      19
      14
      19
      14
      27
      21
      18
      29
      22
      19
      21
      27
      25
      17
      19
      22
      31
      23
      24
      23
      18
      24
      24
      25
      21
      19
      20
      30
      24
      17
      30
      23
      26
      18
      19
      23
      25
      34
      17
      19
      29
      30
      15
      14
      12
      20
      19
      19
       9
      17
      15
      18
      21
      29
      19
      24
      24
      23
      16
      27
      19
      21
      11
      19
      21
      19
      22
      15
      17
      20
      20
      14
      14
      22
      19
      18
      13
      21
      20
      23
      18
      24
      22
      23
      11
      23
      18
      18
      14
      25
      28
      20
      12
      14
      16
      18
      18
      22
      20
      15
      29
      21
      25
      22
      26
      14
      23
      13
      18
      24
      21
      18
      21
      17
      26
      27
      24
      19
      18
      28
      15
      16
      23
      19
      18
      19
      17
      32
      21
      13
      20
      14
      23
      16
      17
      26
      22
      31
      17
      21
      21
      14
      19
      21
      22
      21
      18
      23
      25
      24
      20
      23
      20
      20
      24
      27
      20
      20
      27
      28
      23
      26
      14
      14
      24
      21
      24
      24
      17
      14
      22
      22
      18
      23
      17
      15
      15
      20
      14
      19
      14
      16
      18
      22
      14
      14
      19
      15
      16
      13
      12
      20
      12
      14
      19
      13
      13
      14
       7
      16
      13
      14
      15
      11
      14
      20
      12
      14
      15
      15
      18
      16
      19
      13
      15
      15
      15
      15
       8
      16
      14
      22
      10
       9
      10
      10
       9
      11
      13
      10
       8
      15
      13
       7
      14
      15
      16
      17
      12
       9
      12
      19
      12
      15
      20
      20
      18
      18
      27
      30
      25
      23
      26
      28
      44
      39
      41
      42
      38
      59
      45
      50
      50
      48
      45
      56
      43
      38
      46
      46
      50
      42
      40
      47
      38
      42
      39
      27
      32
      36
      32
      25
      19
      22
      12
      19
      12
      16
      11
       9
      14
      10
       6
       7
       6
       6
       5
       5
       3
       5
       6
       4
       1
       3
       6
       2
       2
      11
       6
       4
       7
       9
      10
       5
      12
      11
      15
      14
      17
      15
      20
      25
      20
      26
      28
      20
      22
      34
      39
      39
      28
      44
      37
      33
      43
      26
      50
      38
      38
      36
      38
      32
      36
      36
      40
      30
      34
      30
      29
      28
      26
      24
      18
      19
      28
      23
      14
      10
       9
      15
       9
      10
      10
       9
       7
       9
       4
       5
       5
       7
       6
       5
       6
       8
       2
       6
       0
       4
       3
       4
       4
       6
       3
       7
       3
       1
       3
       5
       2
       3
       4
       4
       1
       6
       6
       2
       4
       2
       7
       6
       7
       2
       2
       3
       6
       4
       3
       0
       1
       4
       6
       2
       0
       4
       1
       4
       3
       2
       1
       1
       1
       3
       3
       2
       0
       1
       1
       0
       0
       1
       0
       1
       2
       0
       0
       2
       2
       1
       2
       1
       1
       1
       0
       1
       2
       3
       3
       1
       0
       3
       3
       0
       1
       1
       3
       2
       2
       2
       0
       0
       0
       1
       3
       1
       1
       0
       1
       2
       0
       0
       1
       2
       0
       2
       1
       1
       1
       1
       3
       0
       0
       1
       1
       1
       1
       1
       1
       1
       1
       0
       1
       1
       0
       1
       1
       0
       1
       2
       0
       2
       0
       1
       1
       0
       1
       0
       6
       0
       1
       0
       3
       2
       1
       0
       1
       1
       1
       0
       0
       1
       2
       1
       0
       3
       2
       0
       1
       0
       0
       2
       1
       0
       1
       0
       1
       0
       0
       3
       1
       1
       1
       0
       1
       1
       0
       3
       1
       1
       0
       0
       0
       1
       1
       0
       0
       0
       2
       0
       0
       1
       1
       1
       2
       2
       1
       2
       1
       2
       0
       0
       1
       1
       2
       0
       0
       2
       0
       0
       0
       3
       2
       0
       0
       1
       0
       1
       3
       1
       1
       1
       0
       1
       0
       1
       0
       1
       1
       1
       1
       0
       0
       1
       0
       1
       0
       0
       0
       0
       0
       1
       0
       0
       0
       2
       1
       0
       0
       2
       1
       0
       1
       1
       0
       1
       0
       0
       0
       2
       0
       0
       0
       0
       0
       0
       1
       0
       0
       0
       0
       0
       1
       0
       0
       0
       0
       1
       0
       0
       0
       0
       1
       0
       0
       1
       2
       0
       3
       2
       0
       0
       0
       0
       1
       0
       0
       0
       1
       0
       1
       1
       2
       0
       1
       1
       0
       0
       0
       1
       0
       2
       1
       0
       0
       1
       0
       2
       2
       0
       0
       2
       2
       0
       0
       1
       1
       0
       1
       2
       0
       3
       0
       1
       0
       0
       1
       2
       0
       0
       0
       0
       2
       0
       0
       0
       2
       0
       1
       0
       0
       1
       1
       0
       1
       0
       1
       0
       3
       4
       1
       1
       0
       2
       2
       5
       0
       4
       4
       1
       2
       3
       0
       3
       1
       1
       2
       2
       2
       0
       1
$ROI:
0
$PRESETS:
Real Time
120
0
$ENER_FIT:
0.000000 0.000000
$MCA_CAL:
3
0.000000E+000 0.000000E+000 0.000000E+000 
$SHAPE_CAL:
3
0.000000E+000 0.000000E+000 0.000000E+000
